-0.04 -0.78 -0.07 -16.79 1.82 10.99
-0.10 -0.84 -0.06 -27.10 1.15 12.24
-0.15 -0.96 -0.04 -32.67 -0.03 13.53
-0.22 -1.03 -0.03 -35.66 -1.33 16.23
-0.30 -1.18 -0.01 -37.39 -3.65 15.56
-0.42 -1.30 -0.07 -36.11 -5.25 14.09
-0.52 -1.33 -0.13 -35.15 3.05 16.11
-0.79 -1.44 -0.19 -33.54 6.73 11.33
-1.08 -1.46 -0.17 -34.66 9.19 10.93
-1.38 -1.54 -0.26 -34.23 15.86 14.43
-1.76 -1.64 -0.23 -32.98 23.51 13.16
-1.94 -1.87 -0.17 -26.21 23.50 11.16
-2.18 -1.94 -0.15 -9.21 17.79 -0.31
-2.38 -1.78 -0.06 -0.31 8.95 -10.99
-2.70 -1.90 0.10 16.46 -13.65 -17.86
-2.61 -1.74 0.05 42.92 -39.15 -24.08
-2.21 -1.32 -0.23 72.55 -47.31 -13.97
-1.77 -0.91 -0.40 95.31 -34.50 4.37
-1.36 -0.46 -0.50 114.40 -21.48 11.74
-0.87 -0.08 -0.48 124.90 2.72 33.73
-0.55 0.30 -0.39 128.40 24.41 57.24
-0.33 0.42 -0.06 120.85 34.26 83.07
0.20 0.38 0.09 108.31 37.08 107.30
0.56 0.02 0.42 89.53 30.58 106.02
1.34 -0.41 0.37 77.97 36.98 107.21
2.09 -0.50 0.35 70.23 77.42 113.85
2.34 -0.57 0.44 57.04 135.19 118.82
1.97 -0.88 0.85 43.21 181.73 130.78
1.27 -1.50 1.39 39.59 185.45 136.32
0.85 -2.09 1.68 65.15 147.28 117.82
0.75 -2.31 1.78 59.36 99.22 86.09
1.11 -2.46 1.39 43.39 56.90 49.13
1.47 -2.41 0.98 39.36 31.11 5.77
1.76 -2.28 0.64 47.04 19.25 -20.79
1.84 -2.11 0.40 62.09 18.29 -40.99
1.59 -1.78 0.32 75.51 14.18 -62.27
1.35 -1.33 0.29 73.94 5.89 -76.09
1.05 -1.00 0.36 63.98 -6.98 -88.37
0.77 -0.64 0.43 45.05 -26.05 -95.01
0.55 -0.50 0.53 20.06 -49.68 -100.56
0.47 -0.49 0.55 3.60 -72.03 -102.50
0.51 -0.39 0.54 -10.85 -90.23 -100.29
0.62 -0.39 0.51 -21.92 -104.53 -97.80
0.82 -0.44 0.45 -23.04 -113.18 -101.07
1.11 -0.44 0.39 -24.60 -110.53 -103.60
1.25 -0.47 0.42 -21.27 -102.27 -97.65
1.30 -0.36 0.52 -23.37 -99.04 -89.15
1.31 -0.27 0.55 -38.73 -101.91 -83.54
1.28 -0.10 0.51 -78.55 -108.61 -94.35
1.35 -0.14 0.35 -113.66 -112.64 -112.02
1.34 -0.18 0.26 -126.03 -105.47 -111.71
1.37 -0.15 0.19 -119.47 -90.47 -91.80
1.01 -0.06 0.13 -99.94 -82.93 -58.34
0.54 0.00 0.16 -90.66 -86.43 -17.71
-0.13 -0.15 -0.26 -102.93 -90.14 8.81
-0.53 -0.12 -0.72 -157.21 -80.73 25.13
-0.72 -1.04 -1.08 -194.32 -22.37 51.63
-1.48 -2.29 -0.59 -172.38 18.87 71.95
-2.05 -2.98 -0.15 -105.25 42.61 87.34
-2.70 -3.38 0.65 -23.73 30.06 96.66
-2.48 -3.01 0.60 37.30 0.73 69.48
-2.29 -2.23 0.66 51.33 -17.45 40.78
-1.82 -1.66 0.43 50.99 -23.25 30.73
-1.44 -1.16 0.23 24.41 -17.97 20.21
-1.22 -1.04 0.14 -9.11 -6.93 6.72
-1.06 -1.12 0.13 -38.53 1.60 -2.81
-0.86 -1.23 0.06 -42.31 9.47 -16.66
-0.70 -1.26 -0.06 -48.99 18.50 -28.81
-0.39 -1.07 -0.07 -22.32 30.41 -30.09
-0.40 -0.87 -0.17 -12.02 34.11 -17.82
-0.23 -0.61 -0.15 -2.29 45.18 -6.61
-0.18 -0.58 -0.29 -5.31 52.00 -2.24
-0.25 -0.62 -0.25 -13.98 54.58 1.27
-0.40 -0.68 -0.05 -11.63 37.89 -0.15
-0.43 -0.79 0.04 -8.64 18.85 1.15
-0.29 -0.85 0.01 -2.85 6.85 -3.05
-0.19 -0.83 -0.04 1.16 1.63 -4.23
-0.12 -0.77 -0.08 -2.09 -0.26 -4.79
-0.10 -0.74 -0.10 -11.37 -3.11 -7.42
-0.05 -0.81 -0.16 -21.28 -3.71 -7.36
0.03 -0.94 -0.24 -23.89 1.47 -6.06
0.02 -1.03 -0.23 -21.18 7.22 -2.46
-0.01 -1.10 -0.20 -14.03 11.83 1.66
-0.04 -1.14 -0.15 -7.04 14.02 4.75
-0.05 -1.14 -0.11 -2.06 15.85 7.15
-0.08 -1.15 -0.07 2.02 16.85 6.85
-0.14 -1.18 -0.01 4.49 14.55 4.46
-0.13 -1.20 0.01 7.47 12.64 1.95
-0.15 -1.19 0.05 9.77 10.06 -4.52
-0.14 -1.14 0.09 8.17 7.57 -10.72
-0.12 -1.11 0.10 8.92 5.37 -12.47
-0.12 -1.03 0.11 8.66 1.77 -11.33
-0.03 -0.94 0.09 3.44 -0.63 -10.46
-0.04 -0.93 0.04 -3.33 -3.05 -7.88
-0.03 -0.92 0.03 -5.97 -3.69 -3.31
0.03 -0.93 -0.02 -9.21 -1.80 0.17
-0.06 -0.99 0.00 -13.33 -0.81 -0.47
0.03 -1.04 -0.00 -12.40 0.76 -2.15
0.01 -1.06 -0.01 -7.92 1.57 -0.44
0.02 -1.05 -0.02 -3.05 3.62 1.40
