0.02 -1.04 -0.09 1.56 -9.27 -19.56
0.03 -1.04 -0.12 1.73 -7.88 -20.14
0.03 -1.02 -0.13 1.40 -6.43 -21.86
0.01 -0.99 -0.15 1.01 -4.70 -21.97
-0.02 -0.98 -0.13 -0.41 -2.82 -22.26
-0.06 -1.00 -0.11 -1.05 -2.84 -23.45
-0.04 -1.02 -0.08 0.44 -0.76 -23.89
-0.08 -1.01 -0.06 2.37 1.31 -24.50
-0.14 -1.05 0.02 5.68 0.12 -24.41
-0.11 -1.01 0.03 12.09 -1.01 -21.95
-0.07 -0.92 0.04 17.11 0.21 -16.96
-0.05 -0.84 0.04 20.72 -0.27 -12.55
-0.03 -0.69 0.07 14.79 -6.23 -13.08
0.05 -0.68 0.05 2.37 -11.63 -17.28
0.14 -0.75 0.06 -5.39 -14.85 -20.34
0.22 -0.80 0.06 -5.13 -14.90 -19.30
0.30 -0.76 0.05 -5.50 -12.90 -14.47
0.42 -0.75 0.00 -3.51 -7.37 -9.19
0.47 -0.69 -0.01 -11.10 0.52 -8.03
0.49 -0.74 -0.01 -14.75 2.95 -9.22
0.51 -0.81 0.05 -13.54 8.37 -3.59
0.50 -0.89 0.09 -3.69 12.32 4.84
0.54 -0.88 0.09 3.63 16.09 11.39
0.57 -0.74 0.06 -0.32 19.22 12.24
0.58 -0.78 0.07 -8.20 21.68 11.57
0.60 -0.84 0.11 -13.82 27.50 15.48
0.64 -0.94 0.10 -11.47 31.25 20.93
0.55 -0.96 0.26 -9.28 30.87 27.18
0.56 -0.99 0.31 -7.57 26.50 24.23
0.67 -0.99 0.31 -8.82 30.49 26.27
0.65 -1.02 0.36 -6.61 31.48 25.34
0.64 -1.06 0.43 -3.97 29.05 21.97
0.63 -1.04 0.47 1.30 25.82 21.63
0.67 -1.01 0.47 5.15 24.82 21.28
0.68 -0.93 0.51 3.79 20.43 15.31
0.70 -0.88 0.50 -2.15 17.44 9.05
0.72 -0.90 0.52 -3.73 14.93 4.58
0.67 -0.90 0.55 -2.44 9.07 0.15
0.68 -0.86 0.56 -4.21 3.21 -1.86
0.73 -0.86 0.54 -1.53 0.72 -2.58
0.73 -0.83 0.50 1.62 0.05 -3.34
0.67 -0.78 0.51 1.44 -4.08 -7.91
0.68 -0.75 0.48 -1.04 -7.39 -12.32
0.67 -0.76 0.47 1.01 -9.19 -13.04
0.65 -0.75 0.45 2.82 -8.37 -11.95
0.58 -0.70 0.42 1.08 -7.57 -10.69
0.47 -0.72 0.45 -2.03 -16.06 -13.42
0.45 -0.75 0.46 -4.24 -23.04 -13.24
0.47 -0.86 0.46 -1.16 -28.73 -14.14
0.53 -0.90 0.42 7.98 -28.55 -15.13
0.48 -0.88 0.39 15.50 -30.49 -16.31
0.46 -0.81 0.35 21.60 -33.54 -15.95
0.45 -0.69 0.25 19.97 -33.60 -13.15
0.44 -0.63 0.22 8.06 -33.11 -9.40
0.41 -0.67 0.21 -1.33 -31.97 -5.19
0.39 -0.74 0.20 -4.84 -31.36 0.23
0.33 -0.80 0.20 -6.84 -33.08 3.83
0.36 -0.96 0.20 -1.82 -36.14 3.42
0.42 -1.04 0.15 10.49 -35.68 1.48
0.45 -0.96 0.07 20.75 -30.98 0.79
0.41 -0.84 -0.00 23.74 -26.85 -0.12
0.34 -0.64 -0.09 12.49 -25.73 -2.40
0.28 -0.63 -0.11 -10.05 -23.34 -3.45
0.16 -0.70 0.01 -27.07 -16.40 1.74
-0.45 -0.89 0.35 -35.34 -11.51 2.93
0.16 -1.00 -0.06 -28.89 -7.30 14.76
0.13 -1.15 -0.04 -23.34 -5.89 20.96
0.15 -1.23 -0.04 -14.53 -1.01 23.34
0.11 -1.27 0.01 -7.16 -3.56 13.56
0.14 -1.21 -0.03 -0.38 -2.81 3.91
0.09 -1.06 -0.07 5.62 -2.82 1.74
0.11 -0.93 -0.14 7.71 0.66 0.84
0.13 -0.70 -0.26 -2.58 8.20 10.79
0.01 -0.66 -0.28 -21.48 10.24 12.84
-0.01 -0.76 -0.23 -39.86 12.32 19.01
-0.05 -1.04 -0.13 -44.06 12.90 19.57
-0.07 -1.32 0.00 -35.89 11.85 18.78
-0.02 -1.47 0.05 -12.87 13.79 17.69
-0.05 -1.35 0.01 2.81 15.24 13.98
-0.06 -1.18 -0.04 6.41 14.49 9.45
-0.09 -1.05 -0.06 1.83 11.57 5.24
-0.04 -1.01 -0.06 -5.31 10.95 2.61
-0.00 -1.05 -0.02 -6.93 12.14 1.94
0.00 -1.08 0.03 -2.58 12.27 2.81
0.01 -1.06 0.06 3.82 11.73 4.61
0.05 -1.01 0.07 10.27 10.40 5.34
0.12 -0.94 0.05 13.88 9.79 4.67
0.15 -0.84 0.04 12.20 9.13 3.83
0.17 -0.79 0.05 7.97 8.23 2.99
0.20 -0.80 0.08 6.03 8.24 4.93
0.19 -0.79 0.09 4.82 8.14 8.29
0.19 -0.80 0.11 2.41 6.47 12.26
0.24 -0.87 0.11 3.34 6.35 15.85
0.25 -0.88 0.12 2.73 4.27 15.60
0.27 -0.90 0.13 -0.75 2.00 10.82
0.28 -0.92 0.11 -1.91 1.24 8.34
0.30 -0.97 0.12 -0.98 1.39 7.73
0.31 -0.97 0.11 0.78 2.44 6.93
0.32 -0.98 0.11 2.37 3.42 7.34
0.32 -0.96 0.10 3.89 4.38 8.46
