-0.17 -0.98 0.06 -4.50 -0.11 1.19
-0.17 -0.98 0.04 -3.60 -0.23 1.13
-0.16 -0.98 0.04 -2.79 0.08 0.85
-0.16 -0.97 0.02 -2.53 0.79 1.15
-0.18 -0.96 0.02 -2.53 1.65 1.07
-0.20 -0.95 0.01 -3.63 1.22 0.69
-0.22 -0.94 0.00 -5.25 0.34 0.26
-0.23 -0.94 -0.00 -6.82 -1.57 0.05
-0.22 -0.95 0.01 -7.80 -3.15 0.72
-0.20 -0.98 -0.00 -7.02 -4.27 1.30
-0.18 -0.99 -0.01 -5.27 -4.96 1.02
-0.13 -0.99 -0.03 -4.26 -3.86 -0.60
-0.11 -0.97 -0.03 -4.31 -2.17 -2.11
-0.10 -0.96 -0.05 -5.42 0.20 -2.92
-0.10 -0.95 -0.07 -6.15 2.95 -3.04
-0.14 -0.95 -0.08 -7.33 4.72 -3.30
-0.19 -0.97 -0.05 -8.06 4.58 -4.23
-0.19 -0.98 -0.08 -8.27 5.18 -4.53
-0.22 -1.00 -0.08 -9.85 4.73 -7.54
-0.23 -1.02 -0.07 -10.66 4.26 -11.39
-0.22 -1.02 -0.05 -10.38 4.12 -13.97
-0.23 -1.00 -0.05 -9.85 3.15 -16.05
-0.21 -0.98 -0.06 -9.45 2.20 -14.90
-0.20 -0.95 -0.07 -10.31 2.29 -11.40
-0.16 -0.93 -0.08 -12.12 3.50 -7.05
-0.13 -0.95 -0.10 -14.89 5.04 -5.39
-0.13 -0.98 -0.08 -16.73 6.63 -5.82
-0.13 -1.00 -0.08 -17.53 7.42 -7.94
-0.13 -1.01 -0.08 -18.64 8.21 -11.40
-0.11 -1.04 -0.07 -17.92 10.61 -13.01
-0.13 -1.04 -0.06 -16.55 12.15 -13.59
-0.14 -1.03 -0.06 -16.23 12.20 -15.91
-0.13 -1.02 -0.06 -15.16 12.64 -16.63
-0.13 -1.00 -0.08 -13.94 14.32 -15.19
-0.12 -0.94 -0.09 -14.52 16.32 -13.02
-0.11 -0.89 -0.09 -17.51 17.82 -10.63
-0.13 -0.87 -0.10 -22.43 19.31 -9.60
-0.15 -0.87 -0.08 -26.90 19.24 -8.06
-0.14 -0.93 -0.08 -30.11 19.82 -6.64
-0.11 -0.97 -0.06 -30.92 20.63 -5.91
-0.08 -0.97 -0.06 -32.12 22.69 -6.03
-0.07 -1.00 -0.07 -32.38 25.07 -7.27
-0.12 -1.00 -0.06 -34.73 26.44 -10.89
-0.14 -1.02 -0.03 -34.78 25.19 -12.43
-0.13 -1.02 -0.03 -32.32 25.76 -9.16
-0.12 -0.99 -0.03 -31.27 27.05 -4.40
-0.10 -0.99 -0.02 -29.86 29.21 0.18
-0.05 -0.97 -0.03 -30.18 32.79 4.08
-0.06 -0.94 -0.04 -33.44 35.86 3.86
-0.07 -0.95 -0.03 -37.77 36.18 1.15
-0.09 -0.96 -0.03 -42.37 36.34 -1.56
-0.10 -0.99 -0.00 -44.64 35.31 -2.96
-0.12 -1.04 0.02 -43.19 33.57 -0.55
-0.06 -1.08 0.02 -36.73 36.12 4.92
-0.02 -1.07 -0.01 -29.83 41.85 9.44
-0.04 -1.01 -0.01 -26.55 47.63 8.64
-0.08 -0.93 -0.03 -28.38 49.50 2.60
-0.15 -0.89 -0.03 -34.35 48.73 -4.69
-0.21 -0.89 -0.01 -40.20 44.63 -9.34
-0.21 -0.92 0.00 -43.82 39.88 -7.60
-0.17 -0.94 0.00 -44.03 38.00 0.05
-0.10 -0.97 -0.04 -43.37 40.09 9.05
-0.05 -0.97 -0.05 -42.06 46.23 15.63
-0.10 -1.00 -0.05 -42.02 49.94 13.45
-0.16 -0.98 -0.04 -44.50 47.77 6.75
-0.22 -1.03 -0.01 -47.30 41.47 -3.98
-0.22 -1.07 0.02 -48.40 36.03 -8.14
-0.18 -1.11 0.01 -45.22 33.51 -5.16
-0.13 -1.12 0.02 -39.25 33.85 2.70
-0.09 -1.11 0.02 -32.46 34.66 9.39
-0.05 -1.09 -0.00 -25.74 37.91 15.91
-0.09 -1.06 -0.00 -19.62 40.92 17.85
-0.14 -1.01 0.01 -15.62 41.69 15.07
-0.22 -0.95 0.04 -15.62 37.39 7.57
-0.25 -0.92 0.05 -18.52 30.26 0.31
-0.25 -0.95 0.08 -18.84 23.24 -2.21
-0.22 -1.00 0.09 -14.11 18.69 0.55
-0.17 -1.00 0.08 -8.05 16.05 5.69
-0.14 -0.97 0.05 -2.90 14.61 9.91
-0.12 -0.92 0.04 -2.08 12.75 10.70
-0.11 -0.88 0.01 -5.25 10.99 9.21
-0.08 -0.90 -0.00 -9.30 9.27 8.79
-0.08 -0.95 0.00 -11.13 8.14 9.74
-0.09 -1.00 0.04 -10.56 6.26 12.12
-0.09 -1.07 0.07 -4.87 3.86 14.26
-0.08 -1.09 0.06 2.72 1.50 13.44
-0.09 -1.10 0.07 10.67 -1.51 9.42
-0.07 -1.06 0.04 16.99 -4.08 3.65
-0.10 -0.97 0.00 18.02 -5.91 -2.31
-0.11 -0.93 -0.02 15.16 -8.18 -6.55
-0.16 -0.93 -0.01 11.53 -11.10 -7.31
-0.16 -0.96 0.03 10.38 -14.27 -6.14
-0.17 -1.00 0.04 12.92 -17.13 -3.77
-0.18 -0.97 0.04 15.42 -19.98 -3.65
-0.17 -0.93 0.01 14.34 -23.42 -5.79
-0.18 -0.93 -0.01 12.37 -26.17 -7.89
-0.24 -0.93 0.01 8.41 -31.08 -10.31
-0.24 -0.95 0.02 5.92 -36.58 -10.85
-0.22 -1.00 0.04 4.37 -40.63 -8.31
-0.20 -1.05 0.07 7.50 -43.40 -6.29
