0.19 -0.99 0.03 -4.10 4.58 -4.50
0.17 -0.99 0.04 -2.82 4.40 -3.57
0.18 -0.98 0.04 -0.89 3.97 -2.04
0.18 -0.98 0.05 0.02 4.18 -1.10
0.16 -0.94 0.05 -0.77 4.15 0.18
0.15 -0.97 0.06 -0.94 3.27 0.72
0.14 -0.98 0.04 -0.97 2.69 1.20
0.12 -1.01 0.05 0.15 2.32 1.05
0.11 -1.00 0.04 0.09 2.25 -0.63
0.08 -0.98 0.02 -3.47 2.40 -4.07
0.04 -1.00 0.02 -6.95 2.82 -6.52
-0.04 -1.04 0.01 -8.92 1.89 -8.28
-0.11 -1.07 -0.00 -8.85 -0.22 -9.12
-0.18 -1.10 -0.05 -7.58 -3.09 -11.83
-0.25 -1.11 -0.10 -7.19 -6.79 -15.69
-0.33 -1.05 -0.18 -9.46 -9.27 -19.23
-0.43 -0.99 -0.24 -17.56 -10.63 -22.38
-0.52 -1.03 -0.28 -25.33 -13.24 -26.41
-0.54 -1.04 -0.32 -28.44 -14.17 -27.56
-0.61 -1.05 -0.34 -25.05 -14.50 -25.95
-0.68 -0.98 -0.34 -22.40 -18.51 -24.29
-0.73 -0.93 -0.33 -17.55 -22.50 -21.51
-0.65 -0.87 -0.34 -19.20 -27.16 -17.11
-0.56 -0.94 -0.35 -14.16 -29.43 -12.68
-0.52 -0.94 -0.30 -11.10 -32.89 -11.56
-0.42 -1.08 -0.28 0.04 -36.82 -11.66
-0.30 -1.10 -0.26 17.26 -40.92 -8.01
-0.14 -1.01 -0.30 28.27 -41.92 -7.60
0.05 -0.75 -0.27 20.11 -40.21 -6.85
0.26 -0.70 -0.27 8.23 -32.86 -3.60
0.49 -0.75 -0.23 1.34 -21.71 4.15
0.56 -0.82 -0.10 -0.92 -11.13 12.24
0.63 -0.95 -0.02 8.08 -4.12 20.84
0.66 -0.93 0.03 22.17 5.88 36.24
0.62 -0.74 0.18 14.46 8.60 42.98
0.75 -0.89 0.22 14.45 10.47 41.88
0.90 -0.88 0.26 9.55 16.18 40.81
1.09 -0.95 0.26 8.79 27.90 48.41
1.17 -1.00 0.33 13.92 39.74 58.34
1.19 -1.05 0.43 15.03 45.95 61.31
1.13 -1.13 0.54 14.21 43.89 53.09
1.14 -1.18 0.62 9.46 39.28 41.56
1.14 -1.29 0.66 8.86 35.99 29.93
1.15 -1.25 0.69 7.37 28.79 17.47
1.12 -1.30 0.68 9.24 23.21 7.41
1.02 -1.29 0.69 15.27 16.09 -0.92
0.94 -1.17 0.67 17.30 8.25 -11.50
0.86 -1.05 0.65 14.03 -2.42 -24.28
0.81 -0.93 0.59 6.45 -11.15 -36.44
0.77 -0.89 0.53 0.63 -18.66 -44.55
0.74 -0.88 0.47 -3.16 -22.35 -46.68
0.68 -0.90 0.45 -5.73 -24.78 -48.90
0.54 -0.95 0.46 -9.37 -30.62 -55.11
0.61 -1.07 0.36 -2.31 -38.47 -61.47
0.60 -1.06 0.33 11.44 -42.05 -63.16
0.59 -0.94 0.26 26.24 -44.74 -60.76
0.65 -0.71 0.14 32.73 -46.18 -56.35
0.72 -0.49 0.02 29.24 -42.86 -50.63
0.86 -0.39 -0.20 17.14 -36.67 -39.65
0.63 -0.14 -0.03 -6.40 -25.37 -23.74
0.50 0.23 -0.03 -38.51 -12.46 -9.66
0.35 -0.37 -0.14 -54.15 -6.37 3.02
0.17 -0.81 -0.10 -57.52 -13.83 11.96
0.25 -1.11 -0.19 -42.14 -12.95 21.18
0.26 -1.10 -0.16 -23.37 -8.35 25.75
0.04 -0.62 -0.02 -39.03 3.02 20.56
0.11 -1.06 -0.39 -20.02 5.02 3.18
-0.04 -0.81 -0.35 -20.82 11.37 12.07
-0.14 -0.54 -0.45 -32.53 17.85 25.09
-0.36 -0.44 -0.47 -58.41 25.88 43.89
-0.59 -0.69 -0.45 -88.52 28.03 58.63
-0.88 -1.34 -0.28 -98.76 18.37 59.80
-0.79 -1.98 -0.24 -76.95 11.77 55.85
-0.70 -2.00 -0.18 -29.90 12.66 41.70
-0.67 -2.00 -0.12 18.27 9.56 19.14
-0.59 -1.82 -0.15 49.47 7.53 3.85
-0.45 -1.25 -0.20 58.05 9.81 -6.16
-0.36 -0.66 -0.21 37.99 11.62 -9.14
-0.32 -0.43 -0.18 6.34 11.84 -6.52
-0.28 -0.49 -0.15 -20.25 9.86 0.85
-0.21 -0.77 -0.11 -30.04 9.50 8.11
-0.14 -1.01 -0.08 -22.39 8.80 10.95
-0.15 -1.14 0.01 -8.86 4.39 6.47
-0.12 -1.14 0.03 6.00 -2.82 0.02
-0.01 -1.02 -0.02 17.56 -7.47 -2.31
0.11 -0.79 -0.10 17.31 -5.82 -3.95
0.12 -0.65 -0.10 5.70 -4.54 -3.27
0.12 -0.67 -0.08 -6.51 -4.02 1.14
0.16 -0.81 -0.08 -12.11 -3.45 8.04
0.21 -0.94 -0.07 -11.50 -1.90 11.57
0.22 -1.07 -0.06 -6.02 -0.35 10.42
0.21 -1.11 -0.03 1.14 -1.47 6.94
0.23 -1.09 -0.04 7.87 -1.98 4.13
0.28 -1.00 -0.06 11.18 -1.21 4.74
0.26 -0.94 -0.06 9.47 -0.18 4.81
0.26 -0.91 -0.06 5.38 -0.09 6.24
0.29 -0.92 -0.08 2.43 1.98 8.68
0.27 -0.94 -0.07 -0.79 4.46 9.82
0.24 -0.99 -0.06 -2.81 5.13 9.44
0.24 -1.04 -0.05 -1.32 5.59 8.56
