0.05 -0.92 0.02 -1.22 3.30 4.34
-0.00 -0.91 -0.00 -7.59 2.20 6.78
-0.05 -0.96 -0.06 -14.66 3.05 11.68
-0.21 -1.05 -0.11 -21.53 4.29 16.24
-0.41 -1.16 -0.23 -25.79 8.38 22.63
-0.63 -1.27 -0.35 -22.73 21.25 37.76
-0.86 -1.31 -0.46 -12.96 43.76 61.92
-1.10 -1.35 -0.47 3.34 70.06 91.73
-1.39 -1.38 -0.38 28.02 92.27 111.89
-1.77 -1.18 -0.24 44.52 104.29 124.79
-2.30 -1.07 0.03 44.92 100.95 127.44
-2.91 -1.33 0.38 40.76 60.60 94.69
-3.13 -1.45 0.68 29.27 8.50 61.36
-2.94 -1.40 0.62 25.54 -45.13 18.96
-2.42 -1.13 0.38 29.40 -73.40 -3.54
-1.98 -0.70 0.26 37.76 -84.26 -3.33
-1.58 -0.40 0.18 53.39 -88.05 9.98
-1.15 -0.20 0.23 62.38 -93.92 24.32
-0.71 -0.04 0.22 64.73 -97.74 33.56
-0.41 -0.03 0.31 64.98 -104.58 50.44
0.02 -0.07 0.17 66.06 -105.47 77.83
0.37 -0.29 0.12 62.06 -102.31 94.11
1.05 -0.57 -0.09 30.37 -87.15 99.24
1.86 -1.00 -0.53 44.09 -30.55 103.85
2.25 -1.31 -0.54 64.87 28.26 101.08
2.28 -1.42 -0.46 78.98 91.69 109.74
1.77 -1.65 0.03 79.11 129.04 101.73
1.19 -2.09 0.50 78.41 136.41 78.90
0.94 -2.33 0.78 73.89 122.12 50.46
0.98 -2.47 0.77 71.51 110.15 26.06
0.99 -2.48 0.73 79.31 101.39 -3.97
0.96 -2.25 0.71 95.33 90.50 -29.18
0.90 -1.73 0.70 105.82 82.02 -35.98
0.74 -1.21 0.76 100.35 62.52 -44.96
0.60 -0.77 0.80 78.20 37.05 -53.94
0.45 -0.50 0.83 47.98 7.74 -58.70
0.38 -0.31 0.79 17.51 -19.25 -52.60
0.32 -0.27 0.68 -9.57 -40.93 -44.26
0.32 -0.29 0.50 -36.55 -61.71 -39.48
0.46 -0.46 0.31 -64.44 -75.37 -50.98
0.61 -0.72 0.14 -84.64 -83.69 -66.32
0.72 -1.01 0.06 -84.34 -82.93 -73.85
0.85 -1.22 0.03 -64.69 -83.08 -78.61
0.92 -1.24 0.04 -45.54 -84.12 -85.66
0.99 -1.11 0.05 -38.56 -84.08 -92.31
1.08 -1.02 0.08 -43.24 -85.82 -108.78
1.16 -0.94 0.09 -55.04 -89.44 -131.05
1.25 -0.87 0.10 -66.15 -86.38 -145.66
1.31 -0.80 0.00 -70.47 -80.61 -151.08
1.23 -0.64 -0.09 -71.92 -71.80 -149.45
1.16 -0.47 -0.20 -73.83 -58.29 -137.47
1.10 -0.41 -0.30 -74.85 -35.77 -112.06
0.76 -0.46 -0.31 -80.81 -7.44 -81.73
0.33 -0.71 -0.25 -84.84 27.57 -52.34
-0.53 -1.09 -0.08 -78.35 38.40 -41.85
-1.07 -1.20 -0.10 -64.53 49.34 -29.56
-1.32 -1.08 -0.05 -48.46 62.02 -11.89
-1.54 -0.91 0.15 -34.17 70.60 16.70
-1.78 -0.79 0.44 -24.09 68.38 51.19
-1.91 -0.93 0.68 -28.44 57.62 76.67
-1.96 -1.11 0.89 -51.44 34.58 68.81
-1.83 -1.32 0.80 -80.49 7.44 35.39
-1.62 -1.43 0.64 -101.86 -15.25 21.24
-1.23 -1.67 0.31 -96.92 -26.55 5.34
-2.98 -1.73 1.10 -95.60 -77.11 -3.91
-0.38 -1.43 -0.13 -57.08 -10.11 -5.22
-0.39 -1.46 -0.36 -46.89 -5.19 -4.55
0.04 -1.16 -0.49 -33.66 20.92 -3.31
-0.26 -1.26 -0.34 -16.69 37.04 0.35
-0.26 -1.42 -0.30 5.45 47.98 1.60
-0.42 -1.29 -0.09 27.07 47.45 8.52
-0.50 -1.16 0.03 33.21 40.32 1.39
-0.56 -0.97 0.16 28.55 28.98 -8.24
-0.53 -0.88 0.18 17.82 17.57 -15.37
-0.48 -0.85 0.16 11.33 6.23 -19.39
-0.37 -0.80 0.07 6.05 -1.62 -16.63
-0.68 -0.85 0.17 -3.51 -17.16 -18.31
-0.23 -0.71 -0.01 -7.07 -12.02 -13.98
-0.11 -0.76 -0.11 -8.93 -9.63 -5.59
-0.05 -0.81 -0.14 -9.10 -5.36 0.32
-0.05 -0.86 -0.15 -10.64 -2.44 3.51
-0.07 -0.93 -0.11 -10.81 0.60 4.79
-0.08 -1.02 -0.09 -8.00 3.69 5.66
-0.12 -1.09 -0.03 -1.15 5.24 6.67
-0.16 -1.10 0.03 4.76 4.93 6.17
-0.18 -1.05 0.07 3.98 3.59 2.69
-0.21 -1.01 0.10 0.55 1.16 0.66
-0.21 -0.99 0.11 -3.15 -2.09 -0.79
-0.19 -1.02 0.10 -6.05 -4.63 -2.38
-0.16 -1.03 0.08 -5.76 -5.53 -1.65
-0.15 -0.99 0.06 -5.65 -6.46 -0.90
-0.17 -0.95 0.07 -11.79 -9.95 -1.73
-0.15 -0.99 0.04 -16.06 -13.30 -3.19
-0.10 -1.02 -0.03 -18.35 -15.68 -6.53
-0.07 -1.04 -0.07 -18.29 -16.79 -7.51
0.03 -1.08 -0.13 -11.74 -13.68 -5.97
0.07 -1.08 -0.15 -3.65 -8.11 -3.53
0.08 -1.04 -0.14 2.60 -1.28 -1.37
0.05 -0.98 -0.10 3.95 3.45 -0.50
0.03 -0.96 -0.07 2.27 6.66 0.81
