-0.33 -0.99 -0.05 5.01 0.49 4.93
-0.32 -0.99 -0.05 6.78 -0.05 4.64
-0.31 -0.99 -0.04 9.31 -0.14 5.73
-0.28 -0.97 -0.05 11.21 0.85 6.20
-0.27 -0.95 -0.04 11.60 1.10 6.58
-0.26 -0.93 -0.03 11.86 0.73 7.60
-0.25 -0.90 -0.05 12.35 -0.09 9.16
-0.24 -0.86 -0.09 11.79 -0.64 10.50
-0.25 -0.81 -0.15 8.17 2.50 11.80
-0.29 -0.77 -0.22 1.85 7.44 12.40
-0.39 -0.77 -0.23 -6.66 12.50 11.40
-0.49 -0.81 -0.25 -13.40 17.08 9.07
-0.63 -0.82 -0.27 -19.89 22.61 3.42
-0.84 -0.82 -0.32 -28.31 29.91 -5.11
-1.14 -0.79 -0.34 -38.90 39.59 -19.24
-1.46 -0.69 -0.33 -55.22 43.34 -25.07
-1.80 -0.81 -0.28 -56.50 45.39 -36.76
-2.07 -0.66 -0.27 -61.33 47.56 -17.85
-2.42 -0.75 -0.25 -49.77 34.66 -3.79
-2.53 -0.74 -0.23 -33.21 19.10 11.94
-2.67 -0.88 -0.12 -5.92 -20.82 13.02
-2.49 -0.85 -0.11 22.15 -67.42 12.69
-2.15 -0.71 -0.27 51.05 -104.46 16.73
-1.82 -0.44 -0.41 67.83 -140.09 16.43
-1.26 -0.08 -0.65 69.69 -155.92 19.10
-0.69 0.25 -0.88 51.69 -147.04 19.88
-0.32 0.33 -0.86 19.79 -127.28 12.72
-0.02 0.19 -0.77 -13.16 -99.33 3.47
0.10 -0.13 -0.54 -37.59 -76.64 -11.54
0.19 -0.43 -0.27 -49.33 -55.62 -19.02
0.17 -0.73 0.12 -43.57 -49.60 -12.55
0.10 -1.08 0.47 -21.86 -61.24 7.40
0.13 -1.30 0.70 11.57 -85.62 42.03
0.29 -1.50 0.81 49.51 -118.08 82.17
0.56 -1.65 0.85 80.43 -147.31 117.92
0.90 -1.85 0.67 97.98 -164.89 136.89
1.39 -2.10 0.33 105.39 -151.63 129.50
1.75 -2.28 0.04 107.37 -107.27 93.36
1.80 -2.23 -0.11 100.09 -47.48 35.66
1.61 -2.04 -0.17 84.93 14.99 -7.56
0.98 -1.68 -0.00 68.64 43.18 -36.17
0.56 -1.38 0.12 50.98 50.38 -30.96
0.38 -1.34 0.20 42.15 47.22 -13.51
0.39 -1.29 0.24 29.77 47.74 -5.08
0.34 -1.28 0.28 7.73 51.05 -14.44
0.26 -1.34 0.33 -14.81 52.58 -35.24
0.12 -1.37 0.43 -31.45 49.42 -57.19
0.01 -1.42 0.50 -39.95 44.47 -65.83
-0.02 -1.50 0.57 -38.38 37.44 -66.02
0.03 -1.51 0.56 -32.93 30.87 -65.59
0.09 -1.46 0.53 -28.96 22.61 -65.76
0.23 -1.38 0.47 -26.46 15.13 -65.45
0.40 -1.29 0.36 -24.41 10.92 -61.42
0.55 -1.20 0.28 -27.18 8.41 -56.41
0.76 -1.18 0.20 -32.69 8.00 -54.12
1.03 -1.20 0.10 -39.08 17.94 -50.40
1.20 -1.25 0.05 -41.68 32.09 -49.83
1.26 -1.28 0.00 -41.88 53.37 -47.62
1.23 -1.25 -0.02 -38.63 76.12 -44.69
1.08 -1.18 -0.09 -33.36 102.32 -35.10
0.89 -1.12 -0.05 -28.46 116.14 -24.53
0.57 -1.02 -0.01 -26.18 122.76 -16.75
0.25 -0.93 0.11 -30.32 109.45 -7.33
0.04 -0.99 0.06 -22.09 86.98 6.67
-0.04 -1.08 -0.05 4.93 72.52 25.77
-0.25 -0.93 -0.26 37.62 65.80 43.45
-0.51 -0.61 -0.41 55.50 66.55 53.95
-0.84 -0.39 -0.47 54.78 56.56 56.53
-0.87 -0.35 -0.67 62.31 59.63 64.60
-0.87 -0.26 -0.88 78.27 81.94 78.79
-1.06 -0.05 -0.99 77.07 107.42 78.78
-1.87 0.22 -0.67 40.21 103.53 46.78
-2.35 0.36 -0.45 -23.85 68.02 5.65
-2.43 -0.26 -0.48 -44.44 52.26 9.22
-3.06 -0.43 0.26 -8.12 8.84 70.85
-1.89 -1.12 -0.41 38.72 54.27 137.40
-1.87 -0.92 0.00 54.14 40.52 119.63
-1.42 -1.08 -0.24 50.70 41.51 72.78
-1.69 -0.93 0.08 45.39 23.76 19.37
-1.56 -0.82 0.11 44.09 15.04 6.31
-1.45 -0.77 0.08 33.48 2.96 13.63
-1.31 -0.94 0.06 39.21 -16.46 7.82
-1.19 -0.95 0.04 46.12 -39.02 0.84
-0.92 -0.88 -0.05 55.34 -40.17 9.21
-0.71 -0.81 -0.11 58.14 -38.47 18.40
-0.57 -0.67 -0.19 47.24 -35.94 8.26
-0.32 -0.45 -0.25 14.60 -23.92 -13.54
-0.27 -0.35 -0.23 -26.24 -10.02 -39.22
-0.30 -0.42 -0.13 -59.51 2.55 -57.85
-0.34 -0.59 -0.09 -75.89 8.31 -61.68
-0.46 -0.75 0.02 -78.24 10.26 -52.99
-0.55 -0.87 0.06 -68.66 2.20 -40.20
-0.53 -0.99 0.07 -54.46 -6.73 -27.42
-0.47 -1.02 0.04 -41.42 -12.17 -19.15
-0.44 -1.03 0.04 -29.71 -15.15 -13.11
-0.42 -1.01 0.04 -21.86 -14.09 -10.44
-0.41 -0.95 0.03 -16.61 -13.18 -11.30
-0.39 -0.92 -0.00 -18.32 -7.79 -14.02
-0.43 -0.90 0.01 -19.69 -4.93 -15.08
-0.45 -0.89 0.04 -19.50 -3.22 -12.37
