-0.39 -0.99 -0.25 0.38 4.24 -1.08
-0.41 -0.99 -0.24 3.94 3.11 -0.37
-0.46 -0.99 -0.26 5.98 0.49 -1.45
-0.49 -0.97 -0.30 7.34 0.60 -3.18
-0.57 -0.95 -0.32 6.75 0.64 -5.98
-0.65 -0.89 -0.34 3.25 -0.56 -10.00
-0.76 -0.84 -0.33 -3.22 -4.20 -14.70
-0.83 -0.81 -0.34 -9.22 -7.97 -16.81
-0.98 -0.71 -0.34 -17.34 -14.58 -18.40
-1.17 -0.60 -0.33 -32.05 -23.69 -18.66
-1.41 -0.64 -0.21 -48.08 -40.34 -22.35
-1.62 -0.80 -0.08 -50.34 -63.85 -24.78
-1.76 -0.90 -0.06 -39.60 -91.71 -29.79
-1.72 -0.94 -0.07 -27.56 -111.68 -20.93
-1.64 -1.00 -0.21 -16.23 -120.72 -23.79
-1.44 -0.76 -0.38 -14.79 -108.20 -25.73
-1.32 -0.65 -0.48 -24.17 -95.34 -30.17
-1.23 -0.59 -0.51 -34.02 -80.55 -32.75
-1.26 -0.57 -0.47 -46.18 -72.31 -39.47
-1.28 -0.52 -0.41 -63.21 -67.76 -43.10
-1.14 -0.61 -0.40 -67.24 -63.79 -34.46
-0.95 -0.73 -0.44 -55.16 -54.05 -23.98
-0.73 -0.75 -0.38 -42.11 -44.92 -13.24
-0.51 -0.64 -0.38 -41.66 -32.92 -5.21
-0.39 -0.58 -0.27 -52.08 -31.40 -4.75
-0.08 -0.57 -0.18 -72.38 -26.66 2.35
0.18 -0.83 -0.09 -72.90 -19.62 11.40
0.34 -0.97 0.05 -63.73 -9.80 24.95
0.52 -1.14 0.17 -47.50 -7.63 39.92
0.68 -1.22 0.31 -24.61 -14.92 57.45
0.83 -1.23 0.32 -4.78 -29.37 86.38
1.08 -1.26 0.36 24.50 -51.60 126.61
1.42 -1.42 0.24 70.63 -83.21 179.79
1.76 -1.38 -0.15 118.37 -104.93 227.02
2.30 -1.21 -0.70 137.42 -88.11 245.79
2.46 -0.94 -1.27 122.67 -33.92 210.75
2.14 -0.61 -1.39 59.98 32.72 143.66
1.49 -0.76 -1.24 -9.31 94.34 92.67
0.66 -1.30 -0.87 -38.44 124.90 45.60
0.00 -1.72 -0.39 -27.16 126.76 23.83
-0.53 -2.05 -0.05 -3.65 111.15 28.56
-0.67 -2.12 0.14 24.50 91.50 29.19
-0.53 -2.01 0.18 36.03 79.97 19.27
-0.39 -1.88 0.17 37.45 66.73 -11.16
-0.23 -1.75 0.17 33.25 57.02 -38.76
-0.14 -1.62 0.15 31.98 44.87 -61.05
-0.01 -1.43 0.03 29.69 35.86 -73.63
0.10 -1.25 -0.05 24.69 31.34 -76.95
0.18 -1.16 -0.11 17.80 26.61 -76.82
0.29 -1.22 -0.14 14.56 25.73 -75.74
0.35 -1.26 -0.13 14.66 27.10 -73.97
0.34 -1.21 -0.09 10.96 20.84 -79.34
0.25 -1.29 -0.07 1.40 22.37 -81.07
0.41 -1.13 -0.19 -10.78 37.37 -86.87
0.21 -1.10 -0.12 -21.60 33.30 -86.43
0.19 -1.15 -0.11 -30.03 26.49 -85.88
0.19 -1.28 -0.17 -24.15 21.51 -83.30
0.15 -1.38 -0.19 -1.56 23.54 -74.79
-0.06 -1.18 -0.20 13.56 25.25 -71.91
-0.23 -0.81 -0.26 14.26 22.27 -63.83
-0.51 -0.55 -0.20 1.30 11.77 -50.99
-0.70 -0.56 -0.18 -6.85 -0.46 -32.44
-0.86 -0.68 -0.16 0.93 -15.34 -8.06
-0.79 -0.95 -0.31 34.64 -20.93 13.24
-0.70 -1.00 -0.39 69.97 -17.19 26.15
-0.63 -0.88 -0.56 85.36 -8.20 20.96
-0.60 -0.58 -0.65 67.74 10.03 8.47
-0.56 -0.30 -0.78 29.39 40.90 -1.10
-0.70 -0.27 -0.76 -5.91 66.81 -7.30
-0.96 -0.23 -0.61 -31.88 76.44 -3.73
-1.25 -0.36 -0.39 -46.27 73.27 8.31
-1.39 -0.72 -0.16 -39.92 59.48 24.37
-1.33 -1.14 -0.07 -12.90 45.21 29.94
-1.25 -1.23 -0.01 14.92 28.90 22.44
-1.15 -1.16 -0.00 28.72 13.77 6.93
-1.01 -1.07 -0.07 35.04 2.55 -6.56
-0.86 -0.88 -0.23 34.87 -1.60 -12.64
-0.76 -0.63 -0.32 24.95 -1.37 -8.29
-0.64 -0.43 -0.43 3.36 8.56 2.92
-0.55 -0.49 -0.47 -12.98 21.82 9.08
-0.55 -0.68 -0.37 -23.10 31.31 13.04
-0.67 -0.90 -0.13 -27.19 25.50 7.36
-0.68 -1.14 -0.03 -22.00 11.27 -1.02
-0.60 -1.28 -0.05 -5.59 -0.46 -7.53
-0.17 -1.06 -0.12 11.80 1.36 -3.56
-0.50 -1.18 -0.18 31.19 -8.75 -10.73
-0.47 -0.84 -0.29 24.17 -17.44 -8.75
-0.35 -0.66 -0.41 7.76 -15.33 -9.02
-0.30 -0.70 -0.44 -7.82 0.63 -4.34
-0.29 -0.84 -0.41 -9.88 6.90 0.84
-0.30 -0.92 -0.34 -7.27 13.02 3.65
-0.36 -0.95 -0.26 -6.09 14.81 5.07
-0.37 -1.07 -0.24 -2.67 13.53 3.47
-0.34 -1.13 -0.20 4.96 9.77 -1.39
-0.35 -1.09 -0.21 11.24 6.84 -4.87
-0.33 -0.92 -0.25 13.59 6.06 -5.71
-0.33 -0.77 -0.26 8.00 7.57 -3.04
-0.29 -0.70 -0.23 1.85 9.82 2.11
-0.28 -0.70 -0.23 -5.62 11.28 6.99
-0.29 -0.74 -0.20 -9.74 12.56 9.73
