0.23 -0.94 0.15 -7.91 1.71 0.40
0.23 -0.96 0.15 -6.15 0.95 2.44
0.27 -0.98 0.14 -3.54 2.63 3.73
0.27 -0.97 0.15 0.02 3.88 3.77
0.22 -0.92 0.15 0.37 2.90 3.02
0.24 -0.89 0.15 -2.34 2.00 0.99
0.24 -0.89 0.12 -2.95 2.90 3.39
0.23 -0.87 0.15 -6.08 2.67 2.64
0.22 -0.87 0.15 -9.42 1.82 2.05
0.21 -0.89 0.17 -12.56 -0.23 -0.29
0.24 -0.90 0.16 -15.39 -1.82 -3.94
0.26 -0.92 0.16 -14.49 -0.06 -5.33
0.24 -0.91 0.19 -11.19 -0.03 -4.37
0.23 -0.86 0.17 -10.49 -0.32 -3.80
0.21 -0.86 0.17 -9.82 -0.14 -3.68
0.17 -0.83 0.17 -13.85 -3.54 -5.62
0.15 -0.87 0.14 -18.66 -5.95 -7.73
0.09 -0.94 0.13 -21.79 -7.50 -7.89
0.02 -1.02 0.10 -24.81 -10.46 -9.40
-0.04 -1.07 0.07 -28.96 -13.69 -11.77
-0.11 -1.17 0.01 -27.69 -15.83 -13.39
-0.17 -1.20 -0.03 -23.36 -17.33 -12.55
-0.17 -1.19 -0.12 -17.57 -17.76 -11.76
-0.14 -1.12 -0.22 -14.40 -14.60 -13.71
-0.20 -0.98 -0.27 -17.02 -12.73 -17.85
-0.28 -0.84 -0.29 -26.87 -13.54 -22.73
-0.34 -0.73 -0.28 -38.37 -16.61 -24.00
-0.43 -0.71 -0.23 -50.69 -21.07 -20.40
-0.45 -0.81 -0.19 -56.92 -26.75 -12.37
-0.40 -0.94 -0.10 -55.50 -31.63 -3.85
-0.30 -1.11 -0.02 -46.18 -33.83 2.12
-0.18 -1.21 0.06 -31.68 -33.44 6.38
-0.09 -1.13 0.06 -19.28 -33.16 4.46
0.02 -1.02 0.03 -14.87 -31.92 -0.66
0.05 -0.91 0.05 -14.63 -34.06 -7.24
0.12 -0.80 0.03 -14.31 -35.39 -6.35
0.20 -0.76 0.03 -9.18 -32.49 2.92
0.28 -0.67 0.01 -6.70 -30.26 17.21
0.37 -0.64 0.02 -7.94 -27.44 30.17
0.51 -0.65 -0.03 -12.61 -23.45 38.69
0.60 -0.70 -0.02 -25.36 -16.98 40.46
0.64 -0.94 0.06 -30.11 -14.44 35.74
0.70 -1.15 0.08 -21.79 -7.83 35.15
0.63 -1.21 0.13 -10.37 -0.18 34.92
0.65 -1.24 0.11 3.37 1.69 30.92
0.67 -1.17 0.09 4.49 4.23 24.67
0.68 -1.10 0.05 3.22 9.33 21.36
0.62 -1.15 0.12 5.02 13.98 24.92
0.65 -1.18 0.15 13.98 18.02 28.26
0.67 -1.11 0.14 17.04 19.47 24.92
0.64 -1.01 0.18 11.76 16.40 17.28
0.72 -1.03 0.19 8.03 15.39 12.81
0.81 -0.97 0.14 5.53 19.73 11.82
0.77 -1.01 0.17 8.02 22.79 15.27
0.74 -0.96 0.21 7.66 17.65 11.88
0.78 -0.95 0.22 -1.16 15.36 5.60
0.86 -0.98 0.21 -10.15 18.58 0.35
0.81 -1.06 0.26 -6.72 18.92 -1.53
0.76 -1.01 0.27 -8.17 15.97 -11.22
0.76 -1.03 0.26 -10.09 12.85 -19.27
0.73 -1.10 0.28 -3.48 12.92 -23.66
0.67 -1.09 0.26 4.67 11.25 -28.24
0.65 -1.01 0.19 11.18 11.44 -32.84
0.58 -0.87 0.16 5.42 9.24 -38.82
0.54 -0.86 0.15 1.19 5.39 -41.08
0.54 -0.77 0.14 -2.69 5.68 -39.51
0.55 -0.83 0.10 -1.16 7.88 -34.63
0.55 -0.80 0.10 0.35 7.11 -35.28
0.44 -0.80 0.13 -1.05 4.35 -36.26
0.46 -0.90 0.12 5.19 2.47 -35.53
0.43 -0.97 0.14 13.53 -2.87 -42.35
0.41 -0.84 0.11 11.69 -3.94 -48.82
0.40 -0.74 0.03 6.58 0.11 -43.47
0.25 -0.75 0.09 4.24 1.60 -29.24
0.22 -0.74 0.07 -1.21 -0.95 -16.24
0.20 -0.76 0.05 -6.79 -0.29 -7.01
0.19 -0.92 0.08 -12.27 -0.93 -2.12
0.24 -1.05 0.10 -7.28 -2.49 -4.05
0.28 -1.11 0.11 2.69 -0.98 -7.97
0.27 -1.06 0.07 16.37 2.58 -12.76
0.20 -0.82 0.01 15.83 1.30 -19.86
0.06 -0.61 -0.09 -1.56 -3.73 -23.33
0.18 -0.29 -0.30 -26.32 -0.47 -2.99
-0.05 -0.79 -0.13 -23.63 3.68 16.72
-0.07 -0.90 -0.16 -28.92 2.00 28.78
-0.12 -1.09 -0.09 -34.37 -1.05 32.78
-0.09 -1.44 -0.03 -25.48 -2.15 22.96
0.04 -1.44 -0.09 -6.14 0.79 16.35
-0.01 -1.29 -0.10 5.80 2.79 8.99
-0.07 -1.10 -0.16 8.18 2.11 2.81
-0.11 -0.95 -0.22 1.18 -1.42 -1.19
-0.11 -0.92 -0.25 -7.30 -0.49 1.95
-0.13 -0.97 -0.23 -13.50 1.54 8.70
-0.13 -1.06 -0.19 -18.23 3.01 14.58
-0.12 -1.17 -0.13 -16.66 2.44 17.51
-0.04 -1.30 -0.08 -8.67 3.44 17.08
0.03 -1.33 -0.06 4.70 5.88 12.73
0.03 -1.21 -0.07 14.17 5.56 6.87
0.06 -1.07 -0.08 18.67 6.06 3.69
0.10 -0.94 -0.10 16.26 5.83 1.19
