-0.25 -0.98 -0.22 0.70 3.54 0.21
-0.27 -0.98 -0.21 0.90 2.00 -0.18
-0.29 -0.98 -0.21 2.02 1.15 -0.41
-0.31 -0.98 -0.23 3.21 1.11 -0.26
-0.36 -0.97 -0.25 4.43 1.65 0.38
-0.42 -0.94 -0.25 2.21 2.87 -1.10
-0.56 -0.92 -0.29 -4.87 4.29 -6.38
-0.72 -0.90 -0.22 -17.74 6.11 -12.99
-0.90 -0.89 -0.21 -27.80 -0.52 -23.91
-1.09 -0.92 -0.17 -33.98 1.45 -20.70
-1.29 -0.92 -0.21 -41.33 7.80 -15.83
-1.49 -0.91 -0.29 -45.37 19.97 -10.72
-1.72 -1.51 -0.40 -57.69 33.86 -2.79
-1.91 -0.71 -0.19 -73.73 34.00 0.27
-2.06 -0.65 -0.13 -80.87 29.44 9.11
-2.07 -0.70 -0.04 -80.79 12.14 13.94
-2.02 -0.83 0.04 -66.49 -28.58 8.44
-1.80 -0.88 -0.01 -41.30 -75.68 2.50
-1.51 -0.87 -0.15 -11.13 -113.16 0.44
-1.18 -0.70 -0.34 16.55 -139.19 2.17
-0.86 -0.49 -0.49 29.66 -152.58 8.44
-0.50 -0.27 -0.73 24.55 -153.79 12.02
-0.13 -0.07 -0.82 -0.21 -140.35 13.76
0.15 -0.15 -0.88 -19.82 -126.84 9.15
0.32 -0.19 -0.90 -37.77 -112.23 2.84
0.46 -0.34 -0.72 -54.05 -94.23 12.69
0.55 -0.69 -0.60 -57.82 -81.42 21.33
0.74 -0.94 -0.32 -65.08 -67.36 27.11
0.87 -1.13 -0.10 -91.15 -53.36 41.56
0.83 -1.82 -0.08 -53.50 -48.06 47.80
0.82 -2.15 0.10 -14.40 -48.44 55.27
0.82 -2.47 0.15 32.78 -59.24 77.05
1.02 -2.51 0.02 83.27 -66.14 88.70
1.12 -2.30 -0.26 120.93 -66.20 94.49
1.19 -1.96 -0.53 126.87 -50.29 75.51
1.27 -1.47 -0.80 104.69 -23.19 41.45
1.24 -1.06 -0.97 62.73 14.61 -7.24
1.06 -0.79 -0.94 10.64 51.05 -48.76
0.76 -0.77 -0.79 -32.08 73.07 -67.57
0.53 -0.94 -0.60 -54.02 85.63 -65.25
0.38 -1.26 -0.39 -49.66 87.79 -51.76
0.29 -1.41 -0.22 -34.82 83.85 -44.38
0.30 -1.50 -0.14 -23.07 81.05 -41.88
0.30 -1.52 -0.04 -15.60 80.03 -46.70
0.34 -1.52 0.02 -8.46 76.78 -50.38
0.38 -1.43 0.05 -0.89 71.69 -52.05
0.39 -1.30 0.10 7.74 60.26 -44.34
0.54 -1.21 0.06 21.80 48.21 -28.24
0.63 -1.04 -0.02 31.98 41.42 -12.05
0.71 -0.94 -0.13 39.01 43.10 5.74
0.81 -0.84 -0.29 35.80 58.78 13.40
0.70 -0.71 -0.35 23.80 70.23 13.88
0.61 -0.60 -0.39 0.89 80.99 12.15
0.50 -0.62 -0.37 -18.70 87.73 9.69
0.38 -0.71 -0.35 -26.18 92.03 8.69
0.18 -0.79 -0.29 -24.17 95.10 10.63
-0.09 -0.82 -0.24 -17.22 87.57 15.51
-0.44 -0.76 -0.22 -13.01 69.65 10.85
-0.80 -0.70 -0.13 -17.77 45.24 0.20
-1.11 -0.70 -0.10 -17.01 15.16 1.02
-1.13 -0.72 -0.24 1.19 5.39 35.83
-0.89 -0.85 -0.55 47.19 20.08 68.95
-0.73 -0.62 -0.79 76.02 45.73 83.50
-0.77 -0.38 -0.86 58.09 69.80 69.83
-1.08 -0.26 -0.76 9.56 76.63 29.57
-1.43 -0.40 -0.50 -43.57 67.19 -5.74
-1.66 -0.86 -0.30 -60.37 46.11 -29.74
-1.82 -1.35 -0.08 -39.85 6.41 -53.51
-1.67 -1.49 -0.07 -9.54 -30.76 -58.34
-1.41 -1.39 -0.23 16.95 -46.09 -41.19
-1.14 -1.27 -0.48 45.62 -40.53 -33.80
-0.94 -0.90 -0.57 59.63 -27.66 -10.47
-0.75 -0.76 -0.63 66.56 -10.81 -2.69
-0.70 -0.61 -0.53 56.47 1.05 -0.43
-0.64 -0.67 -0.44 37.63 12.85 0.95
-0.57 -0.78 -0.38 25.10 23.74 -3.40
-0.54 -0.87 -0.33 20.34 28.32 -9.30
-0.59 -0.88 -0.22 16.44 24.02 -18.85
-0.56 -0.90 -0.15 13.04 15.24 -15.91
-0.45 -0.92 -0.19 13.92 10.95 -13.76
-0.07 -0.81 -0.33 15.48 19.83 -8.53
-0.46 -0.87 -0.12 16.52 9.27 -2.18
-0.40 -0.76 -0.20 8.21 -7.94 -2.92
-0.25 -0.70 -0.29 -1.07 -3.71 -0.24
-0.28 -0.76 -0.29 -6.75 6.53 5.57
-0.32 -0.82 -0.23 -7.88 4.37 7.11
-0.36 -0.86 -0.14 -12.73 0.06 6.49
-0.39 -0.95 -0.11 -16.29 -5.27 5.60
-0.37 -1.07 -0.12 -11.60 -10.89 2.69
-0.31 -1.15 -0.18 -2.72 -14.96 -2.44
-0.21 -1.10 -0.24 2.87 -9.76 -2.60
-0.18 -1.08 -0.30 6.55 -5.18 -6.35
-0.17 -0.99 -0.30 3.13 -0.75 -8.46
-0.19 -0.94 -0.31 -1.50 2.29 -8.76
-0.22 -0.94 -0.29 -4.46 5.54 -5.63
-0.23 -0.97 -0.26 -1.74 8.00 0.26
-0.26 -1.00 -0.21 1.77 8.27 2.85
-0.30 -0.99 -0.15 -0.37 6.43 0.64
-0.34 -1.01 -0.11 -1.89 0.43 -4.53
-0.32 -1.03 -0.13 -0.02 -5.05 -7.73
