-0.19 -0.98 0.05 -6.66 1.82 -0.35
-0.19 -1.01 0.04 -4.96 0.95 0.44
-0.18 -1.02 0.03 -2.41 1.22 1.33
-0.18 -1.01 0.02 -0.23 1.24 1.53
-0.18 -0.99 0.01 0.53 0.99 0.38
-0.18 -0.98 -0.00 1.53 0.84 0.06
-0.16 -0.95 -0.02 1.76 1.62 0.72
-0.16 -0.93 -0.03 0.26 2.55 0.89
-0.16 -0.92 -0.04 -1.30 3.11 0.44
-0.17 -0.94 -0.05 -2.26 3.63 1.48
-0.18 -0.94 -0.04 -2.61 3.95 2.81
-0.18 -0.95 -0.05 -3.22 3.82 2.20
-0.18 -0.98 -0.05 -2.89 4.05 1.15
-0.18 -0.98 -0.07 -2.41 4.89 -1.39
-0.21 -0.96 -0.07 -2.87 4.40 -4.90
-0.23 -0.94 -0.08 -4.63 4.00 -7.13
-0.23 -0.95 -0.09 -6.44 3.53 -6.92
-0.23 -0.94 -0.10 -8.46 3.48 -5.85
-0.22 -0.96 -0.08 -9.63 3.69 -4.92
-0.20 -0.98 -0.08 -9.80 3.65 -4.24
-0.19 -0.97 -0.06 -9.53 3.56 -4.95
-0.19 -0.95 -0.07 -10.05 2.75 -6.46
-0.16 -0.93 -0.08 -12.17 2.70 -8.55
-0.17 -0.92 -0.08 -15.01 3.24 -9.34
-0.17 -0.93 -0.07 -17.45 3.01 -9.68
-0.15 -0.95 -0.07 -18.92 4.09 -9.76
-0.16 -0.96 -0.07 -19.48 4.53 -10.56
-0.16 -0.95 -0.09 -19.62 5.50 -10.99
-0.17 -0.92 -0.09 -21.02 6.14 -11.91
-0.18 -0.89 -0.10 -24.73 5.82 -13.15
-0.19 -0.89 -0.10 -28.85 5.66 -14.20
-0.19 -0.92 -0.09 -32.75 4.37 -15.34
-0.18 -0.96 -0.08 -34.43 4.41 -14.87
-0.14 -0.98 -0.06 -33.59 4.56 -11.71
-0.10 -0.98 -0.08 -32.63 6.03 -8.75
-0.07 -0.96 -0.09 -33.34 8.23 -8.14
-0.05 -0.95 -0.11 -34.96 10.82 -8.55
-0.07 -0.94 -0.10 -37.95 12.79 -10.63
-0.10 -0.96 -0.09 -40.05 13.63 -12.12
-0.14 -0.97 -0.09 -41.31 13.89 -11.98
-0.13 -0.98 -0.10 -42.67 14.41 -11.27
-0.11 -1.01 -0.10 -43.01 16.21 -9.66
-0.09 -1.01 -0.09 -42.49 17.73 -7.16
-0.05 -1.00 -0.10 -41.56 20.15 -3.05
-0.04 -1.00 -0.11 -41.33 23.88 0.44
-0.05 -1.01 -0.09 -41.31 26.78 2.90
-0.05 -1.02 -0.07 -41.04 29.95 3.34
-0.10 -1.02 -0.06 -41.94 30.87 -1.01
-0.11 -1.01 -0.06 -43.85 30.55 -6.41
-0.09 -1.02 -0.06 -45.13 30.79 -9.56
-0.09 -1.02 -0.06 -45.10 31.51 -8.37
-0.06 -1.03 -0.08 -44.79 33.97 -4.44
-0.07 -1.04 -0.07 -44.55 37.13 -0.52
-0.10 -1.05 -0.04 -42.29 39.34 4.76
-0.09 -1.06 -0.05 -38.44 42.50 9.68
-0.14 -1.03 -0.03 -37.36 42.50 9.15
-0.15 -1.01 -0.02 -38.81 40.27 5.65
-0.15 -1.01 -0.02 -41.18 37.63 3.31
-0.12 -1.04 -0.01 -41.91 37.16 4.08
-0.11 -1.08 0.00 -39.30 37.40 7.91
-0.08 -1.10 0.01 -33.53 39.86 13.71
-0.09 -1.11 0.02 -26.70 42.15 17.24
-0.11 -1.07 0.02 -20.67 42.38 17.45
-0.13 -1.02 -0.01 -18.00 42.34 13.77
-0.17 -0.98 -0.01 -18.21 39.91 7.73
-0.22 -0.97 0.03 -18.11 35.74 4.46
-0.23 -0.95 0.05 -17.89 30.95 3.50
-0.22 -0.96 0.09 -16.53 26.53 5.94
-0.21 -0.97 0.09 -13.48 23.53 10.50
-0.18 -0.97 0.11 -11.18 20.44 12.73
-0.18 -0.98 0.11 -8.89 17.54 14.58
-0.16 -0.98 0.10 -7.13 14.61 14.56
-0.16 -0.98 0.10 -5.95 11.21 14.38
-0.14 -1.00 0.08 -4.27 7.63 14.73
-0.13 -1.03 0.09 -1.40 3.77 15.97
-0.11 -1.07 0.09 3.98 0.61 17.50
-0.07 -1.08 0.09 10.32 -1.48 18.15
-0.04 -1.07 0.07 16.14 -2.75 15.50
-0.03 -1.03 0.04 18.93 -3.65 10.31
-0.04 -1.00 0.01 18.72 -4.75 1.83
-0.05 -0.97 0.00 16.69 -5.68 -6.40
-0.10 -0.96 -0.01 15.01 -7.02 -9.30
-0.13 -0.98 0.00 15.98 -8.73 -7.45
-0.13 -1.00 0.01 18.87 -10.15 -3.73
-0.14 -0.99 -0.01 21.07 -12.21 -2.58
-0.13 -0.96 -0.03 19.98 -14.27 -4.40
-0.15 -0.97 -0.02 19.44 -16.49 -6.46
-0.15 -0.97 -0.03 18.52 -17.88 -9.48
-0.19 -0.97 -0.02 16.73 -21.01 -13.04
-0.20 -0.99 -0.03 15.39 -24.18 -15.51
-0.21 -1.00 -0.01 14.95 -27.08 -16.85
-0.22 -1.03 -0.00 16.09 -30.31 -15.88
-0.18 -1.05 0.02 18.84 -31.71 -11.45
-0.15 -1.07 0.02 24.05 -32.31 -6.31
-0.10 -1.05 0.00 30.34 -31.30 -1.80
-0.09 -0.96 -0.03 32.70 -30.29 0.14
-0.09 -0.90 -0.06 30.49 -30.24 0.26
-0.09 -0.84 -0.07 25.40 -30.26 1.04
-0.07 -0.82 -0.07 20.03 -28.95 5.24
-0.05 -0.83 -0.06 14.99 -26.18 11.08
