-0.27 -0.95 -0.19 0.66 0.08 2.76
-0.27 -0.97 -0.19 -0.12 -0.49 1.65
-0.27 -0.97 -0.19 -0.75 -1.11 0.64
-0.27 -0.99 -0.21 -0.38 -0.82 0.40
-0.28 -0.99 -0.22 0.27 -0.76 0.89
-0.29 -1.01 -0.23 2.55 -1.30 1.50
-0.28 -1.01 -0.22 5.05 -1.07 3.08
-0.28 -1.01 -0.24 7.98 -0.23 2.84
-0.28 -0.99 -0.24 8.64 1.36 1.40
-0.31 -0.95 -0.22 7.10 1.62 -0.52
-0.32 -0.92 -0.22 4.34 1.82 -1.95
-0.33 -0.91 -0.21 3.18 1.34 -1.42
-0.35 -0.91 -0.22 3.05 0.78 -0.08
-0.35 -0.90 -0.19 3.08 -0.05 1.59
-0.38 -0.89 -0.21 2.50 -1.95 3.13
-0.40 -0.89 -0.24 0.75 -3.05 3.34
-0.45 -0.89 -0.26 -2.63 -3.44 1.56
-0.52 -0.91 -0.26 -6.21 -4.27 -0.90
-0.62 -0.93 -0.28 -9.16 -6.02 -2.52
-0.76 -0.93 -0.29 -12.58 -9.76 -4.21
-0.88 -0.96 -0.32 -14.26 -10.31 -5.95
-1.06 -0.91 -0.37 -19.04 -4.96 -4.84
-1.23 -0.87 -0.37 -23.85 0.14 -5.48
-1.42 -0.88 -0.32 -28.31 2.32 -6.44
-1.56 -0.70 -0.17 -36.47 -5.92 -0.20
-1.72 -0.65 -0.13 -41.11 -17.92 3.11
-1.77 -0.54 -0.11 -48.93 -32.81 14.67
-1.80 -0.67 -0.12 -46.18 -51.53 8.93
-1.64 -0.63 -0.16 -45.04 -69.74 7.50
-1.42 -0.71 -0.30 -36.06 -81.44 -3.18
-1.19 -0.62 -0.34 -33.36 -81.74 -15.27
-1.05 -0.57 -0.42 -34.27 -84.49 -23.62
-0.88 -0.44 -0.44 -42.53 -84.40 -31.79
-0.71 -0.40 -0.48 -53.16 -81.56 -40.27
-0.56 -0.45 -0.46 -61.27 -81.44 -42.95
-0.32 -0.50 -0.42 -66.90 -73.53 -38.69
-0.09 -0.63 -0.36 -63.16 -66.61 -29.80
0.11 -0.74 -0.31 -58.29 -57.02 -16.02
0.25 -0.89 -0.15 -55.76 -50.34 -8.98
0.31 -1.05 -0.02 -54.14 -51.04 -1.25
0.30 -1.25 0.11 -52.34 -60.95 4.41
0.35 -1.59 0.14 -33.04 -81.80 16.03
0.47 -1.80 0.10 -0.12 -101.07 37.28
0.59 -1.97 -0.03 45.24 -128.52 63.30
1.01 -2.08 -0.22 96.60 -147.50 96.44
1.46 -2.15 -0.62 150.34 -142.00 135.22
2.07 -1.75 -1.04 170.05 -100.98 149.04
2.29 -1.26 -1.33 142.95 -48.43 112.03
2.31 -0.77 -0.91 23.28 16.29 9.30
1.85 -0.54 -1.42 -11.56 70.17 -45.91
1.20 -0.62 -0.96 -85.68 106.84 -80.75
0.64 -1.12 -0.68 -105.59 121.73 -92.72
0.23 -1.37 -0.36 -90.76 126.44 -68.24
-0.09 -1.59 -0.11 -52.92 122.02 -34.61
-0.19 -1.58 0.02 -41.79 114.32 -9.02
-0.27 -1.65 0.25 -1.02 96.82 -0.15
-0.13 -1.63 0.29 12.20 79.47 -5.76
0.03 -1.55 0.24 25.89 67.27 -14.02
0.18 -1.41 0.16 36.50 58.02 -14.78
0.34 -1.22 0.04 43.19 51.47 -18.34
0.54 -0.89 -0.01 36.15 52.40 -20.41
0.52 -1.01 -0.16 36.35 49.02 -20.84
0.61 -0.87 -0.28 29.65 63.05 -15.56
0.48 -0.76 -0.25 17.51 71.57 -14.05
0.34 -0.81 -0.22 0.31 72.66 -17.54
0.16 -0.91 -0.13 -13.94 60.69 -27.65
0.03 -1.04 -0.10 -18.50 47.25 -35.94
-0.12 -1.16 -0.05 -11.79 28.21 -39.15
-0.35 -1.17 -0.04 5.16 14.35 -37.97
-0.32 -1.06 -0.21 18.52 12.75 -25.25
-0.48 -0.90 -0.29 31.73 14.31 -16.41
-0.64 -0.55 -0.37 33.91 15.63 6.14
-0.70 -0.41 -0.41 30.35 23.44 25.54
-0.74 -0.38 -0.48 24.15 34.70 48.66
-0.79 -0.44 -0.48 18.69 45.31 59.27
-0.84 -0.57 -0.43 6.56 47.31 56.85
-0.85 -0.74 -0.41 1.77 45.98 48.95
-0.94 -0.83 -0.33 3.01 39.83 39.30
-1.08 -0.87 -0.21 7.34 25.56 29.21
-1.14 -0.95 -0.17 16.63 10.90 22.46
-1.14 -0.95 -0.21 30.90 1.91 14.53
-1.09 -0.81 -0.22 29.57 0.76 11.54
-0.94 -0.76 -0.31 29.63 4.27 5.30
-0.88 -0.67 -0.34 22.73 7.47 2.35
-0.76 -0.59 -0.34 11.65 10.56 5.37
-0.60 -0.63 -0.36 1.10 16.99 4.26
-0.54 -0.81 -0.37 -2.23 21.31 0.47
-0.50 -0.90 -0.37 -4.61 23.89 -6.43
-0.48 -0.96 -0.40 -7.25 27.02 -14.99
-0.54 -0.98 -0.38 -9.28 28.95 -20.84
-0.58 -0.94 -0.35 -11.10 27.68 -21.05
-0.58 -0.96 -0.28 -9.60 22.89 -18.00
-0.57 -0.98 -0.29 -6.47 17.39 -11.33
-0.58 -1.00 -0.24 -2.99 13.69 -6.37
-0.52 -1.02 -0.23 2.32 8.40 0.56
-0.42 -0.98 -0.13 5.92 -15.05 3.24
-0.52 -1.11 -0.26 7.66 8.89 7.63
-0.53 -0.99 -0.20 12.50 -3.65 9.18
-0.43 -0.93 -0.25 11.28 -7.36 8.00
-0.44 -0.92 -0.24 7.76 -2.73 9.31
