-0.17 -0.99 0.06 -7.25 -2.34 0.78
-0.16 -0.98 0.05 -6.15 -2.81 2.46
-0.14 -0.98 0.04 -5.66 -2.64 2.38
-0.13 -0.98 0.04 -5.68 -2.21 1.59
-0.13 -0.98 0.02 -5.37 -1.77 0.64
-0.15 -0.97 0.02 -4.41 -1.80 0.23
-0.17 -0.96 0.01 -3.59 -2.15 -0.09
-0.17 -0.93 -0.00 -4.41 -2.89 -1.16
-0.16 -0.91 -0.01 -6.09 -3.48 -1.63
-0.14 -0.92 -0.03 -7.74 -2.92 -1.44
-0.13 -0.91 -0.04 -9.08 -1.94 -0.56
-0.12 -0.93 -0.06 -9.69 -1.05 -0.67
-0.14 -0.93 -0.07 -10.58 -0.58 -1.42
-0.14 -0.93 -0.07 -11.13 -0.11 -2.00
-0.15 -0.94 -0.08 -11.51 0.38 -2.05
-0.17 -0.96 -0.06 -10.63 -0.58 -1.22
-0.15 -0.96 -0.09 -9.44 0.38 0.37
-0.11 -0.97 -0.10 -9.13 2.49 1.37
-0.09 -0.97 -0.10 -9.28 5.95 2.08
-0.10 -0.98 -0.10 -8.99 8.95 1.57
-0.12 -0.97 -0.10 -8.70 10.58 1.16
-0.13 -0.95 -0.09 -8.96 11.74 1.48
-0.15 -0.92 -0.10 -10.37 12.21 1.80
-0.15 -0.91 -0.10 -12.66 12.43 1.80
-0.16 -0.91 -0.11 -16.08 13.04 1.04
-0.16 -0.93 -0.12 -19.88 13.48 -0.72
-0.16 -0.98 -0.11 -21.39 14.49 -3.77
-0.15 -1.03 -0.09 -20.60 15.91 -6.23
-0.16 -1.04 -0.08 -18.87 16.93 -7.76
-0.16 -1.03 -0.08 -18.34 17.19 -9.07
-0.16 -1.02 -0.08 -19.02 18.11 -10.26
-0.18 -1.05 -0.06 -19.08 18.05 -11.44
-0.18 -1.05 -0.06 -17.92 18.20 -12.29
-0.15 -1.05 -0.07 -17.21 18.79 -13.40
-0.15 -1.04 -0.07 -16.61 20.40 -13.01
-0.14 -1.03 -0.07 -16.24 22.47 -12.05
-0.17 -1.00 -0.07 -18.32 23.62 -12.11
-0.17 -1.00 -0.06 -19.47 23.77 -10.50
-0.16 -1.01 -0.05 -19.48 25.11 -7.40
-0.18 -1.03 -0.02 -17.85 24.93 -4.84
-0.18 -1.04 -0.03 -15.31 23.36 -2.50
-0.11 -0.99 -0.05 -14.46 24.72 -0.24
-0.10 -0.95 -0.06 -16.60 26.26 -0.34
-0.08 -0.94 -0.08 -20.35 28.50 -1.42
-0.09 -0.98 -0.06 -23.21 31.68 -1.91
-0.11 -1.04 -0.03 -21.36 33.44 -0.41
-0.08 -1.06 -0.02 -16.76 36.26 2.66
-0.08 -1.02 -0.03 -14.78 39.33 0.78
-0.10 -0.99 -0.04 -15.30 41.24 -2.32
-0.14 -0.95 -0.03 -16.96 41.33 -4.66
-0.17 -0.94 -0.02 -18.76 40.60 -4.53
-0.21 -0.93 -0.01 -20.81 38.79 -3.54
-0.19 -0.94 0.01 -20.50 36.95 1.02
-0.14 -0.94 -0.02 -19.25 37.83 5.76
-0.11 -0.92 -0.03 -20.98 39.56 7.47
-0.09 -0.93 -0.02 -23.63 41.42 6.02
-0.09 -0.94 -0.01 -26.20 42.44 3.39
-0.10 -0.95 0.01 -27.42 43.24 1.33
-0.14 -0.98 0.04 -25.57 42.24 -0.60
-0.18 -1.01 0.05 -23.11 39.36 -2.73
-0.14 -1.03 0.02 -19.94 38.27 -2.05
-0.10 -1.01 -0.02 -18.89 39.73 -2.29
-0.06 -1.00 -0.05 -18.84 43.60 -1.74
-0.08 -0.99 -0.03 -19.50 47.51 -0.73
-0.13 -1.00 -0.00 -18.40 48.11 1.63
-0.13 -0.97 0.01 -17.18 49.16 5.80
-0.17 -0.99 0.02 -14.26 48.90 8.41
-0.19 -0.96 0.03 -14.67 46.50 10.29
-0.17 -0.96 0.03 -14.02 43.22 9.83
-0.11 -0.94 -0.00 -15.27 43.50 9.66
-0.10 -0.94 0.00 -17.63 43.92 8.44
-0.13 -0.96 0.02 -20.20 43.83 7.37
-0.11 -0.98 0.02 -20.21 45.44 8.56
-0.17 -0.99 0.05 -18.64 45.77 6.99
-0.27 -0.98 0.11 -18.64 39.34 2.41
-0.26 -0.99 0.12 -18.49 31.34 -1.97
-0.24 -0.99 0.10 -17.37 23.76 -6.58
-0.15 -0.99 0.10 -18.02 24.50 1.37
-0.15 -0.98 0.10 -17.65 22.69 4.52
-0.14 -1.01 0.11 -16.12 21.18 6.61
-0.12 -1.01 0.11 -13.24 20.49 7.48
-0.13 -1.01 0.13 -10.78 18.64 5.73
-0.17 -0.99 0.13 -10.35 14.49 2.41
-0.20 -1.01 0.16 -10.00 8.08 -0.34
-0.18 -1.04 0.15 -7.07 2.53 0.81
-0.15 -1.06 0.15 -3.73 -0.43 3.54
-0.12 -1.07 0.16 0.70 -2.67 5.07
-0.10 -1.08 0.15 5.92 -4.53 4.99
-0.10 -1.06 0.15 10.44 -6.70 2.00
-0.12 -1.01 0.14 12.23 -9.44 -2.66
-0.14 -0.99 0.12 11.98 -12.69 -7.77
-0.14 -1.00 0.14 13.24 -15.47 -9.39
-0.16 -1.03 0.16 15.50 -19.39 -8.87
-0.15 -1.04 0.17 19.22 -23.47 -7.36
-0.13 -1.05 0.15 23.74 -24.79 -5.48
-0.14 -1.02 0.15 27.31 -26.08 -5.37
-0.16 -0.97 0.11 27.31 -28.38 -8.49
-0.22 -0.91 0.10 23.33 -32.99 -12.60
-0.23 -0.90 0.09 17.95 -37.54 -15.76
-0.24 -0.91 0.10 13.33 -41.56 -15.47
