-0.03 -1.02 -0.01 -5.45 2.79 -0.61
-0.03 -1.02 -0.01 -5.11 3.71 -1.50
-0.02 -1.00 -0.01 -4.12 3.95 -0.72
-0.00 -0.97 -0.00 -2.84 5.91 0.92
0.01 -0.95 -0.02 -3.27 7.56 1.88
0.01 -0.94 -0.02 -4.09 10.00 2.64
-0.05 -0.90 -0.02 -7.62 11.54 4.43
-0.17 -0.87 -0.04 -13.92 13.45 5.62
-0.39 -0.88 -0.02 -22.95 13.10 8.32
-0.63 -0.88 -0.09 -34.20 11.71 10.69
-1.07 -0.93 -0.23 -50.24 9.62 11.30
-1.47 -0.83 -0.34 -79.74 18.20 33.77
-1.91 -0.90 -0.45 -108.55 28.35 63.16
-2.38 -1.37 -0.24 -124.60 30.89 94.47
-2.55 -1.94 -0.05 -99.59 14.17 101.44
-2.59 -1.96 0.03 -59.76 -16.14 85.95
-2.42 -1.87 -0.04 -17.21 -33.95 51.57
-2.19 -1.38 -0.29 17.63 -47.31 24.23
-1.99 -1.03 -0.37 48.53 -53.79 18.87
-1.72 -0.68 -0.43 66.78 -61.37 26.17
-1.23 -0.46 -0.44 80.53 -58.03 44.70
-0.81 -0.33 -0.25 89.31 -56.98 59.65
-0.36 -0.34 -0.13 96.40 -53.85 74.87
-0.06 -0.26 0.09 100.53 -53.62 86.37
0.27 -0.54 0.30 103.44 -53.65 101.25
0.57 -0.61 0.28 107.01 -46.29 105.69
0.64 -0.63 0.39 91.80 -45.42 116.27
0.74 -0.84 0.25 68.32 -31.27 128.09
0.77 -1.37 0.23 39.83 -32.78 105.62
1.20 -1.92 -0.04 19.28 -14.23 88.58
1.58 -2.59 -0.28 27.53 25.48 74.98
1.92 -3.00 -0.35 75.24 83.04 71.24
1.93 -2.89 -0.23 138.08 140.31 73.68
1.63 -2.33 0.05 175.65 172.78 66.73
1.20 -1.63 0.39 169.44 182.18 51.83
0.73 -1.31 0.73 133.25 166.38 26.60
0.42 -1.12 0.96 90.56 130.23 -4.14
0.29 -1.15 1.06 59.83 87.39 -25.40
0.51 -1.09 0.91 44.38 53.80 -47.71
0.55 -0.89 0.83 31.07 26.61 -65.39
0.55 -0.74 0.78 27.34 0.60 -74.35
0.48 -0.55 0.70 24.38 -26.44 -76.63
0.44 -0.39 0.60 14.40 -52.26 -78.41
0.48 -0.28 0.47 -2.92 -68.11 -77.48
0.46 -0.29 0.38 -24.27 -78.35 -77.15
0.42 -0.47 0.30 -27.33 -84.76 -75.89
0.41 -0.53 0.20 -36.34 -93.60 -80.72
0.55 -0.63 0.09 -45.27 -93.98 -84.69
0.72 -0.72 0.03 -51.83 -85.98 -84.82
0.95 -0.75 0.03 -59.21 -73.08 -84.44
1.16 -0.77 0.09 -68.02 -54.20 -79.15
1.23 -0.83 0.22 -77.83 -39.27 -77.02
1.28 -0.88 0.36 -89.82 -31.94 -83.37
1.31 -0.95 0.42 -96.75 -26.00 -88.40
1.41 -1.00 0.43 -96.75 -19.21 -90.79
1.39 -0.99 0.48 -88.24 -18.03 -94.14
1.25 -0.91 0.52 -76.95 -24.76 -103.80
1.10 -0.76 0.50 -68.95 -37.34 -111.30
0.96 -0.62 0.29 -66.78 -46.64 -114.75
0.78 -0.37 0.05 -77.98 -51.85 -109.95
0.65 -0.16 -0.30 -100.43 -41.42 -97.82
0.11 0.12 -0.46 -149.63 -29.48 -59.71
-0.32 -0.41 -0.59 -190.11 -7.68 -11.85
-0.87 -1.28 -0.49 -197.42 2.81 11.91
-1.27 -2.21 -0.52 -158.44 1.11 24.75
-1.32 -2.59 -0.70 -73.66 22.08 35.25
-1.57 -2.26 -0.68 17.05 44.35 53.60
-1.68 -1.25 -0.69 51.05 79.56 80.44
-2.13 -0.61 -0.26 9.28 97.33 89.53
-2.53 -0.97 0.18 -56.05 78.60 75.92
-2.57 -1.79 0.47 -76.00 42.20 52.43
-2.39 -2.65 0.68 -39.88 -4.61 30.35
-1.69 -2.87 0.38 47.89 -23.98 14.37
-1.29 -1.83 0.16 82.60 -31.63 -5.94
-0.84 -1.30 -0.13 110.20 -24.05 -29.82
-0.68 -0.38 -0.29 89.51 -23.66 -25.86
-0.35 0.02 -0.39 63.33 -15.86 -18.11
-0.08 0.10 -0.59 38.67 -0.53 -7.97
0.04 0.08 -0.60 13.19 6.85 8.58
0.13 -0.18 -0.63 -11.02 14.44 14.66
0.01 -0.53 -0.50 -29.21 27.51 17.94
-0.22 -0.94 -0.22 -28.18 27.02 16.40
-0.29 -1.24 -0.12 -12.44 21.98 13.97
-0.27 -1.35 -0.09 8.53 19.19 13.31
-0.23 -1.26 -0.09 18.26 18.81 6.72
-0.23 -1.08 -0.04 15.86 19.25 1.71
-0.23 -0.99 -0.01 9.50 18.21 2.40
-0.24 -0.99 0.01 4.44 16.43 3.39
-0.24 -1.00 0.05 -0.79 14.47 3.48
-0.23 -1.02 0.06 -4.66 13.40 3.33
-0.26 -1.07 0.08 -6.69 9.73 3.22
-0.25 -1.11 0.09 -6.84 5.83 2.69
-0.23 -1.14 0.07 -4.05 1.40 3.21
-0.16 -1.16 0.02 -3.73 -0.84 -3.19
-0.11 -1.17 -0.05 -9.86 0.87 -12.17
-0.12 -1.19 -0.03 -7.53 4.24 -12.79
-0.13 -1.17 -0.01 0.02 3.44 -10.00
-0.10 -1.15 -0.07 -0.84 3.59 -12.44
-0.03 -1.14 -0.10 -3.65 3.60 -18.31
-0.00 -1.15 -0.10 0.09 8.37 -17.59
