-0.10 -0.93 0.13 -12.06 -1.82 2.23
-0.12 -0.95 0.14 -11.19 -2.05 1.33
-0.12 -0.97 0.13 -10.60 -2.27 2.84
-0.12 -0.97 0.11 -9.95 -2.52 2.93
-0.14 -0.99 0.12 -9.44 -3.92 2.20
-0.13 -1.00 0.10 -8.70 -4.20 1.47
-0.11 -1.01 0.10 -7.85 -4.23 1.10
-0.11 -1.01 0.08 -7.16 -3.07 1.28
-0.10 -1.01 0.07 -6.29 -2.24 1.01
-0.09 -1.00 0.06 -5.62 -0.78 0.17
-0.11 -0.99 0.05 -5.42 -0.12 -0.17
-0.11 -0.99 0.05 -5.62 0.31 -0.49
-0.11 -0.98 0.04 -5.76 0.27 -0.41
-0.10 -0.98 0.03 -6.08 0.87 0.32
-0.10 -0.95 0.03 -6.40 1.31 0.90
-0.11 -0.95 0.03 -7.66 1.10 0.38
-0.13 -0.95 0.04 -8.00 -0.49 -0.17
-0.11 -0.94 0.02 -8.11 -2.38 -1.27
-0.10 -0.95 0.02 -8.08 -3.68 -1.44
-0.10 -0.94 0.00 -8.35 -4.96 -1.82
-0.09 -0.92 -0.02 -11.01 -4.99 -3.45
-0.09 -0.92 -0.03 -14.56 -4.73 -5.25
-0.07 -0.93 -0.05 -18.18 -2.69 -6.26
-0.09 -0.95 -0.04 -20.87 -0.06 -5.68
-0.12 -0.99 -0.03 -21.13 1.57 -3.57
-0.17 -1.01 -0.01 -19.88 1.11 -1.94
-0.18 -0.99 -0.00 -18.47 -0.05 -0.11
-0.17 -0.95 -0.02 -18.05 -0.23 1.31
-0.16 -0.88 -0.04 -20.18 -0.09 2.53
-0.17 -0.86 -0.05 -23.97 -0.76 1.19
-0.14 -0.85 -0.07 -30.21 -1.27 -1.44
-0.12 -0.89 -0.09 -34.95 -0.26 -2.03
-0.09 -0.93 -0.07 -36.72 2.11 0.03
-0.07 -0.98 -0.07 -35.74 4.75 4.26
-0.07 -1.00 -0.07 -33.16 7.97 8.46
-0.07 -0.98 -0.08 -31.89 11.30 10.52
-0.11 -1.00 -0.06 -31.11 13.34 10.37
-0.14 -0.99 -0.07 -30.90 14.99 8.69
-0.16 -0.96 -0.06 -32.38 15.89 6.02
-0.19 -0.94 -0.06 -34.41 16.06 3.86
-0.21 -0.91 -0.06 -36.82 15.13 5.54
-0.20 -0.92 -0.06 -38.15 14.12 8.84
-0.19 -0.93 -0.06 -38.84 12.96 11.08
-0.05 -0.98 -0.08 -38.67 17.45 10.44
-0.01 -0.99 -0.08 -38.96 24.98 8.14
-0.06 -0.99 -0.05 -39.92 29.74 5.07
-0.13 -0.99 -0.02 -41.04 30.12 2.95
-0.20 -1.01 -0.01 -41.21 26.81 0.70
-0.22 -1.03 0.01 -38.34 22.24 1.76
-0.20 -1.03 -0.00 -34.61 20.46 6.82
-0.17 -0.99 -0.02 -32.53 19.21 11.33
-0.10 -0.91 -0.06 -35.54 20.15 14.41
-0.02 -0.90 -0.09 -41.48 24.09 14.12
-0.02 -0.96 -0.08 -44.31 31.01 14.17
-0.07 -1.01 -0.08 -43.71 35.91 16.29
-0.13 -1.01 -0.05 -41.42 38.23 18.56
-0.15 -0.99 -0.06 -40.53 38.63 18.55
-0.20 -0.99 -0.04 -41.76 36.96 14.58
-0.25 -1.04 -0.02 -42.32 27.92 7.60
-0.15 -1.05 -0.02 -44.47 21.02 -1.37
-0.05 -1.06 -0.05 -47.56 18.75 -9.57
0.12 -1.09 -0.09 -48.06 26.78 -14.24
0.10 -1.14 -0.06 -43.48 38.79 -12.84
0.00 -1.15 -0.05 -36.02 47.57 -6.56
-0.14 -1.15 -0.02 -28.34 48.84 -0.64
-0.18 -1.11 -0.01 -23.65 46.53 1.25
-0.18 -1.04 -0.04 -24.21 43.74 1.07
-0.18 -1.00 -0.03 -28.17 40.26 -0.06
-0.19 -0.96 -0.03 -33.07 35.79 0.60
-0.20 -0.94 -0.02 -37.34 30.79 2.14
-0.12 -0.95 -0.03 -40.20 28.55 2.82
0.03 -1.03 -0.07 -39.54 36.15 0.24
-0.02 -1.10 -0.04 -34.55 42.84 -1.48
-0.06 -1.10 -0.02 -29.51 46.44 -2.18
-0.09 -1.09 -0.02 -25.16 48.87 -1.34
-0.16 -1.05 0.00 -20.46 47.89 0.09
-0.18 -1.02 -0.01 -16.34 45.19 2.44
-0.21 -0.97 0.01 -14.67 41.15 2.21
-0.22 -0.91 0.01 -16.24 34.64 -0.31
-0.19 -0.89 -0.01 -20.12 28.64 -3.13
-0.13 -0.87 -0.01 -23.88 25.25 -3.65
-0.11 -0.91 0.00 -26.40 22.50 -2.14
-0.10 -0.96 0.02 -24.20 21.33 1.05
-0.12 -1.02 0.02 -19.65 19.54 5.10
-0.12 -1.04 0.02 -12.37 18.02 9.50
-0.11 -1.01 0.01 -6.00 16.09 11.65
-0.11 -0.96 -0.01 -4.00 13.31 9.36
-0.09 -0.92 -0.03 -6.43 10.41 2.78
-0.10 -0.92 -0.03 -10.81 7.98 -5.22
-0.13 -0.98 -0.02 -11.95 5.97 -9.44
-0.16 -1.02 -0.02 -8.66 5.05 -7.34
-0.17 -1.04 -0.01 -2.61 4.66 -2.93
-0.21 -1.05 -0.01 4.03 3.59 -0.72
-0.27 -1.03 -0.00 7.92 -1.10 -2.56
-0.29 -1.02 -0.01 11.01 -7.40 -6.17
-0.27 -0.99 -0.03 12.69 -11.79 -7.02
-0.27 -0.98 -0.05 13.07 -14.76 -4.69
-0.27 -0.97 -0.03 13.74 -17.57 -1.21
-0.24 -0.97 -0.02 14.27 -19.65 1.45
-0.21 -0.99 -0.01 15.60 -20.92 1.65
