0.02 -0.97 -0.02 -21.19 -17.21 3.59
-0.07 -0.97 -0.11 -31.53 -15.21 5.77
-0.23 -1.05 -0.17 -41.82 -12.37 5.89
-0.51 -1.13 -0.25 -50.89 -12.31 6.03
-0.81 -1.21 -0.38 -57.25 -9.65 12.58
-1.04 -1.36 -0.52 -55.88 -2.31 20.46
-1.25 -1.36 -0.59 -51.15 10.14 26.61
-1.52 -1.33 -0.65 -42.11 24.29 38.40
-1.80 -1.20 -0.67 -37.86 35.39 50.81
-2.13 -1.19 -0.67 -38.02 40.78 50.79
-2.46 -1.28 -0.63 -35.37 42.60 47.21
-2.75 -1.31 -0.46 -21.98 32.70 41.10
-2.79 -1.36 -0.26 2.02 11.33 30.69
-2.53 -1.31 -0.24 35.28 -4.27 21.68
-2.20 -1.11 -0.31 72.72 -8.43 22.89
-1.75 -0.81 -0.41 109.28 5.11 33.89
-1.43 -0.37 -0.28 135.02 12.46 43.83
-1.08 -0.07 -0.06 145.42 12.56 62.31
-0.58 0.39 0.03 137.98 11.95 82.76
-0.13 0.58 0.10 112.18 9.54 100.26
0.25 0.59 0.17 71.37 17.68 126.32
0.74 0.18 0.31 34.55 31.54 146.11
1.33 -0.25 0.34 9.76 54.24 155.34
1.69 -0.58 0.33 -15.97 92.81 161.42
1.64 -1.38 0.57 -30.23 128.21 157.68
1.41 -2.24 0.91 -20.79 149.18 145.24
1.09 -3.00 1.44 13.88 154.35 135.19
1.08 -3.29 1.59 69.74 145.16 117.89
1.31 -2.97 1.43 101.22 128.93 89.71
1.29 -2.47 1.39 100.44 108.29 50.20
1.31 -2.14 1.30 89.28 85.71 22.12
1.29 -1.90 1.26 82.15 56.32 -3.08
1.21 -1.81 1.20 77.51 28.90 -23.97
1.03 -1.62 1.13 67.05 2.82 -46.87
0.97 -1.61 0.92 63.11 -17.60 -76.82
0.68 -1.23 0.88 47.77 -47.16 -104.81
0.65 -1.07 0.75 31.04 -79.83 -124.95
0.58 -0.95 0.61 25.85 -97.53 -126.56
0.58 -0.85 0.49 20.27 -112.40 -121.82
0.65 -0.83 0.43 18.46 -119.77 -114.02
0.73 -0.73 0.39 6.41 -127.86 -114.76
0.80 -0.81 0.36 -7.37 -134.73 -125.48
0.91 -0.88 0.35 -16.05 -140.82 -137.44
1.08 -0.81 0.36 -23.15 -143.33 -147.59
1.17 -0.76 0.39 -33.31 -140.29 -150.64
1.20 -0.66 0.37 -50.37 -133.80 -158.58
1.15 -0.71 0.35 -62.11 -127.34 -166.17
1.20 -0.64 0.28 -58.67 -109.02 -158.73
1.14 -0.51 0.15 -44.27 -86.41 -137.77
1.05 -0.17 0.04 -36.49 -66.14 -112.47
0.86 0.17 -0.14 -45.66 -43.91 -75.82
0.26 0.28 -0.32 -67.98 -28.47 -33.33
-0.26 0.12 -0.41 -94.40 -18.90 6.64
-0.80 -0.03 -0.46 -131.80 -14.79 34.15
-1.05 -0.47 -0.52 -162.03 2.84 65.60
-1.29 -1.17 -0.58 -161.69 31.01 77.80
-1.62 -1.57 -0.53 -149.65 56.78 83.54
-2.00 -1.85 -0.29 -119.15 74.72 90.50
-2.36 -2.00 0.15 -80.34 66.72 97.27
-2.39 -2.00 0.23 -41.47 48.70 84.49
-2.28 -1.71 0.32 -24.17 31.66 76.00
-1.91 -1.54 0.20 -25.37 18.27 53.95
-1.59 -0.77 0.03 -63.18 5.42 26.43
-1.18 -1.05 0.14 -44.81 14.92 15.27
-1.28 -1.11 0.01 -61.31 -1.76 9.07
-0.92 -1.32 -0.18 -56.09 2.12 1.37
-0.69 -1.24 -0.15 -42.09 9.91 5.31
-0.59 -1.39 -0.24 -3.21 17.88 8.79
-0.65 -1.44 -0.15 21.25 15.48 3.04
-0.57 -1.28 -0.15 36.81 15.21 -9.40
-0.53 -1.12 -0.14 44.35 11.59 -15.44
-0.46 -0.96 -0.14 48.32 10.35 -15.63
-0.44 -0.77 -0.11 42.18 6.24 -13.62
-0.37 -0.64 -0.10 23.76 2.55 -15.65
-0.33 -0.66 -0.10 4.98 -2.03 -18.43
-0.28 -0.73 -0.10 -3.07 -6.81 -17.79
-0.19 -0.80 -0.15 -3.91 -9.16 -13.34
-0.14 -0.84 -0.15 -2.50 -9.65 -11.63
-0.10 -0.86 -0.16 -2.63 -9.07 -10.72
-0.08 -0.93 -0.18 -4.41 -8.11 -11.95
-0.07 -0.92 -0.14 -5.27 -4.95 -8.41
-0.08 -0.95 -0.12 -3.59 -1.22 -4.05
-0.08 -0.95 -0.09 -2.64 0.46 -0.84
-0.08 -0.97 -0.05 -4.09 1.56 1.02
-0.06 -1.03 -0.04 -4.69 3.28 0.40
-0.09 -1.05 -0.02 -6.17 4.61 -1.69
-0.14 -1.10 0.03 -5.94 4.66 -2.79
-0.15 -1.11 0.04 -4.67 2.73 -3.53
-0.14 -1.11 0.02 -4.64 1.24 -4.75
-0.13 -1.10 0.01 -5.25 1.62 -6.79
-0.11 -1.08 0.01 -5.71 1.86 -6.95
-0.13 -1.08 0.03 -4.20 1.53 -5.76
-0.15 -1.08 0.06 -2.00 -0.23 -5.13
-0.16 -1.07 0.07 -0.17 -2.69 -6.14
-0.16 -1.04 0.06 -0.02 -6.89 -7.27
-0.14 -1.00 0.03 -2.26 -9.51 -8.90
-0.10 -0.99 -0.00 -4.05 -11.08 -9.37
-0.08 -1.00 -0.02 -2.70 -11.51 -9.44
-0.05 -0.98 -0.03 -0.06 -9.74 -8.23
-0.04 -0.93 -0.04 0.58 -8.03 -6.93
