-0.17 -0.99 -0.02 -2.95 4.11 -3.22
-0.19 -0.98 -0.02 -2.55 2.95 -3.19
-0.21 -0.97 -0.05 -2.63 1.91 -1.76
-0.20 -0.96 -0.05 -3.21 1.57 1.19
-0.18 -0.95 -0.06 -4.60 1.53 3.48
-0.17 -0.95 -0.07 -6.18 1.97 3.57
-0.18 -0.97 -0.09 -7.77 1.60 2.08
-0.18 -0.98 -0.09 -8.40 0.98 -1.86
-0.19 -0.97 -0.12 -10.03 -0.05 -6.34
-0.20 -0.97 -0.12 -11.98 -1.10 -9.53
-0.20 -0.99 -0.14 -13.22 -1.85 -10.52
-0.20 -1.00 -0.14 -13.51 -1.69 -9.47
-0.19 -1.01 -0.13 -13.39 -1.04 -7.97
-0.17 -1.01 -0.13 -13.24 -0.03 -7.74
-0.16 -0.99 -0.15 -13.80 1.28 -9.19
-0.17 -0.98 -0.14 -15.04 1.57 -11.66
-0.18 -0.99 -0.14 -15.08 1.25 -13.21
-0.17 -0.97 -0.15 -15.33 1.27 -13.47
-0.15 -0.95 -0.15 -16.43 2.14 -12.09
-0.12 -0.94 -0.17 -17.62 4.20 -9.98
-0.12 -0.94 -0.16 -19.02 5.92 -9.53
-0.12 -0.94 -0.15 -20.32 6.55 -10.76
-0.13 -0.92 -0.14 -22.98 6.35 -13.73
-0.13 -0.92 -0.12 -26.21 5.37 -16.20
-0.09 -0.94 -0.12 -27.94 6.44 -15.30
-0.08 -0.93 -0.12 -31.10 7.85 -14.84
-0.06 -0.96 -0.11 -34.32 9.45 -15.28
-0.05 -0.97 -0.11 -35.18 11.83 -13.65
-0.06 -0.98 -0.11 -35.47 14.27 -12.20
-0.07 -0.97 -0.13 -35.57 16.05 -12.15
-0.06 -0.94 -0.14 -38.40 17.74 -13.02
-0.06 -0.93 -0.15 -43.18 20.03 -13.86
-0.08 -0.98 -0.12 -46.49 20.99 -11.98
-0.07 -1.04 -0.09 -45.97 22.67 -6.87
-0.05 -1.06 -0.08 -43.33 25.91 -0.66
-0.06 -1.06 -0.08 -40.41 28.24 1.86
-0.08 -1.05 -0.08 -39.34 29.95 0.55
-0.10 -1.04 -0.07 -39.19 29.11 -3.13
-0.07 -1.03 -0.09 -38.35 30.32 -3.02
-0.03 -1.01 -0.09 -37.73 34.69 1.13
-0.03 -1.00 -0.08 -37.92 39.42 4.95
-0.08 -0.99 -0.05 -38.81 41.30 6.34
-0.08 -0.98 -0.05 -39.89 42.26 7.01
-0.11 -0.98 -0.03 -39.71 42.02 7.51
-0.11 -0.98 -0.04 -40.60 41.80 7.45
-0.11 -0.98 -0.04 -40.90 42.09 7.34
-0.10 -0.98 -0.04 -40.17 42.93 10.20
-0.06 -0.97 -0.05 -37.07 45.02 14.37
-0.05 -0.94 -0.07 -36.92 47.48 15.65
-0.05 -0.94 -0.07 -38.32 48.09 14.40
-0.09 -0.96 -0.06 -42.35 47.39 9.74
-0.10 -1.00 -0.04 -46.70 45.21 4.70
-0.10 -1.06 0.00 -46.95 43.10 4.53
-0.10 -1.10 0.02 -43.54 41.42 7.16
-0.08 -1.12 0.01 -38.31 40.82 10.27
-0.06 -1.12 0.02 -31.91 41.19 13.62
-0.03 -1.10 0.01 -25.56 42.75 16.12
-0.03 -1.08 0.01 -20.89 44.44 16.72
-0.07 -1.07 0.01 -18.50 44.11 12.12
-0.13 -1.04 0.02 -17.74 40.70 6.38
-0.16 -1.05 0.04 -17.22 35.79 0.92
-0.18 -1.07 0.05 -14.98 30.78 -0.87
-0.18 -1.08 0.06 -10.47 26.46 0.49
-0.19 -1.08 0.07 -4.89 22.29 3.36
-0.18 -1.08 0.09 1.94 18.00 7.13
-0.14 -1.03 0.06 7.91 15.36 10.11
-0.13 -0.96 0.05 9.94 13.18 11.63
-0.13 -0.93 0.04 9.04 9.92 10.79
-0.13 -0.91 0.01 6.96 6.95 8.90
-0.15 -0.92 0.03 3.73 3.07 5.22
-0.15 -0.95 0.05 2.98 -1.30 3.91
-0.15 -1.01 0.07 7.33 -5.08 4.82
-0.13 -1.00 0.07 13.15 -8.23 6.35
-0.11 -0.96 0.04 16.95 -10.40 5.97
-0.13 -0.91 0.02 17.68 -13.63 2.87
-0.12 -0.91 0.01 16.61 -16.20 0.52
-0.14 -0.92 -0.00 17.11 -17.63 1.02
-0.17 -0.93 0.01 16.82 -20.79 2.34
-0.16 -0.94 0.01 17.65 -23.97 3.31
-0.16 -0.95 0.01 18.98 -25.92 3.15
-0.17 -0.96 -0.00 20.52 -27.53 0.58
-0.20 -0.95 -0.01 21.30 -30.41 -2.55
-0.23 -0.95 -0.01 21.37 -34.60 -4.26
-0.22 -0.94 -0.02 21.10 -38.61 -2.56
-0.21 -0.95 -0.00 21.13 -41.98 2.82
-0.18 -0.95 -0.00 20.64 -45.01 10.63
-0.12 -0.97 0.03 20.44 -46.50 17.68
-0.05 -1.04 0.04 23.27 -45.19 21.79
-0.01 -1.08 0.04 28.90 -42.46 20.99
-0.02 -1.06 0.03 33.51 -40.11 13.39
-0.07 -1.02 0.01 34.85 -40.31 2.43
-0.14 -1.01 0.00 34.84 -42.43 -7.13
-0.18 -1.03 0.00 35.34 -45.56 -13.36
-0.21 -1.04 0.03 37.34 -48.66 -14.63
-0.19 -1.05 0.04 39.89 -50.52 -10.03
-0.15 -1.07 0.04 44.81 -50.11 -2.89
-0.13 -1.00 0.03 49.76 -47.94 4.75
-0.09 -0.90 -0.01 49.25 -46.46 10.24
-0.07 -0.80 -0.04 42.31 -44.32 11.62
-0.05 -0.75 -0.06 30.98 -41.88 10.41
