0.05 -0.93 0.12 -4.32 7.18 1.51
0.05 -0.92 0.12 -6.05 9.39 3.62
0.06 -0.93 0.14 -8.02 12.21 6.49
0.04 -0.94 0.15 -8.99 14.15 8.79
0.01 -0.96 0.16 -8.02 15.19 10.75
-0.06 -1.06 0.21 -2.70 12.82 11.80
-0.03 -1.10 0.21 6.47 10.09 13.01
0.03 -1.04 0.18 12.82 11.11 13.92
0.05 -0.96 0.16 15.57 13.21 14.82
0.06 -0.93 0.15 16.84 15.05 16.58
0.04 -0.89 0.13 17.53 16.31 19.85
0.04 -0.85 0.07 15.74 17.51 21.16
0.00 -0.83 0.04 11.47 17.68 19.33
-0.03 -0.83 0.01 5.16 16.79 14.43
-0.09 -0.87 0.02 -4.35 14.56 6.37
-0.16 -0.97 0.04 -9.59 9.86 -0.81
-0.18 -1.05 0.04 -10.32 5.91 -5.16
-0.20 -1.10 0.03 -7.73 2.78 -6.67
-0.20 -1.10 -0.00 -5.04 0.46 -6.49
-0.18 -1.08 -0.02 -3.45 -0.98 -3.82
-0.14 -1.06 -0.04 -3.31 -0.99 -0.92
-0.11 -1.03 -0.04 -3.59 -0.05 1.69
-0.11 -1.00 -0.07 -3.97 0.76 3.24
-0.11 -0.99 -0.06 -5.25 0.61 3.21
-0.12 -0.99 -0.06 -7.42 -0.79 1.83
-0.12 -1.00 -0.06 -8.72 -2.24 1.94
-0.12 -1.00 -0.05 -8.46 -3.37 3.47
-0.14 -1.00 -0.04 -7.89 -5.15 4.67
-0.16 -1.01 -0.03 -7.01 -9.19 7.44
-0.15 -1.00 -0.05 -6.55 -12.73 10.49
-0.10 -1.01 -0.07 -5.62 -13.42 13.40
-0.07 -1.01 -0.09 -4.87 -11.39 15.63
-0.07 -0.98 -0.11 -6.11 -8.89 16.69
-0.08 -0.95 -0.11 -8.99 -6.92 16.95
-0.10 -0.96 -0.11 -11.66 -5.74 17.21
-0.10 -0.97 -0.10 -11.24 -3.05 19.66
-0.12 -0.98 -0.11 -8.18 0.21 24.70
-0.15 -0.95 -0.10 -5.86 2.24 26.72
-0.21 -0.96 -0.08 -5.02 1.19 26.99
-0.29 -0.97 -0.06 -5.18 -3.89 23.07
-0.32 -0.97 -0.05 -7.80 -9.53 20.73
-0.28 -0.95 -0.07 -13.10 -11.28 20.17
-0.23 -0.95 -0.07 -15.65 -12.46 20.46
-0.12 -0.95 -0.08 -16.87 -5.86 24.37
-0.10 -0.94 -0.09 -14.99 2.34 31.77
-0.11 -0.91 -0.09 -13.16 8.09 37.65
-0.17 -0.91 -0.06 -12.76 11.85 40.81
-0.21 -0.95 -0.03 -10.70 11.28 43.15
-0.16 -0.90 -0.04 -9.89 13.02 45.50
-0.14 -0.83 -0.08 -11.63 18.37 49.25
-0.18 -0.78 -0.07 -15.07 22.15 53.85
-0.25 -0.75 -0.05 -19.71 22.64 59.13
-0.36 -0.77 -0.01 -23.92 16.43 61.86
-0.36 -0.78 0.00 -30.09 4.96 59.08
-0.29 -0.79 -0.04 -40.53 -4.67 52.99
-0.21 -0.86 -0.07 -52.15 -13.73 42.60
-0.10 -0.93 -0.06 -60.78 -15.73 34.70
-0.01 -1.04 -0.06 -62.15 -9.79 31.44
0.05 -1.08 -0.06 -56.55 3.16 33.85
-0.01 -1.07 -0.04 -49.25 14.99 40.44
-0.13 -1.06 -0.00 -42.47 19.51 45.69
-0.27 -1.03 0.02 -37.69 18.15 51.60
-0.36 -1.03 0.08 -34.37 12.53 57.45
-0.33 -1.00 0.09 -33.47 8.98 60.52
-0.17 -0.97 0.02 -34.35 12.82 62.70
-0.07 -0.98 -0.01 -35.01 25.07 59.05
-0.19 -1.03 0.03 -34.70 30.44 47.51
-0.34 -1.03 0.07 -40.27 19.73 28.60
-0.28 -1.06 0.08 -46.90 7.48 12.52
-0.18 -1.07 0.03 -52.18 0.41 -0.26
-0.10 -1.10 0.01 -55.19 1.62 -8.70
-0.05 -1.14 0.03 -51.37 9.50 -7.05
-0.02 -1.14 0.03 -41.76 19.92 0.98
0.03 -1.12 0.00 -31.76 32.85 10.17
-0.04 -1.12 0.04 -20.41 44.11 17.54
-0.18 -1.07 0.09 -12.81 45.50 21.65
-0.23 -0.99 0.07 -13.97 41.86 20.52
-0.23 -0.96 0.09 -18.23 37.47 17.25
-0.23 -0.95 0.10 -22.55 33.11 12.89
-0.25 -1.01 0.14 -23.22 28.00 8.75
-0.21 -1.05 0.16 -18.40 25.65 6.34
-0.16 -1.04 0.14 -10.72 27.50 6.92
-0.16 -1.01 0.14 -2.41 30.41 9.82
-0.23 -0.93 0.14 2.14 29.73 12.79
-0.25 -0.86 0.14 -0.21 26.32 12.14
-0.24 -0.83 0.14 -4.89 21.31 10.21
-0.25 -0.88 0.15 -8.08 15.36 5.56
-0.24 -0.94 0.18 -7.42 9.24 1.91
-0.20 -0.99 0.18 -3.15 5.56 -1.05
-0.18 -1.00 0.18 2.47 4.55 -4.05
-0.20 -0.93 0.17 6.63 2.79 -4.87
-0.22 -0.91 0.18 7.88 -0.17 -5.07
-0.23 -0.87 0.19 6.32 -3.88 -4.99
-0.25 -0.89 0.20 5.34 -8.29 -4.41
-0.26 -0.93 0.21 5.88 -12.72 -5.60
-0.29 -0.97 0.24 8.89 -19.65 -6.43
-0.28 -0.98 0.24 12.47 -25.73 -7.92
-0.24 -0.96 0.22 14.70 -29.88 -10.31
-0.21 -0.95 0.20 13.92 -31.31 -13.83
-0.20 -0.96 0.19 12.29 -31.89 -18.35
