-0.07 -1.03 -0.15 -0.46 -2.70 5.34
-0.09 -1.03 -0.15 1.47 -2.64 5.98
-0.12 -1.02 -0.16 2.73 -3.05 6.76
-0.15 -1.01 -0.16 4.20 -3.94 8.55
-0.16 -1.01 -0.19 6.15 -4.40 11.83
-0.16 -1.02 -0.21 7.53 -4.02 14.32
-0.15 -1.00 -0.22 8.09 -3.69 14.17
-0.14 -0.97 -0.23 6.20 -4.31 13.28
-0.14 -0.96 -0.26 3.02 -2.46 12.27
-0.16 -0.94 -0.27 -1.76 -2.70 10.15
-0.14 -0.97 -0.30 -5.77 -0.85 8.93
-0.15 -1.00 -0.26 -6.18 0.43 9.77
-0.15 -1.03 -0.26 -4.53 0.64 10.69
-0.19 -1.01 -0.25 -3.68 0.00 9.37
-0.07 -1.02 -0.25 -0.72 0.92 15.54
-0.02 -1.02 -0.32 2.18 10.70 14.53
-0.16 -0.96 -0.24 -0.79 12.49 7.42
-0.18 -0.97 -0.20 -4.37 9.42 3.11
-0.18 -0.98 -0.19 -1.34 10.14 6.69
-0.20 -0.92 -0.18 -1.24 11.85 10.61
-0.20 -0.94 -0.15 -2.44 9.94 11.24
-0.16 -0.95 -0.15 -0.56 11.60 12.96
-0.24 -0.94 -0.13 1.88 11.66 16.87
-0.21 -0.88 -0.14 -0.34 8.52 19.31
-0.20 -0.89 -0.13 0.29 10.55 21.10
-0.16 -0.88 -0.15 -1.86 11.50 24.20
-0.17 -0.86 -0.17 -6.02 11.50 23.77
-0.20 -0.89 -0.16 -11.30 10.00 21.33
-0.18 -0.93 -0.06 -17.21 10.15 21.74
-0.09 -0.96 -0.16 -18.41 6.09 20.75
-0.17 -0.99 -0.16 -17.57 8.73 20.37
-0.23 -1.02 -0.15 -12.89 7.85 27.07
-0.17 -1.08 -0.14 -5.85 8.53 32.64
-0.20 -1.04 -0.11 -0.17 8.17 36.70
-0.19 -0.98 -0.20 2.64 6.70 36.79
-0.17 -1.03 -0.14 3.66 6.53 40.20
-0.16 -0.98 -0.15 1.54 4.87 40.03
-0.12 -1.04 -0.20 0.46 5.50 39.73
-0.13 -1.07 -0.18 1.48 7.21 35.77
-0.19 -1.07 -0.08 4.49 6.72 35.08
-0.22 -1.08 -0.07 11.51 2.73 36.26
-0.20 -1.06 -0.05 21.57 3.10 39.24
-0.21 -0.94 -0.08 24.09 0.96 42.61
-0.15 -0.90 -0.10 19.30 -0.29 41.76
-0.05 -0.94 -0.15 13.37 1.13 44.47
-0.04 -0.93 -0.17 8.31 6.46 40.50
-0.07 -0.95 -0.13 1.27 6.26 34.95
-0.03 -1.05 -0.12 4.78 8.73 33.19
-0.09 -1.06 -0.11 12.95 11.39 33.22
-0.08 -1.08 -0.07 22.27 11.89 35.04
-0.08 -0.97 -0.10 27.95 15.05 34.96
-0.13 -0.88 -0.10 24.02 14.41 35.15
-0.08 -0.85 -0.11 15.97 14.21 36.49
-0.06 -0.88 -0.10 9.82 17.19 37.85
-0.09 -0.94 -0.06 4.78 17.80 34.87
-0.10 -0.99 -0.04 4.03 15.85 31.47
-0.09 -1.01 -0.04 7.16 16.84 31.34
-0.10 -0.98 -0.08 7.39 16.03 31.37
-0.08 -0.99 -0.09 5.19 15.56 32.50
-0.07 -1.00 -0.11 1.48 15.27 29.76
-0.05 -1.04 -0.12 -1.33 16.26 26.11
-0.07 -1.09 -0.09 -1.76 15.48 20.52
-0.06 -1.13 -0.07 0.90 14.35 17.80
-0.09 -1.10 -0.04 2.67 11.51 13.40
-0.07 -1.08 -0.07 3.89 8.27 11.36
-0.06 -1.06 -0.09 4.34 7.66 11.01
-0.06 -1.03 -0.09 0.92 5.91 9.16
-0.05 -1.03 -0.10 -3.33 4.11 7.10
-0.07 -1.03 -0.09 -7.02 1.51 3.28
-0.04 -1.05 -0.09 -10.18 -1.66 1.40
-0.04 -1.06 -0.08 -11.89 -3.08 -3.21
-0.05 -1.07 -0.07 -13.21 -6.56 -7.69
-0.04 -1.08 -0.08 -12.95 -8.69 -11.50
-0.05 -1.08 -0.05 -12.69 -11.10 -13.69
-0.04 -1.08 -0.05 -10.58 -12.03 -13.59
-0.03 -1.06 -0.06 -9.57 -12.67 -15.68
-0.05 -1.04 -0.05 -10.32 -13.74 -19.27
-0.07 -1.04 -0.04 -11.68 -15.04 -22.69
-0.12 -1.03 -0.00 -12.73 -19.19 -26.02
-0.14 -1.04 0.01 -11.36 -23.36 -25.89
-0.13 -1.03 0.00 -7.13 -25.45 -22.61
-0.09 -1.02 -0.01 -2.23 -26.49 -20.08
-0.09 -1.02 -0.03 1.95 -27.76 -19.62
-0.09 -1.01 -0.03 5.44 -29.34 -19.66
-0.06 -1.02 -0.06 9.83 -28.66 -20.15
-0.04 -1.03 -0.04 16.23 -26.90 -19.59
-0.08 -0.99 -0.06 22.76 -25.69 -21.50
-0.12 -0.93 -0.05 25.53 -25.91 -23.92
-0.19 -0.87 -0.05 23.60 -28.90 -24.81
-0.21 -0.83 -0.02 18.29 -33.25 -21.48
-0.17 -0.81 -0.05 14.09 -34.00 -16.40
-0.13 -0.81 -0.06 8.26 -33.04 -12.95
-0.10 -0.81 -0.09 0.75 -31.16 -13.21
-0.08 -0.86 -0.12 -5.60 -29.31 -15.53
-0.08 -0.86 -0.09 -13.37 -26.90 -21.83
-0.11 -0.93 -0.06 -19.77 -27.37 -30.09
-0.13 -1.01 -0.04 -21.54 -26.81 -34.29
-0.12 -1.04 -0.01 -18.63 -25.57 -33.40
-0.14 -1.04 0.00 -12.09 -24.03 -27.89
-0.17 -1.02 -0.02 -5.53 -24.79 -20.87
