-0.20 -0.97 0.02 -5.91 1.80 -1.95
-0.19 -0.98 0.02 -5.31 1.65 -0.85
-0.20 -0.99 -0.00 -4.50 1.62 -0.73
-0.20 -0.98 -0.02 -4.08 1.85 -1.39
-0.22 -0.98 -0.02 -4.40 1.16 -3.76
-0.23 -0.98 -0.02 -4.21 0.11 -4.67
-0.21 -0.98 -0.03 -4.17 0.09 -4.18
-0.20 -0.95 -0.03 -4.44 0.35 -3.98
-0.18 -0.95 -0.04 -5.65 0.64 -4.21
-0.17 -0.97 -0.05 -6.21 1.42 -5.08
-0.16 -0.97 -0.04 -6.98 2.63 -5.97
-0.20 -0.99 -0.04 -7.86 2.75 -8.18
-0.22 -1.02 -0.04 -7.31 2.46 -9.53
-0.22 -1.03 -0.06 -6.50 2.78 -10.52
-0.23 -1.02 -0.05 -5.57 2.27 -14.73
-0.22 -1.00 -0.04 -4.08 2.15 -14.96
-0.23 -0.95 -0.05 -4.90 1.04 -13.85
-0.19 -0.93 -0.05 -5.95 1.37 -10.73
-0.17 -0.91 -0.07 -7.94 2.32 -8.53
-0.16 -0.92 -0.05 -9.68 3.34 -7.80
-0.16 -0.92 -0.05 -11.80 3.91 -8.69
-0.16 -0.92 -0.06 -13.79 4.58 -9.33
-0.16 -0.93 -0.05 -15.30 5.79 -9.50
-0.17 -0.94 -0.05 -16.99 5.33 -11.07
-0.19 -0.96 -0.03 -16.79 5.45 -12.06
-0.19 -0.93 -0.03 -17.15 5.05 -13.15
-0.18 -0.91 -0.05 -19.15 5.37 -13.89
-0.17 -0.91 -0.05 -21.18 5.91 -12.53
-0.15 -0.93 -0.04 -22.15 6.52 -11.16
-0.13 -0.93 -0.02 -22.92 7.63 -9.60
-0.10 -0.94 -0.03 -23.95 9.01 -8.76
-0.08 -0.94 -0.04 -25.60 11.98 -8.79
-0.11 -0.96 -0.01 -26.63 12.84 -8.12
-0.09 -0.98 -0.03 -25.83 14.90 -6.03
-0.13 -1.00 0.00 -24.66 14.96 -4.64
-0.13 -1.03 -0.01 -22.15 15.73 -3.86
-0.14 -1.01 -0.03 -19.71 15.77 -5.82
-0.12 -0.97 -0.03 -20.08 16.76 -7.51
-0.11 -0.94 -0.04 -22.03 17.74 -9.83
-0.12 -0.93 -0.03 -25.63 18.23 -12.32
-0.14 -0.95 -0.03 -27.80 17.68 -11.95
-0.13 -0.98 -0.01 -28.70 18.06 -9.02
-0.13 -1.01 -0.00 -27.45 18.63 -5.27
-0.13 -1.01 0.01 -25.18 18.50 -2.29
-0.11 -1.01 0.01 -23.88 19.33 -0.38
-0.08 -0.97 -0.01 -23.76 21.48 0.90
-0.07 -0.95 -0.02 -25.40 23.50 1.24
-0.08 -0.95 -0.01 -27.37 24.32 1.15
-0.07 -0.96 -0.01 -27.31 25.44 2.81
-0.07 -0.97 -0.00 -26.63 26.56 4.37
-0.07 -0.98 0.00 -25.40 27.69 5.19
-0.07 -0.97 -0.00 -24.81 28.79 5.71
-0.08 -0.95 -0.01 -25.73 30.06 5.04
-0.09 -0.93 -0.02 -27.48 30.61 3.37
-0.10 -0.95 -0.01 -28.64 31.07 2.50
-0.08 -0.97 -0.00 -29.10 31.95 1.92
-0.08 -0.99 -0.00 -28.90 32.72 2.20
-0.06 -1.01 0.00 -28.89 34.17 1.88
-0.08 -1.03 0.03 -28.76 34.00 0.78
-0.07 -1.05 0.04 -26.53 34.15 2.66
-0.06 -1.08 0.04 -22.12 35.36 5.51
-0.06 -1.07 0.05 -17.79 36.98 7.71
-0.11 -1.03 0.05 -15.65 37.04 7.27
-0.12 -1.01 0.06 -14.11 35.77 7.08
-0.13 -0.97 0.05 -13.88 34.73 6.78
-0.15 -0.95 0.05 -15.69 33.62 5.24
-0.16 -0.95 0.06 -16.84 31.19 4.70
-0.20 -0.97 0.08 -16.89 26.95 6.26
-0.19 -0.98 0.09 -14.66 22.82 10.70
-0.14 -1.00 0.10 -11.40 20.89 18.37
-0.11 -0.99 0.09 -6.60 20.34 26.05
-0.07 -0.96 0.07 -3.89 19.83 30.15
-0.05 -0.94 0.03 -4.20 19.36 28.96
-0.04 -0.93 0.03 -7.37 18.50 21.69
-0.05 -0.95 0.03 -10.76 17.76 11.86
-0.08 -1.00 0.04 -11.88 15.89 1.36
-0.12 -1.05 0.06 -10.31 14.37 -4.99
-0.18 -1.09 0.09 -3.98 12.69 -6.26
-0.19 -1.10 0.09 3.83 10.87 -3.98
-0.19 -1.07 0.07 11.07 9.36 -1.97
-0.21 -1.00 0.07 13.63 6.11 -3.15
-0.20 -0.94 0.04 12.26 3.88 -5.31
-0.22 -0.93 0.02 8.98 2.06 -5.77
-0.26 -0.92 0.05 5.57 -1.57 -5.62
-0.25 -0.97 0.06 5.42 -5.21 -2.49
-0.24 -1.01 0.06 7.74 -8.66 0.81
-0.21 -1.00 0.06 10.06 -11.02 1.91
-0.19 -0.98 0.06 10.05 -13.59 -0.31
-0.18 -0.95 0.04 7.97 -16.14 -3.24
-0.20 -0.98 0.06 7.15 -18.20 -3.36
-0.20 -1.02 0.07 8.40 -20.14 -1.27
-0.22 -1.06 0.09 11.02 -23.31 -0.15
-0.19 -1.08 0.09 15.36 -25.42 0.89
-0.18 -1.07 0.06 19.33 -26.15 0.50
-0.16 -1.03 0.06 20.99 -27.54 -1.71
-0.17 -1.00 0.03 20.92 -28.56 -4.37
-0.17 -0.99 0.04 21.24 -30.43 -4.75
-0.16 -1.00 0.04 23.08 -31.34 -2.23
-0.15 -1.00 0.05 26.72 -30.90 2.95
-0.15 -0.95 0.05 28.11 -31.80 5.54
