-0.20 -0.97 0.02 -4.63 -0.02 -2.46
-0.21 -0.98 0.02 -3.98 -0.32 -2.23
-0.21 -0.98 -0.00 -3.44 -0.24 -1.86
-0.21 -0.98 -0.00 -3.59 -0.61 -1.71
-0.21 -0.98 -0.02 -3.27 -0.79 -1.79
-0.21 -0.97 -0.03 -2.90 -0.85 -2.24
-0.22 -0.97 -0.03 -2.53 -1.53 -3.07
-0.23 -0.95 -0.05 -2.61 -1.97 -3.95
-0.25 -0.93 -0.07 -3.83 -2.82 -3.74
-0.24 -0.90 -0.08 -5.98 -3.77 -3.47
-0.23 -0.90 -0.10 -8.02 -3.94 -3.47
-0.20 -0.89 -0.11 -10.96 -3.83 -3.82
-0.18 -0.91 -0.11 -13.79 -2.90 -4.12
-0.17 -0.95 -0.11 -14.98 -1.56 -4.85
-0.16 -1.00 -0.12 -14.08 0.31 -5.97
-0.17 -1.01 -0.11 -12.73 1.80 -8.15
-0.18 -1.01 -0.12 -12.02 3.08 -10.40
-0.20 -1.00 -0.12 -12.43 3.53 -11.77
-0.22 -1.00 -0.10 -13.05 3.91 -13.83
-0.22 -1.00 -0.09 -12.32 3.82 -13.69
-0.22 -0.98 -0.09 -11.83 3.48 -13.08
-0.22 -0.94 -0.07 -12.08 2.81 -12.55
-0.18 -0.91 -0.09 -14.24 2.46 -11.21
-0.17 -0.89 -0.10 -19.24 2.50 -11.42
-0.13 -0.92 -0.09 -22.32 4.02 -9.73
-0.13 -0.95 -0.07 -23.22 5.34 -7.33
-0.12 -0.99 -0.04 -21.57 5.82 -4.24
-0.10 -0.99 -0.04 -19.79 6.95 -3.91
-0.10 -0.95 -0.04 -21.01 7.24 -7.80
-0.08 -0.94 -0.05 -24.61 8.43 -11.86
-0.10 -0.94 -0.04 -27.66 9.37 -14.03
-0.10 -0.96 -0.04 -29.19 11.50 -12.85
-0.11 -0.97 -0.03 -30.43 13.28 -12.69
-0.14 -0.98 -0.04 -31.66 13.54 -13.05
-0.11 -0.99 -0.05 -34.06 14.63 -13.47
-0.11 -0.99 -0.04 -36.15 15.51 -13.05
-0.11 -1.01 -0.02 -36.47 16.11 -10.52
-0.11 -1.02 -0.01 -34.49 16.69 -5.86
-0.10 -1.03 -0.02 -32.00 17.13 -1.73
-0.09 -1.05 -0.00 -28.09 18.53 1.21
-0.10 -1.04 -0.03 -25.83 19.82 1.16
-0.10 -1.02 -0.04 -26.79 20.84 -2.40
-0.09 -1.01 -0.05 -27.95 21.76 -5.13
-0.08 -1.00 -0.06 -28.44 24.17 -4.67
-0.10 -0.99 -0.06 -29.08 25.65 -3.11
-0.13 -1.00 -0.03 -28.15 25.88 -1.89
-0.16 -0.99 -0.03 -28.90 24.75 -3.27
-0.17 -0.96 -0.03 -30.73 22.52 -5.85
-0.14 -0.95 -0.05 -33.31 21.76 -7.66
-0.15 -0.96 -0.05 -34.56 21.11 -6.72
-0.10 -0.95 -0.07 -34.79 22.18 -2.61
-0.08 -0.94 -0.07 -33.59 24.61 4.38
-0.03 -0.93 -0.09 -33.22 28.29 10.26
-0.06 -0.93 -0.09 -35.47 31.82 10.02
-0.10 -0.94 -0.07 -39.16 31.80 3.36
-0.13 -0.96 -0.06 -42.47 32.84 -2.27
-0.19 -0.98 -0.03 -43.01 31.59 -3.88
-0.21 -1.01 0.00 -40.52 29.65 -2.90
-0.23 -1.02 0.03 -34.38 27.60 2.47
-0.22 -1.00 0.02 -26.27 26.12 10.37
-0.18 -0.91 -0.03 -23.33 25.88 14.40
-0.14 -0.83 -0.06 -29.40 23.92 9.94
-0.10 -0.85 -0.07 -38.03 23.57 6.90
-0.06 -0.95 -0.04 -42.20 24.61 7.44
-0.07 -0.99 -0.03 -43.60 25.56 10.02
-0.05 -1.10 0.02 -39.73 25.18 14.98
-0.07 -1.17 0.05 -29.53 24.31 20.87
-0.05 -1.22 0.06 -16.85 24.44 24.46
-0.02 -1.20 0.07 -3.62 24.95 24.50
-0.01 -1.12 0.05 5.16 25.77 19.25
-0.03 -1.03 0.02 7.27 25.25 10.35
-0.06 -0.98 0.02 7.07 23.56 1.66
-0.10 -0.94 0.02 4.69 21.69 -1.89
-0.13 -0.94 0.03 2.87 18.73 -2.27
-0.14 -0.96 0.06 4.26 15.94 3.02
-0.12 -0.97 0.06 7.77 14.75 10.14
-0.13 -0.96 0.07 10.35 12.75 11.24
-0.12 -0.97 0.06 12.15 9.40 8.66
-0.13 -0.94 0.05 11.88 6.69 5.07
-0.13 -0.94 0.04 8.90 3.68 0.00
-0.17 -0.98 0.06 8.05 -0.56 -1.33
-0.16 -1.03 0.08 10.79 -3.37 1.39
-0.16 -1.05 0.09 15.54 -6.06 2.85
-0.16 -1.06 0.09 20.69 -9.24 1.50
-0.14 -1.05 0.07 25.27 -11.51 -1.33
-0.17 -1.00 0.05 26.67 -14.64 -5.79
-0.17 -0.98 0.03 25.85 -17.59 -8.82
-0.17 -0.96 0.02 23.59 -19.97 -9.69
-0.19 -0.96 0.03 21.07 -23.22 -8.63
-0.17 -0.99 0.04 20.20 -26.17 -5.95
-0.15 -1.01 0.05 22.35 -27.97 -3.04
-0.12 -1.02 0.04 25.11 -29.28 -1.34
-0.10 -1.02 0.03 26.44 -30.61 -2.11
-0.09 -0.99 0.01 26.58 -31.11 -3.69
-0.10 -0.97 0.02 25.01 -31.50 -4.49
-0.12 -0.95 0.03 23.21 -31.97 -3.15
-0.13 -0.95 0.05 21.25 -33.24 -1.50
-0.10 -1.01 0.06 22.11 -34.03 0.87
-0.08 -1.05 0.07 26.63 -32.24 3.07
-0.05 -1.06 0.04 33.56 -28.81 4.49
