-0.37 -0.98 -0.24 5.13 1.92 0.09
-0.40 -0.98 -0.26 7.39 1.68 0.43
-0.44 -0.97 -0.27 8.60 2.50 -0.69
-0.51 -0.96 -0.28 8.55 1.85 -2.32
-0.56 -0.92 -0.32 8.75 3.24 -1.33
-0.67 -0.89 -0.35 9.42 5.19 -0.29
-0.82 -0.84 -0.36 5.57 6.03 2.37
-1.05 -0.81 -0.36 -1.04 3.92 -0.23
-1.16 -0.77 -0.34 -12.85 9.24 -0.84
-1.35 -0.73 -0.25 -25.77 6.35 -4.56
-1.53 -0.73 -0.24 -38.15 5.44 -6.99
-1.68 -0.70 -0.22 -49.16 2.61 -6.64
-1.81 -0.69 -0.15 -56.31 -7.53 -4.95
-1.82 -0.62 -0.13 -61.34 -20.05 0.14
-1.76 -0.70 -0.10 -54.49 -40.21 3.57
-1.60 -0.78 -0.15 -40.52 -57.05 7.05
-1.34 -0.69 -0.26 -29.02 -63.42 7.42
-1.09 -0.63 -0.34 -22.98 -67.63 4.95
-0.79 -0.61 -0.45 -24.85 -63.71 -17.40
-0.52 -0.59 -0.45 -36.55 -50.05 -37.50
-0.11 -0.63 -0.54 -42.87 -29.77 -47.19
0.13 -0.65 -0.44 -48.24 -11.60 -46.49
0.21 -0.75 -0.35 -48.03 -1.98 -44.38
0.29 -0.77 -0.15 -54.18 5.01 -31.30
0.38 -1.11 0.01 -47.77 -2.76 -22.29
0.46 -1.28 0.07 -30.37 -14.72 -17.13
0.55 -1.48 0.17 -11.92 -30.08 2.05
0.80 -1.75 0.17 16.47 -42.15 25.65
1.01 -1.87 0.13 49.28 -54.21 38.40
1.24 -1.87 0.08 72.56 -57.34 57.15
1.32 -1.82 -0.04 93.48 -63.39 58.05
1.44 -1.50 -0.23 88.82 -59.60 62.52
1.58 -1.24 -0.45 69.69 -37.98 65.76
1.67 -1.15 -0.67 44.90 -5.33 40.75
1.56 -0.94 -0.68 8.15 29.71 -0.47
1.27 -0.91 -0.59 -33.04 58.93 -34.41
0.97 -0.98 -0.43 -66.95 78.56 -55.22
0.69 -1.13 -0.23 -83.47 84.60 -61.47
0.48 -1.29 -0.07 -80.14 84.41 -55.59
0.33 -1.34 0.12 -63.83 74.69 -37.91
0.25 -1.45 0.20 -38.09 60.61 -18.61
0.25 -1.46 0.27 -9.39 45.16 -3.73
0.33 -1.42 0.23 17.62 32.09 4.78
0.42 -1.27 0.17 33.42 20.41 7.80
0.52 -1.11 0.03 39.11 16.44 7.24
0.57 -0.92 -0.10 34.66 18.96 5.22
0.55 -0.77 -0.21 21.07 26.40 -2.64
0.41 -0.64 -0.23 2.21 37.54 -12.85
0.22 -0.57 -0.20 -18.44 42.05 -12.05
0.07 -0.64 -0.17 -32.03 47.88 -7.37
-0.17 -0.69 -0.09 -33.45 46.81 6.11
-0.31 -0.85 -0.02 -21.15 31.42 21.62
-0.50 -0.92 0.03 -2.58 10.99 33.11
-0.58 -1.00 -0.02 18.92 -7.97 37.48
-0.67 -0.98 -0.10 40.50 -17.60 40.63
-0.76 -0.87 -0.20 54.95 -17.15 45.39
-0.75 -0.73 -0.31 61.77 -14.26 52.53
-0.71 -0.59 -0.48 58.60 -2.20 59.18
-0.79 -0.45 -0.54 41.95 6.11 58.03
-0.86 -0.38 -0.55 10.44 11.65 49.36
-0.91 -0.55 -0.54 -11.98 21.63 39.66
-1.09 -0.87 -0.40 -12.69 28.12 30.11
-1.33 -1.05 -0.16 -6.32 13.33 12.40
-1.30 -1.14 -0.09 -1.22 -4.98 5.07
-1.21 -1.22 -0.14 6.67 -19.21 -8.61
-0.98 -1.18 -0.25 21.34 -19.85 -6.66
-0.82 -1.09 -0.37 35.15 -15.13 -6.15
-0.69 -0.86 -0.43 38.92 -8.26 -3.97
-0.58 -0.73 -0.49 27.33 3.48 -5.74
-0.53 -0.67 -0.48 9.01 17.89 -11.86
-0.54 -0.73 -0.41 -5.31 30.18 -15.05
-0.57 -0.81 -0.33 -7.53 35.82 -16.50
-0.46 -0.72 -0.28 -21.79 44.60 -14.73
-0.69 -0.92 -0.09 -16.44 33.63 -12.84
-0.74 -0.93 -0.03 -18.35 9.45 -16.31
-0.61 -0.90 -0.06 -18.00 0.93 -12.63
-0.62 -0.96 -0.10 -9.85 -5.77 -4.31
-0.54 -0.94 -0.16 3.27 -13.62 7.97
-0.46 -0.92 -0.24 11.66 -13.34 15.36
-0.39 -0.88 -0.28 7.85 -10.29 14.43
-0.32 -0.91 -0.32 -0.44 -4.72 6.47
-0.31 -0.93 -0.33 -8.95 2.92 -1.73
-0.35 -0.96 -0.29 -13.47 8.64 -6.41
-0.41 -0.99 -0.23 -12.35 8.64 -6.66
-0.44 -1.03 -0.18 -7.51 5.08 -6.08
-0.43 -1.05 -0.16 -1.92 -0.26 -5.97
-0.41 -1.02 -0.18 2.09 -4.49 -6.47
-0.36 -0.96 -0.20 4.79 -5.77 -5.33
-0.32 -0.90 -0.22 5.19 -5.05 -3.02
-0.30 -0.86 -0.24 2.29 -3.01 -1.30
-0.29 -0.85 -0.23 -1.86 -0.32 -1.25
-0.30 -0.88 -0.21 -6.67 1.42 -3.65
-0.33 -0.92 -0.16 -10.69 1.02 -6.43
-0.34 -0.98 -0.14 -10.50 -0.18 -7.24
-0.36 -1.02 -0.13 -5.53 -2.99 -6.26
-0.35 -1.03 -0.12 -0.08 -6.90 -5.48
-0.32 -1.03 -0.15 4.75 -9.40 -5.05
-0.29 -0.99 -0.17 7.04 -9.86 -4.89
-0.28 -0.96 -0.20 7.10 -9.77 -5.69
-0.26 -0.94 -0.22 5.44 -7.16 -5.42
