-0.58 -1.05 -0.30 5.44 -0.22 -33.64
-0.46 -1.15 -0.25 20.46 -5.00 -35.85
-0.25 -1.09 -0.31 39.74 0.03 -34.69
-0.18 -0.91 -0.25 43.01 2.47 -33.98
-0.09 -0.85 -0.18 42.39 3.69 -33.64
0.07 -0.69 -0.12 39.21 5.48 -23.40
0.18 -0.63 -0.00 37.11 9.11 -1.93
0.30 -0.60 0.15 25.63 6.03 9.15
0.52 -0.67 0.18 15.16 4.98 15.05
0.70 -0.83 0.18 11.49 10.37 17.66
0.83 -1.12 0.09 21.70 20.63 17.37
0.97 -0.91 0.14 23.87 24.28 22.49
0.78 -0.75 0.33 21.37 27.58 21.45
0.98 -0.61 0.30 14.63 28.76 33.46
1.12 -0.58 0.33 4.21 30.83 45.79
1.22 -0.60 0.35 -5.24 36.33 55.79
1.17 -0.74 0.46 -12.84 38.61 61.50
1.10 -0.83 0.54 -16.55 36.95 62.64
1.10 -0.87 0.57 -18.89 31.97 60.81
1.00 -0.98 0.60 -18.96 23.17 56.35
0.97 -1.13 0.62 -17.07 13.89 50.75
1.01 -1.22 0.62 -10.00 5.17 42.78
1.02 -1.21 0.60 -6.45 -0.04 31.40
0.95 -1.11 0.59 -12.23 -6.85 18.54
0.88 -1.06 0.56 -24.76 -14.83 6.40
0.89 -1.06 0.49 -32.18 -21.38 -0.02
0.86 -1.05 0.43 -39.77 -24.37 -1.21
0.83 -1.15 0.37 -50.21 -24.94 -11.50
0.76 -1.41 0.34 -56.63 -24.63 -25.03
0.69 -1.60 0.28 -40.79 -28.34 -42.70
0.57 -1.60 0.22 -20.24 -28.91 -50.40
0.46 -1.44 0.22 0.20 -30.02 -61.59
0.48 -1.16 0.08 11.05 -33.34 -70.12
0.57 -0.86 -0.04 11.70 -26.21 -69.22
0.56 -0.52 -0.07 8.37 -19.48 -59.84
0.41 -0.30 -0.07 -12.73 -10.25 -38.53
0.42 -0.29 -0.18 -38.02 -1.87 -24.02
0.37 -0.42 -0.19 -50.09 2.09 -16.27
0.12 -0.88 -0.08 -55.40 -7.55 -21.14
0.19 -1.36 -0.17 -28.07 -5.72 -23.15
0.12 -1.35 -0.16 1.49 -5.71 -21.89
0.08 -1.10 -0.21 21.92 -2.18 -17.52
0.00 -0.65 -0.24 17.11 0.75 -12.15
-0.09 -0.39 -0.27 -6.83 4.50 -4.24
-0.16 -0.19 -0.37 -40.07 12.21 19.42
-0.20 -0.34 -0.43 -76.35 25.36 42.52
-0.46 -0.80 -0.39 -98.56 27.49 44.38
-0.75 -1.53 -0.20 -94.49 14.02 33.79
-0.72 -2.00 -0.11 -46.62 0.49 23.40
-0.53 -2.00 -0.16 27.85 -7.23 15.14
-0.35 -1.79 -0.26 71.40 -6.54 0.29
-0.26 -0.95 -0.35 64.19 -3.74 -16.40
-0.15 -0.42 -0.38 27.50 3.41 -21.45
-0.13 -0.34 -0.32 -9.02 10.33 -11.16
-0.10 -0.70 -0.27 -23.41 14.88 2.73
-0.10 -1.03 -0.20 -14.33 19.65 11.69
-0.24 -1.25 -0.04 -3.09 12.66 4.13
-0.33 -0.68 0.39 -0.35 -7.18 3.30
0.08 -1.36 -0.32 30.21 9.97 -13.07
0.09 -1.02 -0.25 39.49 8.00 -9.55
0.07 -0.68 -0.17 25.44 16.84 -4.44
0.08 -0.63 -0.12 15.97 15.87 -4.48
0.04 -0.69 -0.06 -0.28 14.27 -2.07
0.07 -0.85 -0.03 -0.13 10.42 0.50
0.03 -0.99 0.05 6.79 4.08 1.87
0.10 -0.99 0.03 13.66 0.11 2.78
0.16 -0.98 0.00 21.30 -2.02 3.05
0.21 -0.89 -0.01 23.13 -1.43 4.72
0.23 -0.81 -0.00 21.82 -1.66 6.07
0.23 -0.73 0.00 13.02 -1.66 7.02
0.22 -0.74 -0.01 3.28 -2.28 8.61
0.21 -0.85 0.00 -3.19 -1.95 11.11
0.21 -0.96 -0.02 -2.38 -1.94 13.11
0.22 -1.00 -0.03 -0.62 -0.95 13.34
0.21 -1.04 -0.03 1.70 -0.40 10.54
0.21 -1.07 -0.03 5.27 -1.10 7.92
0.24 -1.06 -0.05 10.34 -0.01 8.63
0.23 -1.03 -0.05 13.66 1.12 9.24
0.21 -0.97 -0.04 13.05 -0.31 7.14
0.24 -0.94 -0.04 9.95 -0.24 6.26
0.26 -0.95 -0.05 7.63 1.18 6.39
0.28 -0.97 -0.07 6.75 4.50 7.61
0.26 -0.95 -0.06 4.66 7.50 8.30
0.22 -0.95 -0.03 2.24 8.89 8.53
0.18 -1.01 -0.01 1.76 8.09 8.64
0.19 -1.08 0.00 4.40 8.15 8.62
0.16 -1.09 0.03 6.54 6.60 5.53
0.17 -1.09 0.03 9.34 5.69 3.89
0.17 -1.10 0.04 13.22 4.95 3.76
0.16 -1.03 0.05 13.73 3.51 2.79
0.17 -0.97 0.05 11.11 2.44 2.56
0.17 -0.94 0.05 6.71 1.14 1.38
0.19 -0.91 0.03 0.34 0.55 0.56
0.21 -0.94 0.03 -3.41 0.59 1.36
0.20 -0.97 0.03 -3.93 0.76 2.94
0.19 -1.02 0.03 -3.50 -0.15 3.22
0.20 -1.05 0.02 -1.24 -0.40 2.71
0.18 -1.06 0.02 1.78 -1.43 1.23
0.19 -1.05 0.00 4.89 -1.79 1.26
0.20 -1.02 0.00 7.24 -1.50 2.05
