0.15 -0.96 0.11 -3.28 -3.57 -7.33
0.14 -0.97 0.09 -5.07 -4.66 -7.82
0.11 -0.96 0.07 -10.24 -5.91 -8.96
0.08 -1.04 0.07 -12.11 -8.87 -10.43
0.10 -1.11 0.08 -9.31 -9.18 -11.77
0.10 -1.14 0.05 -3.63 -8.02 -13.36
0.06 -1.09 -0.01 -0.53 -8.15 -15.37
0.03 -0.99 -0.08 -2.93 -8.12 -17.11
-0.00 -0.95 -0.11 -7.30 -8.23 -17.54
-0.01 -0.98 -0.14 -8.72 -8.79 -17.24
0.02 -1.00 -0.18 -4.11 -6.03 -14.11
-0.01 -0.93 -0.19 -3.89 -3.02 -11.89
-0.03 -0.87 -0.21 -8.37 -2.21 -11.92
-0.05 -0.84 -0.21 -15.83 -0.95 -11.48
-0.06 -0.89 -0.18 -21.24 -0.72 -10.82
-0.05 -0.99 -0.12 -21.34 -0.12 -9.79
-0.05 -1.04 -0.08 -16.84 1.11 -8.44
-0.06 -1.05 -0.04 -12.12 2.15 -8.27
-0.06 -1.03 -0.00 -8.81 0.41 -7.50
-0.06 -1.01 0.03 -5.57 -0.50 -7.33
-0.04 -1.02 0.08 -1.74 -4.93 -9.73
0.01 -0.99 0.11 0.52 -9.69 -12.43
0.08 -0.95 0.10 4.82 -9.91 -12.20
0.09 -0.89 0.11 8.43 -12.27 -8.98
0.12 -0.81 0.10 10.95 -12.18 -3.19
0.15 -0.72 0.07 6.20 -12.58 0.52
0.22 -0.72 0.09 -2.41 -13.57 3.34
0.34 -0.80 0.03 -9.51 -1.89 5.13
0.32 -0.89 0.18 -7.44 -2.47 9.89
0.47 -1.03 0.15 10.67 0.58 12.49
0.48 -0.81 0.16 18.23 1.07 9.76
0.52 -0.67 0.14 6.24 -2.17 1.44
0.66 -0.61 0.08 -8.21 -0.05 -2.15
0.70 -0.66 0.12 -11.19 4.95 8.92
0.69 -0.76 0.20 -15.37 12.40 22.52
0.70 -0.99 0.33 -6.05 10.55 30.82
0.73 -1.09 0.36 0.78 12.53 34.81
0.79 -1.09 0.35 0.90 13.30 28.85
0.77 -1.16 0.38 3.34 15.16 22.84
0.74 -1.15 0.42 8.11 13.19 14.81
0.73 -1.06 0.42 7.21 9.25 4.23
0.78 -0.98 0.37 2.56 8.70 -1.94
0.79 -0.92 0.34 0.14 10.90 -0.67
0.74 -0.90 0.36 -4.27 13.57 2.93
0.72 -0.92 0.37 -7.59 11.24 3.59
0.75 -0.94 0.36 -9.37 11.57 3.34
0.73 -0.91 0.35 -12.96 10.35 0.81
0.72 -0.86 0.33 -18.17 8.92 -3.25
0.70 -0.83 0.32 -23.92 7.27 -7.83
0.68 -0.88 0.32 -22.85 8.21 -7.95
0.60 -0.91 0.37 -16.44 3.22 -8.63
0.58 -0.93 0.36 -13.22 -3.54 -13.07
0.61 -0.93 0.35 -11.34 -7.54 -19.36
0.61 -0.94 0.32 -7.89 -8.09 -21.07
0.59 -0.90 0.31 -3.59 -8.37 -20.82
0.54 -0.81 0.25 -4.55 -8.49 -18.20
0.54 -0.75 0.22 -10.58 -9.47 -16.92
0.55 -0.77 0.20 -16.79 -10.37 -20.64
0.50 -0.86 0.28 -18.03 -14.46 -26.52
0.51 -0.92 0.25 -9.69 -17.56 -31.77
0.46 -0.91 0.25 0.17 -19.19 -32.53
0.35 -0.85 0.22 4.79 -21.82 -29.28
0.37 -0.82 0.16 6.98 -25.30 -24.34
0.41 -0.82 0.08 7.71 -22.44 -19.69
0.36 -0.77 0.02 0.02 -20.12 -16.58
0.33 -0.84 0.02 -7.74 -17.65 -16.64
0.31 -0.91 0.03 -9.47 -16.23 -16.75
0.49 -1.03 0.09 1.01 4.15 -15.04
0.41 -1.00 -0.14 8.64 -13.97 -12.12
0.29 -0.86 -0.16 18.37 -6.93 -11.65
0.17 -0.67 -0.27 8.18 -4.06 -11.92
0.08 -0.63 -0.29 -10.95 -1.07 -10.90
0.05 -0.72 -0.30 -24.44 2.99 -1.18
-0.04 -0.90 -0.24 -27.71 5.95 8.93
-0.08 -1.10 -0.19 -26.60 7.05 14.93
-0.04 -1.23 -0.16 -18.55 11.57 18.20
-0.08 -1.24 -0.16 -8.89 15.13 18.24
-0.10 -1.19 -0.16 -9.40 16.41 13.98
-0.10 -1.20 -0.14 -10.72 17.59 8.85
-0.13 -1.19 -0.12 -7.69 17.85 6.38
-0.15 -1.16 -0.11 -8.31 16.99 5.91
-0.11 -1.22 -0.06 -2.84 16.56 7.33
-0.08 -1.16 -0.07 4.72 17.50 10.09
-0.07 -1.04 -0.08 5.21 17.42 11.02
-0.01 -1.01 -0.07 4.12 17.53 12.38
0.02 -0.96 -0.06 4.09 18.31 12.53
0.04 -0.90 -0.04 0.67 16.27 10.20
0.09 -0.94 -0.01 1.51 14.55 8.26
0.12 -0.94 -0.00 4.69 13.59 5.97
0.18 -0.91 0.00 6.24 12.79 3.10
0.20 -0.85 -0.01 5.71 13.51 2.23
0.16 -0.80 0.00 1.48 12.43 2.73
0.16 -0.83 0.04 -0.29 10.69 7.19
0.20 -0.89 0.05 0.99 10.09 12.15
0.23 -0.93 0.07 4.72 9.92 14.49
0.26 -0.93 0.07 4.52 9.36 14.02
0.28 -0.94 0.06 3.59 9.44 12.15
0.27 -0.94 0.08 3.86 9.74 12.31
0.26 -0.94 0.10 5.30 9.74 15.40
0.27 -0.91 0.09 5.68 9.89 18.44
