0.11 -1.03 -0.11 6.12 2.46 -1.80
0.09 -0.98 -0.12 4.34 3.06 -2.89
0.10 -0.94 -0.13 1.08 3.56 -2.82
0.08 -0.96 -0.13 -1.21 4.13 -0.42
0.06 -1.00 -0.11 -2.53 4.19 0.13
0.04 -1.05 -0.14 -2.94 4.08 -2.45
0.00 -1.07 -0.17 -3.29 5.12 -6.02
-0.07 -1.09 -0.20 -6.37 6.87 -10.84
-0.16 -1.14 -0.24 -9.37 9.30 -16.99
-0.24 -1.19 -0.28 -10.73 11.66 -21.51
-0.40 -1.23 -0.31 -8.27 11.90 -24.18
-0.50 -1.29 -0.35 -1.53 11.02 -23.32
-0.55 -1.31 -0.44 10.10 9.56 -23.41
-0.54 -1.20 -0.54 15.89 11.79 -25.31
-0.51 -1.10 -0.63 16.65 16.95 -28.98
-0.53 -0.94 -0.68 11.42 23.59 -35.50
-0.55 -0.84 -0.67 -0.60 28.73 -43.39
-0.58 -0.85 -0.64 -9.37 31.55 -50.08
-0.59 -0.89 -0.56 -13.05 35.43 -55.21
-0.63 -0.95 -0.48 -8.41 31.87 -57.66
-0.65 -0.97 -0.39 0.03 26.24 -57.39
-0.65 -0.96 -0.30 9.03 18.76 -55.09
-0.65 -0.98 -0.20 18.54 9.25 -52.49
-0.58 -1.00 -0.08 30.91 -2.76 -46.03
-0.42 -0.82 -0.09 36.84 -7.81 -36.90
-0.20 -0.59 -0.07 24.38 -6.01 -25.06
0.04 -0.57 -0.03 9.04 -0.51 -16.73
0.18 -0.63 0.07 -1.63 2.82 -12.19
0.30 -0.68 0.16 -2.62 3.78 -7.15
0.47 -0.89 0.19 1.43 5.05 1.63
0.59 -0.99 0.24 8.04 11.91 8.03
0.66 -0.98 0.25 17.09 12.62 7.04
0.73 -0.87 0.30 18.67 20.61 15.96
0.97 -0.84 0.34 29.77 16.03 37.41
1.08 -0.68 0.36 29.85 26.08 42.08
1.17 -0.84 0.33 28.15 23.45 43.94
1.35 -0.81 0.36 21.78 24.72 41.84
1.45 -0.87 0.38 17.41 24.26 37.80
1.40 -0.96 0.42 10.56 21.74 35.02
1.46 -1.06 0.43 6.01 20.63 29.85
1.43 -1.07 0.45 -2.78 20.53 23.84
1.28 -1.19 0.52 -12.56 18.61 14.11
1.17 -1.35 0.56 -11.69 10.31 5.15
1.07 -1.41 0.58 -4.31 3.78 -5.30
0.93 -1.34 0.57 -0.69 -5.31 -23.83
0.81 -1.31 0.58 3.15 -18.40 -42.84
0.78 -1.19 0.53 12.38 -28.56 -52.85
0.71 -1.00 0.50 17.95 -35.39 -53.47
0.68 -0.88 0.43 21.05 -39.92 -47.51
0.76 -0.63 0.33 15.98 -47.21 -38.65
0.70 -0.55 0.32 8.21 -46.65 -30.66
0.68 -0.62 0.28 3.02 -52.25 -26.05
0.67 -0.71 0.22 2.02 -54.46 -21.89
0.60 -0.89 0.14 15.81 -54.85 -17.81
0.63 -0.67 0.10 12.57 -57.24 -11.98
0.48 -0.71 0.12 16.40 -65.19 -16.71
0.84 -0.62 -0.30 -3.48 -49.92 -6.37
0.58 -0.74 -0.19 0.92 -47.69 0.60
0.51 -0.58 -0.25 -13.08 -38.55 6.75
0.46 -0.63 -0.34 -26.21 -27.92 11.24
0.37 -0.74 -0.44 -30.92 -15.24 18.46
0.17 -0.83 -0.48 -29.29 -6.66 24.87
-0.01 -0.93 -0.51 -24.00 -2.32 25.86
-0.18 -1.03 -0.65 -19.19 -0.55 23.21
-0.33 -0.96 -0.58 -26.19 11.79 25.28
-0.45 -1.09 -0.55 -25.88 21.69 28.18
-0.53 -1.14 -0.53 -21.63 33.50 37.47
-0.77 -1.14 -0.41 -32.00 42.26 36.95
-0.84 -1.34 -0.32 -39.47 43.75 30.94
-0.94 -1.64 -0.18 -30.20 42.33 21.11
-0.87 -1.83 -0.09 -3.79 37.05 16.66
-0.75 -1.77 -0.07 32.24 32.41 15.30
-0.63 -1.44 -0.07 54.18 27.24 11.58
-0.43 -0.99 -0.10 53.09 23.14 0.63
-0.26 -0.71 -0.13 37.70 22.60 -4.78
-0.14 -0.58 -0.14 19.91 22.93 -5.41
-0.06 -0.63 -0.10 6.11 21.65 -4.02
0.03 -0.76 -0.08 0.63 19.75 -3.73
0.07 -0.87 -0.05 2.55 17.25 -4.72
0.10 -0.97 -0.05 11.40 13.47 -4.87
0.15 -0.95 -0.07 19.85 10.79 -2.07
0.23 -0.87 -0.10 22.31 10.70 -2.18
0.25 -0.71 -0.13 13.05 12.25 -4.86
0.22 -0.68 -0.11 -3.56 14.11 -2.86
0.19 -0.84 -0.05 -13.31 13.10 1.56
0.22 -1.02 -0.02 -12.44 14.17 4.29
0.17 -1.12 0.01 -6.48 12.33 4.27
0.14 -1.12 0.06 -1.09 7.42 3.22
0.19 -1.11 0.02 3.55 5.73 1.34
0.22 -1.04 -0.02 5.11 6.92 1.27
0.19 -0.96 -0.01 1.56 6.09 1.24
0.20 -0.94 -0.03 -2.76 5.97 2.81
0.21 -0.97 -0.03 -6.62 5.54 4.85
0.22 -1.03 -0.03 -7.37 5.80 5.34
0.24 -1.02 -0.05 -7.68 6.12 4.08
0.24 -1.04 -0.05 -8.56 7.08 1.95
0.21 -1.12 -0.05 -5.27 7.21 0.03
0.22 -1.17 -0.05 2.92 6.85 -0.43
0.22 -1.12 -0.04 10.18 7.90 -0.79
0.19 -1.01 -0.03 10.71 8.13 -1.31
