-0.34 -1.00 -0.14 -6.32 15.60 -0.17
-0.35 -1.01 -0.14 -3.80 15.95 1.21
-0.34 -1.04 -0.14 1.45 16.02 2.81
-0.35 -1.03 -0.11 7.56 14.35 5.51
-0.35 -1.00 -0.12 10.61 13.56 7.25
-0.34 -0.97 -0.09 9.54 12.61 5.13
-0.32 -0.97 -0.08 8.85 12.46 2.69
-0.31 -0.95 -0.07 8.52 11.92 1.45
-0.31 -0.93 -0.04 8.08 11.47 2.02
-0.30 -0.89 -0.05 5.80 10.29 3.27
-0.30 -0.89 -0.05 2.67 11.40 3.95
-0.31 -0.89 -0.06 -1.97 11.33 3.40
-0.33 -0.92 -0.07 -4.40 13.02 3.04
-0.42 -0.93 -0.10 -4.76 13.98 2.73
-0.49 -0.92 -0.12 -5.04 16.15 4.85
-0.60 -0.94 -0.12 -5.13 17.07 4.58
-0.73 -0.95 -0.11 -6.17 14.09 0.18
-0.85 -0.96 -0.15 -4.98 11.47 -3.04
-0.94 -0.91 -0.20 -0.56 11.11 -3.56
-1.04 -0.85 -0.24 3.97 13.22 -2.05
-1.17 -0.78 -0.27 7.36 16.11 2.31
-1.33 -0.63 -0.30 6.06 16.47 4.31
-1.52 -0.48 -0.26 -1.80 10.17 10.60
-1.59 -0.37 -0.23 -10.38 7.66 16.96
-1.73 -0.27 -0.23 -20.18 -1.66 27.95
-1.80 -0.19 -0.26 -28.27 -11.83 42.98
-1.83 -0.28 -0.23 -34.61 -26.23 48.89
-1.75 -0.41 -0.24 -39.36 -48.23 46.32
-1.48 -0.48 -0.31 -36.23 -62.18 43.30
-1.28 -0.47 -0.42 -28.18 -68.47 38.08
-1.13 -0.34 -0.45 -29.05 -71.48 42.34
-0.88 -0.31 -0.45 -30.38 -76.14 43.28
-0.73 -0.36 -0.43 -34.47 -78.05 40.46
-0.59 -0.52 -0.32 -34.14 -88.27 43.36
-0.40 -0.77 -0.24 -24.55 -100.17 46.56
-0.30 -1.04 -0.19 -4.49 -111.45 49.50
-0.03 -1.33 -0.06 15.33 -121.27 48.46
0.42 -1.57 -0.13 42.76 -106.58 35.08
0.93 -1.60 0.03 70.76 -66.02 31.24
1.34 -1.56 0.21 90.75 -21.97 40.09
1.45 -1.41 0.46 97.25 17.91 41.10
1.22 -1.34 0.75 86.98 42.14 51.86
0.84 -1.55 0.94 75.33 37.77 55.25
0.68 -1.91 1.04 68.93 15.04 48.44
0.88 -2.38 0.86 71.33 0.35 37.07
1.08 -2.57 0.60 77.48 -1.34 6.56
1.02 -2.44 0.40 73.80 7.60 -30.75
1.00 -2.19 0.24 63.11 14.61 -63.60
0.84 -1.92 0.09 53.86 25.07 -83.51
0.66 -1.50 0.06 37.22 33.13 -90.75
0.64 -1.29 0.06 15.30 39.01 -92.50
0.69 -1.22 0.14 -5.69 48.78 -91.97
0.69 -1.20 0.24 -18.32 57.77 -87.27
0.67 -1.19 0.30 -25.57 64.81 -84.03
0.65 -1.27 0.37 -26.11 67.95 -80.34
0.54 -1.25 0.43 -21.24 64.18 -78.26
0.49 -1.18 0.52 -24.58 52.53 -76.09
0.46 -1.20 0.48 -26.99 42.47 -74.63
0.48 -1.21 0.43 -26.00 31.71 -71.10
0.56 -1.17 0.41 -25.68 26.02 -67.51
0.61 -1.12 0.34 -27.59 20.37 -62.78
0.61 -1.05 0.30 -31.62 16.44 -58.41
0.61 -0.99 0.27 -34.08 15.45 -52.61
0.51 -0.96 0.18 -30.21 16.69 -42.37
0.24 -0.81 0.07 -22.61 16.03 -26.64
-0.02 -0.71 -0.02 -17.76 10.98 -1.42
-0.19 -0.80 -0.11 -8.35 6.90 24.82
-0.31 -0.81 -0.26 5.82 10.32 39.71
-0.54 -0.70 -0.37 12.63 11.02 46.67
-0.73 -0.54 -0.40 8.24 9.48 43.51
-1.09 -0.51 -0.53 -0.76 -1.85 18.84
-1.58 -0.25 -0.51 -26.23 -14.29 -7.28
-1.71 -0.25 -0.57 -45.51 -14.02 -3.97
-1.70 -0.49 -0.57 -40.64 -0.14 15.89
-1.61 -0.68 -0.54 -17.54 21.68 41.31
-1.49 -0.70 -0.50 4.34 42.14 66.11
-2.07 -0.51 0.01 30.06 22.49 56.46
-1.70 -0.65 -0.46 6.29 76.38 60.75
-1.37 -0.55 -0.32 -9.76 86.31 41.83
-1.08 -0.71 -0.44 -16.93 80.46 22.24
-1.51 -0.80 0.06 -11.83 44.20 -0.52
-1.35 -0.88 0.11 2.26 18.38 2.46
-1.23 -0.90 0.20 14.21 -6.20 8.75
-0.99 -0.80 0.08 18.99 -25.02 6.93
-0.76 -0.68 -0.02 14.18 -35.92 1.05
-0.51 -0.62 -0.14 2.17 -36.47 -0.50
-0.34 -0.67 -0.22 -9.65 -30.96 0.37
-0.25 -0.73 -0.25 -22.56 -21.08 -0.46
-0.19 -0.92 -0.23 -26.60 -10.08 -1.79
-0.26 -0.97 -0.16 -27.53 -6.08 -5.36
-0.28 -1.08 -0.14 -25.77 0.73 -7.07
-0.37 -1.13 -0.05 -18.17 -1.13 -10.32
-0.44 -1.11 0.01 -11.82 -4.02 -12.08
-0.49 -1.09 0.06 -6.27 -9.82 -12.96
-0.47 -1.04 0.06 -1.85 -16.35 -11.13
-0.45 -1.01 0.06 1.30 -20.75 -8.17
-0.39 -0.96 0.00 1.45 -20.61 -2.95
-0.35 -0.93 -0.04 -1.80 -18.08 -0.35
-0.31 -0.95 -0.08 -5.95 -13.44 2.17
-0.29 -0.98 -0.10 -8.67 -5.94 2.81
