-0.08 -1.00 -0.15 -0.20 -1.08 -1.22
-0.10 -1.00 -0.16 -1.02 -0.26 -2.18
-0.14 -1.00 -0.16 -1.44 -0.12 -1.44
-0.15 -1.01 -0.15 -0.37 0.11 -0.32
-0.16 -1.04 -0.16 1.83 -0.05 1.01
-0.16 -1.05 -0.16 4.70 -0.35 1.69
-0.15 -1.04 -0.15 8.18 -0.02 2.92
-0.16 -1.01 -0.18 10.89 1.50 4.73
-0.17 -0.99 -0.19 12.44 2.31 7.18
-0.17 -0.96 -0.19 12.89 3.83 8.63
-0.18 -0.94 -0.21 11.65 4.96 9.40
-0.17 -0.92 -0.21 8.20 5.53 8.09
-0.16 -0.90 -0.22 2.66 7.36 6.61
-0.16 -0.92 -0.22 -2.15 9.80 4.60
-0.16 -0.93 -0.22 -7.04 10.79 2.81
-0.18 -0.96 -0.20 -8.82 12.63 2.50
-0.22 -0.95 -0.18 -11.45 12.49 1.11
-0.23 -0.98 -0.16 -13.82 10.08 -0.05
-0.20 -1.02 -0.16 -12.38 12.18 2.43
-0.24 -1.02 -0.14 -9.73 10.92 3.34
-0.21 -1.01 -0.15 -9.51 7.37 3.92
-0.14 -1.07 -0.16 0.11 14.73 10.43
-0.24 -0.98 -0.13 2.66 15.13 12.08
-0.21 -0.89 -0.16 -2.93 12.00 9.71
-0.15 -0.90 -0.19 -7.63 14.34 12.61
-0.17 -0.87 -0.18 -15.48 14.95 11.94
-0.13 -0.92 -0.20 -22.47 14.15 11.65
-0.13 -0.97 -0.20 -23.92 16.21 12.98
-0.22 -0.95 -0.15 -25.95 14.32 11.24
-0.13 -1.05 -0.15 -21.82 13.01 20.05
-0.08 -1.05 -0.14 -14.81 17.68 23.73
-0.14 -1.03 -0.12 -9.21 17.69 25.31
-0.15 -1.00 -0.12 -4.24 16.78 24.60
-0.18 -0.92 -0.06 -4.92 15.16 27.74
-0.19 -0.93 -0.11 -1.21 13.79 31.68
-0.18 -0.88 -0.09 -4.47 14.81 35.13
-0.16 -0.91 -0.10 -8.27 12.66 37.60
-0.14 -0.90 -0.07 -12.72 10.72 36.61
-0.12 -0.96 -0.06 -10.43 11.71 41.27
-0.17 -0.94 -0.10 -9.95 10.35 39.71
-0.17 -0.94 -0.12 -13.69 6.66 38.46
-0.13 -0.97 -0.12 -13.83 5.62 39.57
-0.10 -1.01 -0.15 -15.56 3.82 39.62
-0.10 -1.08 -0.10 -9.68 4.73 43.62
-0.14 -1.07 -0.10 -4.31 3.71 43.98
-0.24 -0.93 -0.15 -9.74 -3.69 42.73
-0.08 -0.94 -0.22 -19.88 -5.01 42.90
-0.04 -1.00 -0.21 -24.43 0.79 39.89
-0.02 -1.09 -0.24 -26.38 0.99 40.43
0.04 -1.18 -0.23 -22.93 9.97 30.26
-0.04 -1.22 -0.14 -15.22 8.75 27.54
-0.10 -1.24 -0.15 -1.07 8.47 28.32
-0.09 -1.18 -0.10 10.85 11.59 30.11
-0.09 -1.11 -0.15 20.55 11.39 32.75
-0.10 -0.96 -0.12 23.27 12.14 37.45
-0.11 -0.95 -0.13 24.00 13.21 41.21
-0.11 -0.89 -0.12 20.92 13.19 40.93
-0.10 -0.89 -0.13 14.79 11.69 36.92
-0.12 -0.91 -0.08 9.62 7.97 33.21
-0.15 -0.87 -0.11 3.63 5.82 29.76
-0.08 -0.89 -0.14 -1.66 5.42 28.27
-0.08 -0.92 -0.13 -7.57 6.03 23.98
-0.10 -0.96 -0.11 -10.23 3.68 18.66
-0.02 -1.00 -0.13 -10.00 5.28 18.75
-0.03 -1.03 -0.14 -6.41 7.68 17.34
-0.04 -1.00 -0.09 -4.67 6.61 16.78
-0.04 -0.97 -0.13 -4.81 5.56 16.21
-0.03 -0.98 -0.14 -5.91 4.52 14.34
0.02 -1.01 -0.17 -6.69 2.17 15.77
0.06 -1.01 -0.18 -6.31 7.04 9.50
0.01 -1.00 -0.16 -7.71 6.47 3.68
0.03 -0.98 -0.16 -9.68 4.92 -1.79
-0.00 -1.02 -0.16 -8.98 3.53 -5.08
-0.01 -1.03 -0.15 -8.60 2.27 -6.27
0.01 -1.03 -0.14 -7.33 0.95 -9.13
0.00 -1.04 -0.14 -7.91 -1.24 -13.71
0.03 -1.04 -0.14 -9.47 -2.64 -18.27
0.00 -1.04 -0.10 -12.00 -3.85 -24.66
-0.03 -1.04 -0.08 -13.86 -5.31 -29.48
-0.04 -1.06 -0.07 -13.80 -6.75 -31.74
-0.05 -1.08 -0.03 -10.87 -7.97 -32.18
-0.12 -1.07 -0.01 -7.77 -11.47 -33.83
-0.16 -1.07 -0.00 -3.42 -16.53 -35.62
-0.14 -1.04 0.00 0.17 -22.87 -33.13
-0.09 -1.03 -0.06 4.35 -25.48 -31.79
-0.04 -1.00 -0.06 6.90 -26.06 -28.95
-0.03 -0.97 -0.12 8.35 -26.32 -31.39
-0.01 -0.97 -0.08 8.73 -26.38 -29.74
-0.08 -0.94 -0.12 9.16 -27.66 -33.44
-0.10 -0.95 -0.10 8.20 -27.85 -35.27
-0.11 -0.92 -0.10 6.69 -28.92 -35.71
-0.12 -0.91 -0.08 3.79 -29.54 -36.61
-0.13 -0.91 -0.07 0.47 -31.80 -34.84
-0.14 -0.91 -0.08 -2.43 -36.14 -32.84
-0.13 -0.94 -0.09 -1.42 -36.27 -29.28
-0.14 -0.95 -0.08 0.31 -37.69 -23.28
-0.09 -0.96 -0.12 2.34 -36.90 -19.18
-0.04 -0.96 -0.18 3.68 -35.24 -20.03
0.02 -0.96 -0.19 2.81 -30.66 -22.84
0.01 -0.94 -0.19 0.55 -25.83 -26.21
