-0.05 -0.94 -0.25 -4.85 3.37 -1.47
-0.06 -0.96 -0.24 -4.40 3.16 -1.65
-0.07 -0.98 -0.24 -2.84 3.08 -1.68
-0.08 -0.98 -0.24 -1.13 3.86 -1.10
-0.09 -0.97 -0.24 0.15 4.47 0.00
-0.12 -0.97 -0.23 0.67 4.27 -0.73
-0.11 -0.97 -0.25 0.66 4.47 -0.93
-0.12 -0.97 -0.25 0.00 5.88 -4.32
-0.17 -1.00 -0.26 1.44 4.08 -2.03
-0.15 -1.02 -0.26 3.88 5.71 -0.20
-0.15 -1.02 -0.26 6.05 5.16 -1.04
-0.14 -1.02 -0.27 7.30 6.55 -2.17
-0.16 -0.98 -0.28 5.91 7.15 -2.05
-0.18 -0.96 -0.30 3.34 7.56 -1.44
-0.16 -0.96 -0.30 -0.15 7.85 1.51
-0.20 -1.01 -0.24 -1.92 6.95 -0.78
-0.18 -1.02 -0.28 -4.40 4.31 -4.78
-0.10 -1.05 -0.31 -2.64 8.53 0.40
-0.17 -1.06 -0.26 0.75 11.73 0.67
-0.22 -1.05 -0.24 2.84 9.11 1.19
-0.23 -1.06 -0.23 6.34 7.60 2.56
-0.27 -1.07 -0.18 9.37 3.80 2.23
-0.24 -1.08 -0.19 12.67 0.03 3.76
-0.18 -1.06 -0.21 16.40 1.33 6.85
-0.18 -1.01 -0.25 17.50 3.88 8.89
-0.19 -0.97 -0.24 16.18 3.54 10.03
-0.18 -0.95 -0.26 12.61 4.87 10.69
-0.20 -0.97 -0.22 10.85 4.14 9.24
-0.21 -0.97 -0.19 7.89 -0.06 8.35
-0.16 -1.01 -0.20 11.21 -0.64 10.44
-0.14 -0.97 -0.21 10.32 1.68 10.18
-0.12 -0.99 -0.19 9.76 1.04 10.89
-0.10 -0.95 -0.25 8.69 2.18 11.97
-0.17 -0.95 -0.22 7.08 1.33 14.41
-0.17 -0.93 -0.19 5.28 -1.98 14.44
-0.10 -0.93 -0.22 2.20 -1.82 16.00
-0.08 -0.92 -0.22 -1.11 0.37 16.06
-0.10 -0.93 -0.19 -4.61 1.10 17.37
-0.12 -0.93 -0.19 -7.60 0.21 16.98
-0.13 -0.96 -0.16 -8.20 -1.47 17.85
-0.12 -0.99 -0.14 -5.66 -1.83 19.30
-0.10 -1.02 -0.15 -1.21 -1.53 20.98
-0.15 -1.00 -0.13 1.44 -3.74 21.92
-0.12 -0.97 -0.15 1.30 -6.63 20.99
-0.08 -0.91 -0.21 -2.60 -4.49 22.69
-0.04 -0.92 -0.23 -7.13 -1.86 26.12
-0.11 -0.92 -0.21 -13.25 -2.63 24.47
-0.11 -0.97 -0.21 -17.39 -5.15 24.09
-0.06 -1.02 -0.19 -16.78 -3.86 23.66
-0.04 -1.07 -0.19 -12.92 -0.72 21.54
-0.06 -1.07 -0.17 -7.39 1.74 20.66
-0.15 -1.03 -0.16 -3.15 1.53 17.98
-0.15 -0.98 -0.17 -2.64 -0.85 19.13
-0.13 -0.97 -0.15 -0.55 -0.89 23.91
-0.08 -1.00 -0.14 5.16 1.48 27.13
-0.07 -0.98 -0.14 13.48 4.81 31.79
-0.08 -0.89 -0.17 18.60 7.30 33.68
-0.04 -0.79 -0.24 12.18 10.81 33.10
-0.03 -0.77 -0.27 1.25 13.10 30.20
-0.02 -0.79 -0.29 -13.48 15.22 25.28
-0.03 -0.89 -0.29 -24.67 16.34 20.99
-0.09 -0.95 -0.26 -32.23 14.69 15.63
-0.15 -1.02 -0.23 -34.17 10.11 16.03
-0.12 -1.11 -0.23 -26.21 8.66 24.43
-0.09 -1.16 -0.22 -12.49 12.75 32.81
-0.05 -1.16 -0.24 1.04 17.37 39.66
-0.07 -1.10 -0.21 10.63 21.51 37.66
-0.11 -1.00 -0.22 14.02 22.32 34.43
-0.13 -0.93 -0.22 10.60 20.32 28.95
-0.12 -0.89 -0.21 3.44 18.06 24.40
-0.10 -0.90 -0.22 -3.02 18.26 20.29
-0.10 -0.94 -0.20 -5.94 18.90 17.83
-0.08 -0.98 -0.17 -5.11 19.50 16.44
-0.06 -1.01 -0.15 -0.50 20.69 17.80
-0.05 -0.98 -0.15 4.50 22.23 20.37
-0.12 -0.94 -0.14 4.79 19.44 17.76
-0.08 -0.95 -0.15 2.43 14.52 16.84
-0.01 -0.96 -0.18 1.53 15.51 14.34
-0.02 -0.97 -0.17 -1.53 15.01 8.78
-0.02 -0.99 -0.14 -3.91 12.43 4.00
-0.03 -1.01 -0.12 -3.05 10.75 1.80
-0.05 -1.04 -0.11 0.50 7.62 1.71
-0.03 -1.04 -0.10 4.73 4.63 1.53
0.02 -1.05 -0.12 9.24 2.56 0.64
-0.00 -1.04 -0.11 12.44 0.82 -4.58
-0.02 -1.01 -0.12 12.92 -2.31 -9.13
-0.05 -0.97 -0.11 13.05 -6.08 -10.99
-0.03 -0.95 -0.11 12.46 -8.84 -11.74
-0.05 -0.93 -0.10 9.95 -12.00 -14.35
-0.05 -0.92 -0.11 5.71 -16.40 -16.35
-0.05 -0.94 -0.10 2.49 -20.15 -19.10
-0.04 -0.98 -0.10 1.05 -23.18 -21.83
-0.03 -0.99 -0.09 1.88 -24.29 -23.42
-0.08 -0.99 -0.07 4.03 -27.02 -24.29
-0.11 -0.99 -0.06 7.02 -31.51 -21.63
-0.07 -1.01 -0.07 12.49 -33.47 -16.79
-0.08 -0.99 -0.06 16.44 -36.76 -14.87
-0.01 -0.97 -0.12 17.02 -38.46 -13.73
-0.01 -0.95 -0.12 16.95 -38.37 -14.29
-0.02 -0.93 -0.13 15.18 -37.88 -16.12
