0.03 -0.79 0.19 -15.22 -4.85 13.53
0.02 -0.78 0.19 -16.63 -5.16 17.25
0.02 -0.77 0.18 -17.92 -5.02 20.09
0.02 -0.76 0.16 -18.17 -4.29 21.65
-0.01 -0.76 0.18 -17.85 -4.02 22.63
-0.08 -0.71 0.17 -20.99 -8.29 21.27
-0.04 -0.70 0.17 -26.20 -11.08 19.13
-0.03 -0.71 0.16 -31.27 -12.26 19.48
-0.02 -0.74 0.15 -35.71 -14.05 19.83
-0.02 -0.78 0.16 -36.89 -14.49 22.37
-0.01 -0.80 0.16 -35.54 -13.69 27.08
-0.00 -0.81 0.13 -32.38 -11.73 32.17
-0.02 -0.77 0.13 -29.66 -8.98 40.50
-0.05 -0.72 0.09 -28.92 -8.14 46.02
-0.08 -0.63 0.08 -33.53 -9.83 46.58
-0.07 -0.58 0.04 -42.60 -12.14 44.12
-0.05 -0.59 0.02 -50.58 -13.18 42.26
-0.04 -0.60 0.02 -56.55 -10.85 45.44
-0.09 -0.60 0.00 -60.24 -10.05 49.42
-0.11 -0.62 -0.01 -62.43 -9.37 54.60
-0.17 -0.57 -0.02 -68.67 -11.91 55.15
-0.14 -0.58 -0.05 -80.27 -16.78 52.06
-0.13 -0.68 -0.05 -87.63 -18.15 52.46
-0.15 -0.77 -0.04 -89.34 -19.39 57.13
-0.12 -0.83 -0.06 -88.20 -17.39 66.18
-0.12 -0.87 -0.07 -82.26 -12.49 76.23
-0.15 -0.86 -0.09 -77.66 -6.70 85.44
-0.27 -0.83 -0.09 -79.05 -7.31 85.42
-0.29 -0.80 -0.12 -90.79 -15.51 74.00
-0.26 -0.85 -0.13 -103.95 -25.27 56.60
-0.20 -0.95 -0.16 -113.19 -30.60 43.04
-0.12 -1.06 -0.16 -115.11 -30.53 37.57
-0.09 -1.18 -0.14 -107.86 -24.78 42.60
-0.06 -1.24 -0.15 -93.33 -13.82 54.53
-0.13 -1.18 -0.14 -78.47 -4.37 68.92
-0.21 -1.05 -0.18 -72.90 -1.71 74.56
-0.22 -0.90 -0.22 -83.40 -6.26 66.09
-0.19 -0.91 -0.26 -102.24 -12.58 47.45
-0.18 -1.10 -0.24 -113.77 -18.34 28.40
-0.18 -1.22 -0.23 -116.43 -22.61 16.18
-0.14 -1.33 -0.22 -110.40 -23.37 12.26
-0.12 -1.41 -0.22 -96.72 -18.55 17.98
-0.12 -1.44 -0.21 -77.77 -10.75 30.64
-0.23 -1.32 -0.22 -64.60 -7.16 43.48
-0.22 -1.22 -0.26 -63.48 -8.29 46.89
-0.16 -1.22 -0.29 -68.32 -9.71 39.30
-0.13 -1.31 -0.28 -71.25 -10.06 30.09
-0.14 -1.36 -0.26 -69.57 -11.07 22.37
-0.13 -1.43 -0.25 -63.62 -10.53 17.34
-0.14 -1.51 -0.24 -51.13 -8.81 13.80
-0.15 -1.53 -0.22 -35.89 -5.60 13.57
-0.20 -1.45 -0.24 -24.05 -3.07 17.02
-0.21 -1.37 -0.24 -18.41 -3.57 17.56
-0.20 -1.31 -0.25 -17.94 -3.80 16.34
-0.17 -1.32 -0.25 -17.11 -3.33 13.68
-0.15 -1.34 -0.24 -13.37 -2.24 10.61
-0.15 -1.36 -0.23 -6.85 -0.78 7.45
-0.15 -1.33 -0.24 0.63 1.48 6.05
-0.18 -1.26 -0.26 6.15 2.11 4.96
-0.21 -1.19 -0.26 7.74 1.42 3.36
-0.19 -1.18 -0.25 8.63 0.56 0.55
-0.18 -1.17 -0.27 9.47 0.06 -3.79
-0.16 -1.17 -0.27 9.79 -1.18 -9.37
-0.10 -1.22 -0.27 12.52 -0.06 -14.37
-0.10 -1.22 -0.27 16.89 2.41 -16.32
-0.12 -1.21 -0.27 21.62 4.34 -17.80
-0.14 -1.20 -0.26 25.62 5.62 -19.50
-0.14 -1.23 -0.25 30.79 6.37 -19.92
-0.14 -1.20 -0.25 35.74 7.50 -19.54
-0.11 -1.20 -0.26 39.01 9.28 -19.53
-0.11 -1.18 -0.25 40.44 10.76 -22.41
-0.11 -1.18 -0.26 40.12 11.63 -26.69
-0.12 -1.21 -0.24 41.76 11.57 -31.65
-0.11 -1.24 -0.22 44.67 11.98 -35.89
-0.09 -1.29 -0.23 50.08 14.40 -37.95
-0.09 -1.28 -0.23 56.96 17.25 -38.58
-0.11 -1.25 -0.22 62.17 20.20 -37.60
-0.12 -1.24 -0.22 66.64 22.85 -37.19
-0.14 -1.21 -0.21 71.45 25.13 -37.74
-0.15 -1.18 -0.20 73.63 25.30 -40.00
-0.16 -1.14 -0.18 74.21 25.25 -41.48
-0.17 -1.12 -0.18 75.08 24.84 -42.67
-0.18 -1.12 -0.17 75.08 23.83 -44.73
-0.18 -1.13 -0.16 76.46 22.82 -46.70
-0.16 -1.11 -0.15 77.48 22.20 -49.50
-0.14 -1.13 -0.15 79.36 23.51 -51.50
-0.13 -1.12 -0.15 82.26 25.88 -52.02
-0.15 -1.10 -0.13 83.98 27.73 -52.11
-0.19 -1.06 -0.12 86.69 29.40 -49.28
-0.21 -1.01 -0.11 87.82 28.67 -47.36
-0.21 -0.96 -0.08 86.14 26.06 -46.49
-0.20 -0.93 -0.08 84.46 23.94 -45.82
-0.17 -0.91 -0.06 81.45 21.65 -45.80
-0.15 -0.91 -0.06 78.87 20.40 -46.52
-0.13 -0.91 -0.05 77.59 20.14 -47.51
-0.11 -0.90 -0.04 77.44 22.55 -45.89
-0.13 -0.87 -0.02 77.69 24.18 -42.90
-0.15 -0.84 -0.01 77.60 24.49 -40.06
-0.18 -0.81 0.02 75.33 21.79 -38.24
-0.18 -0.78 0.02 71.74 18.29 -37.01
