0.11 -0.79 0.40 13.88 -0.75 -2.82
0.11 -0.80 0.40 11.90 -2.06 -5.56
0.09 -0.86 0.42 12.63 -6.03 -14.54
0.12 -0.90 0.43 15.47 -7.56 -15.34
0.12 -0.94 0.43 21.65 -9.06 -21.66
0.14 -0.91 0.43 27.89 -8.31 -22.81
0.13 -0.86 0.42 32.69 -6.05 -24.27
0.15 -0.78 0.40 34.63 -2.60 -20.75
0.13 -0.73 0.41 36.05 -1.28 -16.52
0.12 -0.69 0.41 36.34 -0.62 -12.58
0.14 -0.64 0.40 37.76 0.56 -5.35
0.23 -0.52 0.40 40.26 7.44 -5.11
0.12 -0.49 0.42 32.78 8.95 -7.66
0.15 -0.45 0.35 33.50 13.67 0.05
0.12 -0.38 0.36 34.02 14.19 7.33
0.11 -0.28 0.32 32.60 14.56 12.48
0.15 -0.14 0.24 24.67 18.14 15.21
0.14 0.04 0.15 7.42 22.67 20.73
0.08 0.22 0.08 -23.33 22.89 23.21
0.02 0.30 0.03 -68.15 20.82 20.76
-0.06 0.10 0.06 -109.44 19.05 26.36
-0.14 -0.24 0.12 -131.11 17.12 38.05
-0.20 -0.53 0.19 -134.15 14.98 54.68
-0.22 -0.74 0.23 -122.18 10.61 71.31
-0.16 -0.79 0.22 -105.15 9.31 85.25
-0.09 -0.73 0.18 -88.69 9.95 95.64
-0.03 -0.57 0.11 -80.48 12.14 101.83
0.02 -0.38 0.01 -81.59 12.57 99.70
0.05 -0.12 -0.15 -107.99 12.31 88.02
0.02 -0.08 -0.22 -149.55 13.28 77.94
-0.08 -0.26 -0.21 -186.69 12.70 76.13
-0.24 -0.59 -0.15 -205.98 7.32 82.31
-0.31 -0.96 -0.05 -201.30 -2.56 91.31
-0.22 -1.15 -0.02 -182.48 -5.98 103.14
-0.10 -1.19 -0.03 -156.78 -1.37 115.15
-0.02 -1.08 -0.07 -133.63 6.56 119.40
-0.00 -0.79 -0.21 -127.52 14.34 110.73
-0.09 -0.53 -0.33 -146.87 17.65 87.43
-0.31 -0.43 -0.41 -188.19 11.41 58.77
-0.49 -0.56 -0.42 -231.10 -8.62 33.67
-0.47 -0.80 -0.43 -250.14 -25.67 31.57
-0.44 -1.13 -0.43 -250.14 -33.93 49.33
-0.40 -1.58 -0.25 -235.54 -35.87 76.40
-0.21 -1.91 -0.17 -185.49 -33.34 94.83
0.04 -1.93 -0.22 -128.03 -18.26 97.55
0.07 -1.52 -0.44 -99.29 2.92 74.12
-0.18 -1.05 -0.58 -123.66 12.05 25.63
-0.44 -0.98 -0.57 -172.65 6.69 -3.94
-0.70 -1.13 -0.53 -208.80 -9.47 -13.18
-0.75 -1.41 -0.45 -218.23 -27.04 7.92
-0.63 -1.83 -0.34 -195.13 -32.73 30.30
-0.44 -2.00 -0.25 -143.18 -29.43 52.98
-0.29 -2.00 -0.14 -84.02 -19.73 65.97
-0.21 -2.00 -0.16 -32.69 -12.06 66.48
-0.16 -1.60 -0.27 -5.75 -8.60 52.45
-0.13 -1.13 -0.46 -10.87 -4.97 33.27
-0.24 -0.75 -0.62 -45.32 -4.62 8.88
-0.35 -0.86 -0.59 -89.41 -9.61 -5.74
-0.42 -1.41 -0.42 -102.85 -19.34 -16.49
-0.39 -1.89 -0.27 -80.40 -28.69 -22.79
-0.26 -2.00 -0.18 -36.76 -22.86 -5.56
-0.16 -2.00 -0.18 14.72 -10.51 12.61
-0.12 -1.86 -0.25 50.15 -0.88 15.72
-0.12 -1.52 -0.36 61.37 4.05 5.88
-0.13 -1.25 -0.43 51.74 6.12 -10.79
-0.16 -1.19 -0.43 32.51 6.11 -25.10
-0.21 -1.32 -0.36 23.92 3.79 -32.42
-0.26 -1.50 -0.31 27.20 2.82 -30.85
-0.27 -1.71 -0.20 44.52 0.73 -25.52
-0.21 -1.84 -0.18 72.08 0.06 -24.22
-0.13 -1.78 -0.21 99.79 4.36 -25.95
-0.12 -1.59 -0.30 118.41 10.23 -29.23
-0.18 -1.32 -0.36 117.94 14.15 -34.31
-0.24 -1.15 -0.37 105.01 13.31 -40.28
-0.27 -1.10 -0.35 89.59 10.31 -47.37
-0.30 -1.17 -0.29 80.34 6.13 -53.14
-0.28 -1.29 -0.27 79.74 3.82 -52.69
-0.28 -1.36 -0.25 86.49 3.72 -52.24
-0.26 -1.39 -0.23 94.90 4.73 -49.85
-0.24 -1.40 -0.23 105.12 5.76 -52.60
-0.23 -1.37 -0.24 112.01 6.98 -59.43
-0.25 -1.31 -0.26 116.16 7.63 -66.53
-0.26 -1.20 -0.27 114.17 8.77 -70.63
-0.28 -1.15 -0.25 110.18 9.77 -69.89
-0.28 -1.16 -0.22 112.56 9.89 -66.63
-0.30 -1.11 -0.22 115.34 10.02 -59.73
-0.31 -1.14 -0.16 119.40 9.56 -47.71
-0.30 -1.14 -0.15 128.65 7.34 -38.73
-0.24 -1.10 -0.15 132.88 5.23 -36.60
-0.13 -1.09 -0.17 137.48 8.59 -37.47
-0.11 -0.95 -0.24 136.61 13.23 -45.75
-0.15 -0.83 -0.19 122.61 14.89 -56.21
-0.19 -0.83 -0.16 109.54 13.47 -67.15
-0.23 -0.83 -0.09 99.80 11.56 -67.81
-0.25 -0.90 -0.04 98.21 7.01 -60.65
-0.21 -0.93 -0.03 103.69 4.17 -51.76
-0.15 -0.94 -0.01 109.49 3.41 -43.82
-0.03 -0.92 -0.03 117.15 7.94 -38.43
-0.35 -0.80 0.06 105.31 -26.47 -6.79
-0.11 -0.77 -0.00 112.98 19.40 -39.24
