-0.04 -0.82 -0.03 6.95 8.90 -15.80
-0.00 -0.81 -0.03 12.81 8.61 -14.60
-0.01 -0.62 -0.03 11.37 13.95 -7.25
-0.10 -0.46 0.01 9.21 18.23 0.89
-0.14 -0.17 -0.04 2.49 16.58 21.22
-0.13 0.15 -0.04 -10.37 6.38 35.48
-0.10 0.48 -0.13 -26.43 4.67 57.59
-0.14 0.92 -0.17 -45.85 7.73 81.27
-0.28 1.52 -0.19 -81.53 0.31 107.40
-0.53 2.20 -0.23 -136.78 -10.75 156.53
-0.92 2.88 -0.28 -208.40 -33.71 222.08
-1.39 3.35 -0.47 -293.28 -58.26 307.31
-1.90 3.29 -0.76 -368.87 -75.97 401.76
-2.53 3.02 -1.09 -425.51 -76.26 500.26
-3.24 2.68 -1.31 -460.66 -87.68 500.26
-3.95 2.35 -1.58 -483.25 -114.98 500.26
-4.00 1.95 -1.61 -500.27 -147.24 500.26
-4.00 1.31 -1.79 -500.27 -168.53 500.26
-4.00 0.34 -1.98 -480.02 -184.76 500.26
-4.00 -0.48 -2.03 -400.03 -189.21 500.26
-4.00 -0.66 -1.97 -345.24 -196.08 500.26
-4.00 -0.72 -2.16 -330.24 -185.56 500.26
-3.80 -1.08 -2.48 -332.82 -161.04 498.79
-3.68 -1.36 -2.62 -331.51 -149.34 434.85
-3.13 -2.08 -2.62 -298.69 -124.75 371.62
-2.90 -2.51 -2.43 -249.80 -110.03 303.79
-2.48 -2.86 -2.17 -195.05 -102.90 242.26
-2.09 -3.11 -1.94 -129.42 -92.85 176.35
-1.90 -2.92 -1.76 -66.96 -92.11 100.52
-1.81 -2.80 -1.70 -11.28 -90.53 31.15
-1.60 -2.80 -1.89 55.44 -74.12 -23.68
-1.56 -2.70 -1.94 118.26 -53.68 -74.99
-1.51 -2.42 -1.96 154.23 -28.34 -134.63
-1.62 -2.12 -1.98 183.42 -14.02 -179.94
-1.72 -1.89 -1.97 210.20 13.16 -226.18
-1.90 -1.75 -1.95 241.48 34.43 -259.97
-2.06 -1.31 -1.84 267.62 40.47 -296.09
-2.22 -0.96 -1.78 280.43 39.69 -316.11
-2.09 -0.58 -1.67 286.79 54.41 -333.31
-2.34 -0.08 -1.32 263.50 55.10 -368.12
-2.48 -0.17 -0.98 225.97 43.68 -414.03
-2.35 -0.69 -0.96 226.82 38.63 -446.09
-2.45 -0.95 -0.96 258.34 38.81 -472.78
-2.68 -1.04 -0.91 283.19 34.60 -500.23
-3.06 -0.67 -0.86 291.79 8.89 -500.27
-3.04 -0.50 -0.79 292.43 -13.27 -500.27
-2.84 -0.27 -0.87 306.37 -8.06 -500.27
-2.77 0.49 -0.71 299.53 -0.41 -475.63
-2.49 0.90 -0.60 274.29 -1.28 -432.35
-2.11 1.09 -0.54 218.89 -3.34 -409.97
-1.77 1.03 -0.49 140.34 0.47 -406.21
-1.71 0.53 -0.25 81.73 -4.18 -408.55
-1.71 0.05 -0.13 66.96 -15.80 -403.91
-1.62 -0.36 -0.03 91.39 -28.95 -400.92
-1.44 -0.33 -0.11 123.30 -36.09 -368.79
-1.26 0.16 -0.17 139.73 -32.50 -319.54
-1.12 0.64 -0.19 140.20 -37.94 -266.49
-0.82 0.98 -0.30 109.69 -28.78 -216.84
-0.69 1.01 -0.30 71.33 -48.08 -183.47
-0.22 1.12 -0.40 -8.08 -28.44 -185.33
-0.18 0.68 -0.40 -78.43 -8.05 -189.85
-1.56 0.07 1.61 -126.21 9.92 -168.47
0.07 -0.28 -0.52 -75.91 3.88 -127.74
-0.28 -0.33 -0.14 -32.32 7.92 -102.43
-0.33 -0.39 -0.13 -12.05 -11.10 -78.32
-0.25 -0.32 -0.17 0.85 -21.34 -54.93
-0.10 -0.32 -0.22 0.81 -22.93 -43.31
0.04 -0.39 -0.30 -4.84 -15.65 -32.50
0.07 -0.45 -0.33 -2.34 -8.70 -19.36
0.07 -0.46 -0.28 -6.14 -1.94 -13.71
0.07 -0.50 -0.25 -17.05 2.00 -12.11
0.07 -0.55 -0.24 -28.79 2.55 -13.10
0.06 -0.63 -0.23 -38.50 3.25 -11.33
0.08 -0.74 -0.23 -41.05 6.46 -6.32
0.07 -0.86 -0.25 -36.35 11.28 0.75
0.01 -0.92 -0.16 -28.53 12.40 9.63
-0.02 -1.00 -0.16 -14.76 11.63 20.20
0.01 -0.98 -0.16 -7.25 12.75 24.40
-0.02 -1.03 -0.16 -1.22 10.63 24.23
0.00 -0.97 -0.15 -3.50 8.55 23.34
0.03 -0.97 -0.16 -8.40 12.98 19.71
0.01 -0.98 -0.15 -10.95 15.89 18.93
-0.03 -0.97 -0.13 -14.02 15.08 17.71
-0.06 -1.00 -0.12 -13.50 11.97 20.73
-0.06 -1.06 -0.13 -7.94 8.56 22.67
-0.07 -1.14 -0.10 -1.21 4.98 22.53
-0.04 -1.16 -0.13 4.98 2.66 20.67
-0.01 -1.16 -0.13 5.56 3.25 15.22
0.03 -1.12 -0.14 3.83 5.66 10.73
0.00 -1.09 -0.14 1.69 7.45 7.83
-0.02 -1.07 -0.12 0.47 8.17 5.51
-0.05 -1.07 -0.08 -1.39 7.36 4.63
-0.06 -1.07 -0.08 -3.48 6.66 4.90
-0.08 -1.06 -0.08 -4.02 5.08 6.89
-0.10 -1.05 -0.05 -3.05 2.53 9.44
-0.09 -1.07 -0.06 -1.39 -0.02 10.78
-0.06 -1.09 -0.09 -0.02 -1.13 8.63
-0.03 -1.11 -0.10 0.20 -1.02 3.27
-0.02 -1.11 -0.14 -0.24 0.02 -2.67
-0.01 -1.10 -0.15 0.17 1.56 -5.77
