0.19 -1.01 0.16 -9.76 6.95 16.63
0.23 -0.90 0.16 -6.55 7.36 17.36
0.23 -0.90 0.16 -6.55 7.36 17.36
0.23 -0.90 0.16 -6.55 7.36 17.36
0.23 -0.90 0.16 -6.55 7.36 17.36
0.23 -0.90 0.16 -6.55 7.36 17.36
0.23 -0.90 0.16 -6.55 7.36 17.36
0.23 -0.90 0.16 -6.55 7.36 17.36
0.23 -0.90 0.16 -6.55 7.36 17.36
0.23 -0.90 0.16 -6.55 7.36 17.36
0.23 -0.90 0.16 -6.55 7.36 17.36
0.23 -0.90 0.16 -6.55 7.36 17.36
0.23 -0.90 0.16 -6.55 7.36 17.36
0.23 -0.90 0.16 -6.55 7.36 17.36
0.23 -0.90 0.16 -6.55 7.36 17.36
0.23 -0.90 0.16 -6.55 7.36 17.36
0.23 -0.90 0.16 -6.55 7.36 17.36
0.23 -0.90 0.16 -6.55 7.36 17.36
0.23 -0.90 0.16 -6.55 7.36 17.36
0.23 -0.90 0.16 -6.55 7.36 17.36
0.23 -0.90 0.16 -6.55 7.36 17.36
0.23 -0.90 0.16 -6.55 7.36 17.36
0.23 -0.90 0.16 -6.55 7.36 17.36
0.23 -0.90 0.16 -6.55 7.36 17.36
0.23 -0.90 0.16 -6.55 7.36 17.36
0.23 -0.90 0.16 -6.55 7.36 17.36
0.23 -0.90 0.16 -6.55 7.36 17.36
0.23 -0.90 0.16 -6.55 7.36 17.36
0.23 -0.90 0.16 -6.55 7.36 17.36
0.23 -0.90 0.16 -6.55 7.36 17.36
0.23 -0.90 0.16 -6.55 7.36 17.36
0.23 -0.90 0.16 -6.55 7.36 17.36
0.23 -0.90 0.16 -6.55 7.36 17.36
0.23 -0.90 0.16 -6.55 7.36 17.36
0.23 -0.90 0.16 -6.55 7.36 17.36
0.23 -0.90 0.16 -6.55 7.36 17.36
0.23 -0.90 0.16 -6.55 7.36 17.36
0.23 -0.90 0.16 -6.55 7.36 17.36
0.23 -0.90 0.16 -6.55 7.36 17.36
0.23 -0.90 0.16 -6.55 7.36 17.36
0.23 -0.90 0.16 -6.55 7.36 17.36
0.23 -0.90 0.16 -6.55 7.36 17.36
0.23 -0.90 0.16 -6.55 7.36 17.36
0.23 -0.90 0.16 -6.55 7.36 17.36
0.23 -0.90 0.16 -6.55 7.36 17.36
0.23 -0.90 0.16 -6.55 7.36 17.36
0.23 -0.90 0.16 -6.55 7.36 17.36
0.23 -0.90 0.16 -6.55 7.36 17.36
0.23 -0.90 0.16 -6.55 7.36 17.36
0.23 -0.90 0.16 -6.55 7.36 17.36
0.23 -0.90 0.16 -6.55 7.36 17.36
0.23 -0.90 0.16 -6.55 7.36 17.36
0.23 -0.90 0.16 -6.55 7.36 17.36
0.23 -0.90 0.16 -6.55 7.36 17.36
0.23 -0.90 0.16 -6.55 7.36 17.36
0.23 -0.90 0.16 -6.55 7.36 17.36
0.23 -0.90 0.16 -6.55 7.36 17.36
0.23 -0.90 0.16 -6.55 7.36 17.36
0.23 -0.90 0.16 -6.55 7.36 17.36
0.23 -0.90 0.16 -6.55 7.36 17.36
0.23 -0.90 0.16 -6.55 7.36 17.36
0.23 -0.90 0.16 -6.55 7.36 17.36
0.23 -0.90 0.16 -6.55 7.36 17.36
0.23 -0.90 0.16 -6.55 7.36 17.36
0.23 -0.90 0.16 -6.55 7.36 17.36
0.23 -0.90 0.16 -6.55 7.36 17.36
0.23 -0.90 0.16 -6.55 7.36 17.36
0.23 -0.90 0.16 -6.55 7.36 17.36
0.23 -0.90 0.16 -6.55 7.36 17.36
0.23 -0.90 0.16 -6.55 7.36 17.36
0.23 -0.90 0.16 -6.55 7.36 17.36
0.23 -0.90 0.16 -6.55 7.36 17.36
0.23 -0.90 0.16 -6.55 7.36 17.36
0.23 -0.90 0.16 -6.55 7.36 17.36
0.23 -0.90 0.16 -6.55 7.36 17.36
0.23 -0.90 0.16 -6.55 7.36 17.36
0.23 -0.90 0.16 -6.55 7.36 17.36
0.23 -0.90 0.16 -6.55 7.36 17.36
0.23 -0.90 0.16 -6.55 7.36 17.36
0.23 -0.90 0.16 -6.55 7.36 17.36
0.23 -0.90 0.16 -6.55 7.36 17.36
0.23 -0.90 0.16 -6.55 7.36 17.36
0.23 -0.90 0.16 -6.55 7.36 17.36
0.23 -0.90 0.16 -6.55 7.36 17.36
0.23 -0.90 0.16 -6.55 7.36 17.36
0.23 -0.90 0.16 -6.55 7.36 17.36
0.23 -0.90 0.16 -6.55 7.36 17.36
0.23 -0.90 0.16 -6.55 7.36 17.36
0.23 -0.90 0.16 -6.55 7.36 17.36
0.23 -0.90 0.16 -6.55 7.36 17.36
0.23 -0.90 0.16 -6.55 7.36 17.36
0.23 -0.90 0.16 -6.55 7.36 17.36
0.23 -0.90 0.16 -6.55 7.36 17.36
0.23 -0.90 0.16 -6.55 7.36 17.36
0.23 -0.90 0.16 -6.55 7.36 17.36
0.23 -0.90 0.16 -6.55 7.36 17.36
0.23 -0.90 0.16 -6.55 7.36 17.36
0.23 -0.90 0.16 -6.55 7.36 17.36
0.23 -0.90 0.16 -6.55 7.36 17.36
0.23 -0.90 0.16 -6.55 7.36 17.36
