-0.08 -0.87 -0.16 -0.49 4.14 1.71
-0.07 -0.82 -0.17 -1.28 5.62 2.52
-0.04 -0.74 -0.16 -5.18 7.07 3.22
-0.04 -0.65 -0.16 -11.63 8.40 4.84
0.01 -0.54 -0.20 -19.95 11.27 7.48
-0.00 -0.41 -0.20 -34.49 13.15 11.31
-0.01 -0.31 -0.22 -45.63 14.75 20.21
-0.04 -0.27 -0.21 -48.03 15.22 37.88
-0.09 -0.15 -0.19 -44.41 13.21 61.80
-0.14 -0.00 -0.16 -37.37 10.34 95.60
-0.18 0.10 -0.12 -25.10 4.02 129.71
-0.18 0.51 -0.17 -23.24 -1.36 165.95
-0.26 0.96 -0.15 -32.21 -1.45 205.16
-0.42 1.51 -0.11 -67.82 -4.00 240.40
-0.65 1.94 -0.15 -126.11 -6.27 282.63
-0.95 2.09 -0.22 -184.52 -12.03 324.98
-1.20 2.29 -0.36 -236.18 -11.66 394.35
-1.60 2.02 -0.53 -267.40 -1.71 461.10
-1.98 1.78 -0.63 -293.05 3.73 500.26
-2.46 1.67 -0.66 -320.18 -7.88 500.26
-2.85 1.38 -0.67 -342.99 -32.53 500.26
-3.16 1.20 -0.69 -356.03 -61.50 500.26
-3.51 1.04 -0.68 -360.47 -100.43 500.26
-3.70 0.83 -0.73 -345.71 -135.65 500.26
-3.69 0.48 -0.89 -310.21 -162.99 500.26
-3.59 0.38 -1.17 -282.58 -171.10 500.26
-3.48 0.37 -1.42 -273.47 -159.33 500.26
-3.43 0.20 -1.64 -271.50 -143.54 500.14
-3.37 -0.35 -1.81 -265.82 -127.65 464.23
-3.25 -0.95 -1.94 -247.76 -112.98 416.78
-3.08 -1.60 -1.93 -217.31 -98.78 357.73
-2.90 -2.26 -1.87 -173.28 -84.63 308.29
-2.70 -2.71 -1.80 -114.76 -79.56 249.54
-2.48 -2.83 -1.72 -56.84 -76.53 186.70
-2.33 -2.84 -1.67 0.72 -79.85 114.00
-2.09 -2.87 -1.69 56.31 -77.34 42.93
-1.99 -2.61 -1.66 103.22 -63.47 -23.92
-1.93 -2.25 -1.63 130.18 -60.75 -83.42
-1.93 -2.01 -1.58 162.73 -46.40 -127.59
-1.99 -1.69 -1.58 194.35 -38.64 -163.51
-2.02 -1.52 -1.56 216.75 -32.26 -199.24
-1.96 -1.50 -1.60 237.08 -15.51 -235.79
-2.09 -1.17 -1.48 242.73 -7.39 -276.24
-2.19 -0.99 -1.37 238.29 -1.69 -314.89
-2.29 -0.61 -1.13 233.08 7.73 -346.18
-2.51 -0.21 -0.83 216.50 0.15 -381.73
-2.53 -0.08 -0.69 204.43 -5.59 -397.15
-2.53 -0.15 -0.63 211.18 -4.58 -401.02
-2.51 -0.20 -0.63 221.08 -9.89 -399.51
-2.43 -0.27 -0.71 231.94 -14.66 -411.85
-2.35 -0.22 -0.76 228.92 -14.06 -431.16
-2.37 -0.01 -0.68 213.07 -13.25 -445.28
-2.42 0.40 -0.57 189.89 -12.95 -439.68
-2.25 0.50 -0.49 170.95 -7.85 -420.72
-2.12 0.50 -0.36 158.96 -5.44 -402.72
-2.10 0.55 -0.14 139.36 -14.52 -396.56
-1.97 0.48 -0.06 121.60 -28.79 -388.26
-1.73 0.46 -0.05 118.35 -34.76 -377.01
-1.58 0.51 -0.05 114.50 -40.55 -369.95
-1.39 0.58 -0.11 103.34 -45.36 -359.92
-1.12 0.62 -0.19 93.13 -42.27 -343.16
-0.96 0.70 -0.23 82.66 -36.08 -318.53
-0.83 0.70 -0.22 67.18 -35.62 -298.03
-0.71 0.73 -0.20 41.82 -35.66 -276.43
-0.67 0.60 -0.17 26.38 -39.56 -251.59
-0.55 0.55 -0.14 7.56 -44.11 -229.59
-0.21 0.47 0.24 -53.91 -10.63 -224.34
-0.36 0.15 -0.17 4.96 -33.53 -175.02
-0.29 0.16 -0.21 -18.20 -23.69 -169.86
-0.39 0.03 -0.14 -23.89 -39.01 -153.85
-0.21 -0.03 -0.21 -27.05 -34.26 -132.73
-0.10 -0.02 -0.28 -24.58 -31.13 -103.65
-0.04 -0.12 -0.34 -24.56 -23.42 -70.92
0.02 -0.19 -0.37 -29.28 -14.31 -51.15
0.06 -0.32 -0.38 -38.00 -2.69 -40.03
0.05 -0.41 -0.35 -46.18 7.45 -34.78
-0.02 -0.62 -0.28 -51.69 14.49 -35.34
-0.09 -0.77 -0.19 -49.34 15.69 -33.83
-0.13 -0.86 -0.16 -39.48 14.69 -24.23
-0.14 -0.96 -0.15 -21.50 10.96 -13.88
-0.09 -0.95 -0.18 -3.68 8.18 0.99
-0.07 -0.89 -0.22 8.49 8.40 14.69
-0.05 -0.81 -0.23 7.01 11.28 21.98
-0.03 -0.85 -0.28 -0.17 10.27 22.58
-0.03 -0.90 -0.27 -13.69 13.24 16.05
-0.04 -0.99 -0.24 -25.86 17.40 8.98
-0.08 -1.09 -0.21 -30.55 18.70 2.92
-0.09 -1.18 -0.17 -28.98 18.11 0.99
-0.10 -1.22 -0.15 -21.71 17.56 2.66
-0.08 -1.24 -0.15 -11.65 19.56 5.80
-0.05 -1.20 -0.13 -3.79 24.50 10.46
-0.11 -1.11 -0.15 -0.75 25.60 16.64
-0.11 -1.08 -0.14 -0.44 27.27 20.69
-0.14 -1.05 -0.10 -3.66 27.65 21.47
-0.17 -1.07 -0.07 -8.93 24.85 17.80
-0.16 -1.10 -0.08 -14.29 21.16 13.16
-0.15 -1.12 -0.09 -15.79 18.98 8.87
-0.14 -1.13 -0.10 -14.03 16.87 5.53
-0.16 -1.09 -0.09 -15.50 12.81 1.69
-0.17 -1.06 -0.11 -18.73 9.21 0.32
