0.05 -0.82 0.18 -7.48 -2.03 8.23
0.06 -0.80 0.18 -8.66 -1.82 10.52
0.05 -0.78 0.17 -10.24 -1.98 13.13
0.04 -0.76 0.17 -11.51 -1.44 17.19
0.02 -0.73 0.16 -12.53 -1.36 21.69
-0.00 -0.69 0.15 -14.95 -1.56 26.44
-0.01 -0.65 0.15 -18.96 -2.24 31.07
-0.03 -0.62 0.13 -24.00 -3.15 34.29
-0.04 -0.61 0.12 -29.56 -4.98 37.31
-0.07 -0.63 0.13 -34.93 -7.69 37.66
-0.05 -0.67 0.12 -41.15 -11.85 35.37
-0.03 -0.71 0.11 -45.37 -14.05 34.73
0.02 -0.73 0.09 -48.18 -13.66 35.62
0.03 -0.76 0.09 -49.66 -11.60 38.23
0.02 -0.79 0.09 -48.43 -9.16 42.58
0.00 -0.78 0.08 -45.02 -6.31 50.40
-0.04 -0.76 0.08 -41.62 -3.07 61.27
-0.09 -0.68 0.05 -41.69 -2.34 67.34
-0.12 -0.61 0.02 -50.98 -6.11 65.19
-0.09 -0.64 0.00 -62.29 -9.21 60.08
-0.08 -0.70 -0.01 -70.00 -10.34 57.57
-0.07 -0.75 -0.02 -74.05 -10.60 55.63
-0.10 -0.81 -0.00 -73.86 -10.46 55.82
-0.10 -0.84 -0.03 -70.20 -7.65 60.96
-0.15 -0.82 -0.03 -65.50 -3.71 69.86
-0.23 -0.77 -0.02 -64.75 -3.65 77.18
-0.27 -0.72 -0.04 -71.08 -6.66 80.90
-0.26 -0.76 -0.05 -78.41 -9.28 82.78
-0.25 -0.83 -0.06 -81.76 -10.09 86.41
-0.23 -0.89 -0.08 -81.60 -9.15 90.99
-0.25 -0.92 -0.08 -79.50 -8.60 91.54
-0.31 -0.86 -0.11 -85.37 -15.86 79.25
-0.25 -0.84 -0.17 -99.83 -26.24 58.76
-0.16 -0.92 -0.22 -117.04 -34.14 35.48
-0.07 -1.10 -0.22 -125.60 -36.92 17.34
0.01 -1.25 -0.21 -124.12 -33.47 10.47
0.03 -1.39 -0.21 -112.12 -26.11 13.02
0.05 -1.41 -0.21 -93.47 -14.47 25.86
0.02 -1.37 -0.20 -73.21 -0.02 47.45
-0.11 -1.23 -0.20 -57.76 9.85 68.69
-0.17 -1.09 -0.24 -51.37 13.68 80.26
-0.22 -0.93 -0.26 -59.51 11.73 73.63
-0.23 -0.94 -0.26 -73.83 6.78 58.37
-0.25 -1.05 -0.27 -81.33 3.24 44.69
-0.31 -1.17 -0.23 -82.21 -2.92 33.68
-0.27 -1.21 -0.24 -80.90 -7.15 26.49
-0.22 -1.28 -0.25 -75.83 -6.55 22.43
-0.19 -1.28 -0.26 -68.87 -3.10 23.57
-0.22 -1.25 -0.26 -62.12 0.31 27.62
-0.25 -1.20 -0.27 -56.75 2.34 32.26
-0.28 -1.18 -0.27 -53.54 2.46 33.79
-0.30 -1.16 -0.29 -54.98 -0.99 27.13
-0.28 -1.20 -0.27 -56.85 -4.29 16.44
-0.26 -1.22 -0.28 -56.95 -6.79 7.11
-0.24 -1.27 -0.26 -54.55 -8.41 1.62
-0.25 -1.34 -0.24 -47.37 -8.95 2.24
-0.21 -1.38 -0.24 -35.18 -6.38 6.61
-0.22 -1.36 -0.25 -22.82 -2.66 12.76
-0.25 -1.31 -0.25 -13.80 -1.83 16.14
-0.25 -1.24 -0.25 -12.05 -3.77 12.47
-0.20 -1.23 -0.28 -13.16 -4.03 5.92
-0.17 -1.27 -0.27 -12.09 -3.15 0.32
-0.18 -1.33 -0.26 -6.66 -2.17 -2.15
-0.17 -1.34 -0.26 1.74 -0.40 -1.74
-0.17 -1.33 -0.26 10.53 1.82 -1.51
-0.18 -1.33 -0.27 18.38 1.59 -3.73
-0.17 -1.29 -0.27 23.80 0.84 -8.31
-0.12 -1.25 -0.28 26.61 3.21 -12.20
-0.11 -1.21 -0.30 27.71 5.30 -16.15
-0.13 -1.20 -0.28 28.87 7.27 -19.05
-0.14 -1.21 -0.28 31.66 8.21 -20.89
-0.15 -1.22 -0.28 35.44 9.04 -23.45
-0.15 -1.24 -0.28 39.59 9.91 -25.79
-0.15 -1.25 -0.28 43.91 10.26 -29.34
-0.14 -1.27 -0.28 48.73 11.04 -31.95
-0.12 -1.29 -0.27 55.30 14.18 -32.72
-0.13 -1.28 -0.27 61.82 17.73 -31.92
-0.14 -1.24 -0.27 66.41 21.30 -30.26
-0.18 -1.21 -0.25 69.10 23.13 -31.28
-0.21 -1.17 -0.24 70.26 22.60 -34.61
-0.23 -1.15 -0.22 70.79 20.96 -38.63
-0.23 -1.14 -0.23 70.49 19.05 -42.90
-0.23 -1.15 -0.22 70.85 17.71 -46.35
-0.20 -1.16 -0.20 72.12 17.59 -49.05
-0.20 -1.16 -0.18 74.37 18.20 -49.54
-0.21 -1.18 -0.18 79.22 19.25 -47.34
-0.23 -1.14 -0.17 84.06 20.24 -44.41
-0.24 -1.10 -0.17 86.78 20.63 -43.31
-0.25 -1.06 -0.16 86.89 18.73 -45.24
-0.24 -1.03 -0.15 86.08 17.24 -47.33
-0.25 -1.00 -0.13 84.79 15.69 -49.15
-0.23 -0.98 -0.12 83.10 13.80 -50.41
-0.22 -0.97 -0.11 80.73 12.72 -50.32
-0.21 -0.96 -0.10 78.41 11.04 -52.29
-0.21 -0.97 -0.08 76.73 9.53 -53.73
-0.20 -0.99 -0.08 76.69 8.73 -53.05
-0.17 -0.98 -0.07 77.57 8.76 -51.47
-0.13 -0.97 -0.06 79.92 10.90 -47.92
-0.14 -0.94 -0.05 81.63 12.34 -44.76
-0.14 -0.89 -0.05 79.98 12.14 -44.27
