0.02 -0.47 -0.17 -29.66 21.07 -6.52
-0.03 -0.22 -0.14 -69.28 27.27 0.37
-0.01 -0.23 -0.09 -63.71 24.35 21.21
-0.03 -0.18 -0.10 -47.44 23.15 47.69
-0.06 -0.04 -0.07 -30.66 17.13 73.98
-0.10 0.26 -0.05 -24.38 8.66 101.88
-0.19 0.55 -0.05 -28.14 -0.31 128.12
-0.21 0.94 -0.10 -46.98 -6.75 162.27
-0.27 1.15 -0.16 -75.65 -5.36 189.65
-0.38 1.49 -0.18 -111.15 -1.39 229.92
-0.65 1.78 -0.16 -145.44 2.79 285.33
-1.10 2.27 -0.16 -185.01 3.33 361.51
-1.56 2.69 -0.20 -236.78 3.79 439.19
-2.07 2.84 -0.35 -292.08 2.67 500.26
-2.54 2.67 -0.60 -336.96 5.89 500.26
-3.03 2.47 -0.81 -376.89 -0.11 500.26
-3.50 2.12 -1.02 -407.15 -17.31 500.26
-3.83 1.68 -1.20 -426.37 -39.05 500.26
-4.00 1.18 -1.37 -423.82 -63.25 500.26
-4.00 0.69 -1.47 -412.34 -92.29 500.26
-4.00 0.32 -1.61 -392.08 -117.95 500.26
-4.00 -0.07 -1.70 -365.54 -144.41 500.26
-3.96 -0.54 -1.84 -324.70 -165.31 471.27
-3.74 -0.79 -1.98 -277.25 -173.24 433.07
-3.48 -1.06 -2.15 -226.70 -166.72 398.00
-3.22 -1.22 -2.22 -181.97 -149.79 365.68
-2.96 -1.50 -2.21 -141.91 -127.16 317.04
-2.60 -1.91 -2.15 -98.05 -100.90 266.43
-2.38 -2.14 -2.03 -54.67 -77.48 200.23
-2.23 -2.15 -1.80 -16.60 -65.15 121.50
-2.15 -2.25 -1.59 24.55 -69.02 36.99
-1.98 -2.23 -1.49 69.59 -75.95 -43.05
-2.03 -1.88 -1.38 110.82 -92.85 -93.39
-1.88 -1.54 -1.45 146.90 -95.68 -139.42
-1.88 -1.25 -1.46 184.44 -90.14 -167.56
-1.93 -1.08 -1.46 214.92 -91.51 -193.57
-1.73 -0.93 -1.58 232.81 -73.65 -222.81
-1.77 -0.74 -1.60 234.24 -55.31 -253.51
-1.75 -0.69 -1.57 224.35 -33.60 -289.57
-1.80 -0.60 -1.49 216.14 -12.35 -321.57
-1.99 -0.51 -1.25 204.73 6.35 -353.69
-2.21 -0.56 -1.07 204.92 10.35 -383.28
-2.38 -0.48 -0.99 214.46 8.03 -395.76
-2.50 -0.33 -0.98 225.27 7.13 -395.34
-2.55 -0.18 -0.95 235.40 7.86 -387.30
-2.59 -0.19 -0.90 245.48 5.45 -382.02
-2.57 -0.23 -0.76 251.89 2.78 -387.79
-2.52 -0.28 -0.69 260.18 -2.35 -400.81
-2.40 -0.03 -0.70 255.16 -6.21 -419.19
-2.29 0.31 -0.62 232.46 -7.18 -438.50
-2.13 0.56 -0.63 202.89 -7.48 -452.53
-1.96 0.89 -0.63 166.05 -3.98 -451.51
-1.76 1.07 -0.63 133.25 8.15 -427.60
-1.66 1.09 -0.55 102.76 15.47 -395.34
-1.64 0.99 -0.34 73.62 9.27 -366.64
-1.52 0.66 -0.13 57.77 -4.40 -344.82
-1.38 0.35 -0.03 61.76 -20.96 -329.69
-1.18 0.11 0.01 80.12 -32.64 -312.73
-1.14 0.16 0.10 103.65 -50.17 -296.20
-1.01 0.34 0.09 113.73 -71.66 -284.12
-0.84 0.55 0.03 104.50 -76.44 -264.66
-0.66 0.54 -0.08 101.02 -74.08 -223.56
-0.52 0.59 -0.14 79.31 -63.37 -218.03
-0.65 0.48 -0.16 85.04 -76.98 -151.50
-0.41 0.39 -0.12 50.08 -67.44 -152.03
-0.17 0.27 -0.24 12.85 -59.11 -154.44
-0.05 0.04 -0.31 -8.50 -52.40 -148.38
-0.11 -0.15 -0.26 -16.06 -40.38 -133.05
-0.13 -0.19 -0.23 -17.65 -29.08 -108.70
-0.15 -0.34 -0.20 -9.34 -20.84 -77.16
-0.20 -0.45 -0.16 0.27 -17.18 -50.75
-0.16 -0.54 -0.16 6.85 -12.15 -26.96
-0.12 -0.63 -0.19 15.47 -6.89 -7.02
-0.12 -0.68 -0.16 17.71 -2.50 4.85
-0.11 -0.76 -0.15 16.09 -3.36 9.07
-0.05 -0.78 -0.14 10.55 2.66 13.25
-0.06 -0.84 -0.12 4.49 4.89 6.18
-0.07 -0.86 -0.12 -2.29 4.96 0.00
-0.09 -0.85 -0.09 -6.03 3.60 -7.07
-0.08 -0.79 -0.11 -17.86 7.07 -11.08
-0.06 -0.80 -0.10 -24.02 5.27 -9.48
-0.04 -0.84 -0.11 -28.56 11.37 -8.44
-0.07 -0.90 -0.08 -28.60 13.11 -5.07
-0.06 -0.96 -0.07 -23.08 13.27 -2.95
-0.12 -1.01 -0.03 -14.98 8.69 -2.70
-0.12 -1.00 0.01 -8.41 3.91 -2.31
-0.12 -0.96 0.01 -4.40 -0.38 -1.59
-0.11 -0.92 0.00 -3.24 -0.58 2.31
-0.13 -0.87 0.01 -5.10 -0.47 7.02
-0.13 -0.87 0.00 -10.21 -1.47 8.61
-0.13 -0.88 -0.02 -20.20 -2.27 5.30
-0.12 -0.97 -0.06 -27.80 -1.79 4.17
-0.11 -1.02 -0.08 -30.72 0.69 6.64
-0.14 -1.10 -0.06 -27.83 1.94 10.08
-0.16 -1.16 -0.04 -23.95 1.07 10.70
-0.15 -1.21 -0.06 -19.76 -0.35 9.22
-0.14 -1.22 -0.08 -15.54 -0.23 6.24
-0.13 -1.21 -0.10 -13.40 0.03 1.08
-0.14 -1.20 -0.08 -12.37 0.67 -4.32
-0.16 -1.19 -0.08 -9.92 0.03 -8.34
