0.15 -0.96 0.23 -0.18 0.38 -2.75
0.14 -0.98 0.23 0.55 -0.93 -4.03
0.14 -1.01 0.24 2.56 -2.02 -5.69
0.15 -1.04 0.25 6.02 -2.29 -7.02
0.18 -1.01 0.24 8.70 -1.39 -7.18
0.19 -0.99 0.22 10.18 -0.05 -8.09
0.20 -0.99 0.23 11.34 0.61 -9.45
0.19 -0.98 0.23 12.84 1.73 -10.41
0.16 -0.99 0.24 14.35 0.78 -11.57
0.17 -1.00 0.24 17.10 -0.15 -11.50
0.19 -1.00 0.23 19.74 0.55 -11.07
0.20 -0.98 0.24 22.37 2.24 -10.15
0.21 -0.95 0.22 23.65 4.75 -9.02
0.19 -0.91 0.23 25.31 7.05 -7.07
0.19 -0.87 0.21 26.00 10.52 -2.67
0.14 -0.84 0.22 26.99 10.60 -1.50
0.15 -0.78 0.19 26.08 13.54 0.81
0.09 -0.63 0.17 20.17 13.44 -0.53
0.03 -0.53 0.17 10.76 11.24 -0.31
-0.01 -0.47 0.17 0.05 7.79 4.34
-0.05 -0.44 0.16 -9.82 4.12 14.00
-0.06 -0.42 0.16 -17.98 1.45 26.47
-0.04 -0.43 0.14 -23.25 1.05 41.62
-0.02 -0.44 0.11 -25.31 3.57 57.85
-0.00 -0.43 0.09 -25.48 8.00 72.50
-0.03 -0.36 0.06 -28.78 11.92 81.98
-0.10 -0.24 0.04 -40.76 10.55 83.66
-0.16 -0.20 0.02 -56.93 5.77 81.54
-0.19 -0.22 0.01 -72.44 -1.85 79.08
-0.19 -0.29 -0.03 -85.79 -9.40 74.61
-0.16 -0.35 -0.05 -99.68 -17.40 71.85
-0.11 -0.49 -0.07 -107.34 -21.76 73.13
-0.07 -0.65 -0.09 -106.24 -21.15 80.85
-0.00 -0.76 -0.09 -98.14 -14.66 94.70
0.03 -0.81 -0.12 -87.30 -3.39 109.71
-0.01 -0.75 -0.13 -80.27 8.08 120.84
-0.12 -0.64 -0.16 -84.02 11.51 116.24
-0.24 -0.52 -0.20 -103.62 2.00 91.39
-0.36 -0.52 -0.21 -131.33 -16.69 54.79
-0.42 -0.63 -0.19 -159.42 -40.35 20.06
-0.34 -0.88 -0.18 -174.81 -57.50 -0.02
-0.21 -1.09 -0.17 -174.49 -62.50 0.03
-0.06 -1.31 -0.17 -158.34 -51.68 21.51
-0.01 -1.44 -0.13 -129.79 -29.13 58.20
-0.07 -1.45 -0.13 -99.04 -10.09 90.64
-0.17 -1.30 -0.15 -81.97 -3.39 103.50
-0.16 -1.19 -0.20 -85.28 -6.02 94.64
-0.14 -1.13 -0.22 -100.93 -16.66 64.38
-0.08 -1.21 -0.25 -117.76 -28.24 31.91
0.02 -1.35 -0.25 -123.54 -31.33 14.92
0.07 -1.52 -0.21 -113.16 -27.08 14.85
0.11 -1.61 -0.21 -90.15 -11.45 32.63
0.09 -1.57 -0.20 -66.29 7.50 56.21
-0.04 -1.45 -0.20 -49.53 19.92 72.64
-0.18 -1.31 -0.20 -45.13 21.40 76.37
-0.27 -1.21 -0.20 -53.53 12.02 64.87
-0.26 -1.26 -0.20 -67.08 -1.16 44.92
-0.22 -1.51 -0.19 -69.68 -12.99 22.56
-0.08 -1.69 -0.17 -62.03 -15.54 10.05
0.02 -1.77 -0.15 -46.50 -10.58 4.69
0.06 -1.75 -0.16 -29.53 -0.93 5.21
0.02 -1.70 -0.15 -14.64 7.79 10.00
-0.05 -1.62 -0.15 -3.48 12.50 14.58
-0.11 -1.54 -0.16 1.53 12.58 15.86
-0.14 -1.50 -0.15 1.07 9.63 12.44
-0.13 -1.53 -0.15 1.18 5.91 5.37
-0.10 -1.59 -0.15 5.42 3.80 -3.11
-0.05 -1.65 -0.15 15.94 5.10 -9.45
-0.04 -1.63 -0.14 30.12 9.02 -11.54
-0.07 -1.50 -0.17 41.05 12.29 -12.52
-0.08 -1.40 -0.21 46.09 14.14 -15.86
-0.11 -1.33 -0.22 47.44 14.38 -21.22
-0.12 -1.28 -0.22 47.40 13.22 -27.37
-0.13 -1.27 -0.22 47.76 12.11 -31.60
-0.15 -1.28 -0.20 49.16 10.52 -34.43
-0.16 -1.29 -0.20 51.63 9.31 -36.49
-0.13 -1.29 -0.21 54.53 8.92 -38.79
-0.11 -1.28 -0.21 57.24 9.44 -41.80
-0.07 -1.27 -0.21 60.00 11.51 -46.81
-0.06 -1.25 -0.21 61.97 14.26 -52.12
-0.08 -1.24 -0.22 62.90 15.83 -56.23
-0.09 -1.23 -0.19 64.64 17.48 -56.90
-0.10 -1.19 -0.19 65.18 19.92 -56.60
-0.11 -1.15 -0.20 63.73 23.07 -56.08
-0.15 -1.13 -0.18 62.52 24.08 -56.96
-0.19 -1.11 -0.16 61.04 20.52 -59.89
-0.18 -1.13 -0.15 61.57 16.50 -64.56
-0.13 -1.12 -0.14 63.50 13.74 -69.36
-0.09 -1.14 -0.15 67.18 14.58 -71.63
-0.09 -1.10 -0.14 70.98 16.03 -71.53
-0.11 -1.05 -0.13 72.87 17.82 -67.01
-0.10 -1.01 -0.13 74.26 19.45 -60.49
-0.09 -0.96 -0.12 71.27 18.96 -58.17
-0.07 -0.97 -0.11 70.52 18.98 -58.52
-0.06 -0.98 -0.09 71.92 20.00 -56.76
-0.07 -0.99 -0.09 74.78 19.42 -57.60
-0.07 -0.96 -0.09 75.66 17.66 -61.91
-0.05 -0.89 -0.08 72.89 16.90 -66.32
-0.02 -0.86 -0.08 69.73 18.26 -67.40
-0.01 -0.85 -0.06 68.20 22.15 -62.69
