0.16 -0.88 0.19 1.83 -0.66 5.54
0.13 -0.87 0.20 2.50 -0.79 7.07
0.12 -0.84 0.19 2.34 -1.18 8.75
0.12 -0.80 0.18 0.98 -1.53 10.60
0.12 -0.79 0.18 -0.70 -1.44 12.79
0.11 -0.77 0.18 -2.49 -1.08 15.98
0.11 -0.77 0.17 -3.15 -0.72 19.18
0.11 -0.76 0.17 -2.53 0.64 23.69
0.09 -0.72 0.15 -2.90 1.74 27.01
0.05 -0.68 0.14 -7.02 -0.43 25.88
0.06 -0.68 0.13 -12.92 -2.49 23.60
0.06 -0.70 0.12 -17.13 -3.92 22.85
0.06 -0.77 0.14 -17.48 -5.30 24.35
0.10 -0.78 0.13 -15.50 -3.68 28.60
0.12 -0.76 0.12 -13.28 -0.05 34.46
0.10 -0.75 0.09 -10.46 5.15 43.21
0.06 -0.73 0.10 -7.48 7.91 49.69
0.11 -0.66 0.07 -9.95 9.98 49.59
0.17 -0.65 0.04 -15.28 16.82 46.70
0.12 -0.62 0.03 -20.50 22.43 46.50
0.01 -0.61 0.06 -24.50 23.82 51.47
-0.06 -0.61 0.03 -26.00 23.57 58.69
-0.08 -0.59 0.03 -26.79 23.92 67.07
-0.13 -0.55 0.02 -31.69 21.56 69.24
-0.14 -0.53 0.00 -41.79 17.25 67.15
-0.14 -0.55 -0.01 -52.84 11.53 61.82
-0.08 -0.59 -0.03 -64.67 8.06 56.70
-0.05 -0.67 -0.03 -71.74 8.56 55.19
-0.04 -0.73 -0.03 -74.43 11.62 58.61
-0.03 -0.77 -0.03 -73.44 18.00 66.34
-0.12 -0.87 -0.01 -67.47 22.37 75.16
-0.22 -0.86 0.03 -65.82 19.04 76.49
-0.23 -0.83 0.02 -71.92 12.24 68.52
-0.21 -0.79 -0.01 -82.17 5.63 59.60
-0.18 -0.78 -0.03 -92.26 2.12 56.60
-0.17 -0.80 -0.06 -100.95 0.92 57.69
-0.16 -0.84 -0.09 -107.62 -0.12 57.97
-0.19 -0.88 -0.12 -115.65 -2.93 56.15
-0.22 -0.98 -0.11 -123.24 -9.13 50.95
-0.22 -1.10 -0.13 -127.80 -16.37 43.74
-0.17 -1.24 -0.14 -126.75 -17.33 43.74
-0.14 -1.32 -0.13 -119.91 -17.01 43.36
-0.12 -1.34 -0.14 -111.73 -14.66 43.40
-0.11 -1.33 -0.16 -107.59 -13.77 40.87
-0.11 -1.32 -0.17 -108.47 -14.49 32.98
-0.13 -1.37 -0.16 -111.02 -19.11 22.64
-0.08 -1.45 -0.17 -110.93 -22.12 14.08
-0.04 -1.58 -0.15 -102.46 -22.34 11.11
0.03 -1.67 -0.14 -85.80 -15.66 17.45
0.06 -1.68 -0.15 -65.45 -4.40 30.00
-0.02 -1.63 -0.14 -46.82 4.96 40.98
-0.12 -1.52 -0.14 -37.50 5.94 41.33
-0.13 -1.44 -0.17 -38.11 1.63 30.69
-0.11 -1.47 -0.17 -40.14 -2.98 15.97
-0.10 -1.57 -0.14 -36.38 -7.65 5.30
-0.03 -1.63 -0.13 -26.76 -6.66 0.72
0.02 -1.66 -0.13 -13.31 -1.65 0.46
-0.01 -1.61 -0.14 -0.18 4.50 3.01
-0.08 -1.55 -0.13 9.89 6.85 3.56
-0.08 -1.51 -0.13 17.47 7.82 3.18
-0.10 -1.48 -0.15 23.79 7.98 0.69
-0.11 -1.45 -0.16 28.41 7.21 -4.24
-0.10 -1.44 -0.16 32.12 6.50 -11.08
-0.10 -1.42 -0.15 36.29 6.15 -18.89
-0.08 -1.39 -0.16 41.24 6.58 -24.84
-0.09 -1.37 -0.16 47.44 7.50 -27.10
-0.09 -1.34 -0.18 53.45 9.68 -25.39
-0.08 -1.31 -0.17 58.70 11.74 -22.95
-0.08 -1.30 -0.17 61.27 13.11 -24.40
-0.09 -1.31 -0.16 64.06 12.69 -28.73
-0.09 -1.32 -0.14 67.94 12.50 -34.23
-0.09 -1.29 -0.17 72.18 14.46 -37.83
-0.10 -1.24 -0.16 75.10 15.85 -42.81
-0.13 -1.19 -0.16 75.62 15.54 -49.04
-0.15 -1.14 -0.16 74.12 12.95 -55.40
-0.16 -1.12 -0.13 72.20 10.75 -60.78
-0.14 -1.11 -0.12 71.10 9.86 -64.23
-0.11 -1.10 -0.13 71.71 11.15 -63.82
-0.11 -1.07 -0.12 73.28 12.26 -61.08
-0.09 -1.07 -0.10 75.54 12.98 -58.66
-0.08 -1.06 -0.12 77.42 12.95 -59.05
-0.05 -1.03 -0.12 77.44 13.04 -63.51
-0.04 -1.02 -0.12 77.18 15.18 -66.72
-0.05 -1.02 -0.09 78.21 19.27 -65.04
-0.08 -1.02 -0.07 81.66 23.82 -57.53
-0.14 -0.95 -0.05 83.95 25.24 -50.12
-0.16 -0.92 -0.05 83.30 23.86 -45.65
-0.13 -0.87 -0.04 80.12 22.03 -44.40
-0.11 -0.84 -0.04 75.79 21.53 -43.07
-0.14 -0.84 -0.01 72.82 20.18 -41.82
-0.15 -0.86 0.02 73.39 18.44 -39.80
-0.16 -0.82 0.02 73.27 14.81 -40.44
-0.12 -0.76 0.03 69.42 11.04 -43.85
-0.07 -0.72 0.02 62.38 9.16 -47.42
-0.04 -0.71 0.03 55.50 8.15 -49.34
-0.03 -0.71 0.05 50.41 8.63 -46.81
-0.03 -0.72 0.07 47.15 9.16 -41.94
-0.05 -0.72 0.09 45.85 9.08 -35.11
-0.05 -0.75 0.11 45.66 8.26 -30.66
-0.04 -0.73 0.11 43.57 5.68 -29.22
