-0.07 -0.76 -0.16 -5.28 4.60 3.71
-0.06 -0.67 -0.18 -9.63 5.98 6.79
-0.02 -0.51 -0.20 -16.14 8.18 10.31
-0.03 -0.22 -0.20 -34.41 8.92 16.89
0.05 0.10 -0.27 -58.05 12.34 24.17
0.04 0.43 -0.27 -89.40 13.02 41.77
-0.01 0.43 -0.25 -106.43 11.62 60.05
-0.15 0.39 -0.24 -107.50 6.89 85.53
-0.16 0.40 -0.23 -99.18 4.14 116.55
-0.29 0.59 -0.19 -87.63 -2.32 149.48
-0.45 0.82 -0.17 -84.60 -9.08 189.68
-0.57 1.10 -0.18 -98.50 -14.93 231.74
-0.78 1.41 -0.18 -124.53 -17.56 276.29
-1.01 1.75 -0.15 -161.05 -17.89 330.15
-1.36 2.03 -0.18 -206.69 -15.31 387.27
-1.81 2.19 -0.24 -253.28 -16.70 445.16
-2.29 2.25 -0.39 -297.60 -21.53 500.26
-2.75 2.09 -0.53 -335.77 -32.38 500.26
-3.22 1.83 -0.65 -366.18 -57.16 500.26
-3.62 1.33 -0.68 -389.10 -97.71 500.26
-3.88 0.60 -0.73 -388.98 -144.27 500.26
-3.90 -0.01 -0.78 -354.63 -186.58 500.26
-3.87 -0.37 -0.91 -297.44 -221.85 496.29
-3.75 -0.46 -1.12 -240.58 -242.02 476.87
-3.60 -0.42 -1.43 -198.41 -244.63 460.32
-3.32 -0.39 -1.77 -174.81 -223.28 450.60
-3.02 -0.59 -2.05 -165.94 -181.48 428.41
-2.81 -0.97 -2.21 -165.50 -134.49 386.41
-2.72 -1.45 -2.16 -161.15 -97.73 338.34
-2.69 -1.90 -1.96 -139.63 -74.67 287.73
-2.62 -2.22 -1.73 -99.08 -69.65 229.39
-2.44 -2.58 -1.54 -37.69 -70.56 174.56
-2.22 -2.50 -1.43 21.71 -76.27 116.29
-1.88 -2.32 -1.48 70.76 -72.18 51.01
-1.82 -1.97 -1.41 103.66 -79.77 1.39
-1.52 -1.67 -1.55 123.44 -68.58 -53.89
-1.44 -1.29 -1.53 138.00 -48.79 -90.49
-1.46 -1.01 -1.46 147.65 -29.24 -114.35
-1.47 -1.01 -1.35 157.08 -9.25 -145.71
-1.61 -1.13 -1.25 170.11 -1.11 -176.31
-1.63 -1.11 -1.26 184.26 3.48 -211.59
-1.74 -1.00 -1.20 192.87 6.26 -237.57
-1.75 -0.93 -1.18 203.34 15.71 -254.32
-1.82 -0.70 -1.02 209.34 22.72 -276.67
-1.92 -0.47 -0.86 204.26 26.46 -292.66
-1.91 -0.44 -0.78 201.02 31.13 -308.60
-2.05 -0.40 -0.72 195.80 27.28 -326.79
-2.09 -0.49 -0.66 190.41 21.01 -343.34
-2.22 -0.63 -0.58 191.53 9.82 -363.88
-2.27 -0.61 -0.46 192.41 -1.25 -378.08
-2.40 -0.31 -0.28 190.38 -13.22 -381.85
-2.42 -0.09 -0.07 186.37 -31.97 -390.20
-2.31 -0.03 -0.06 190.41 -53.57 -383.53
-2.11 0.07 -0.15 201.16 -65.10 -370.56
-1.89 0.11 -0.28 197.98 -71.50 -367.89
-1.57 0.18 -0.47 175.48 -65.94 -376.61
-1.37 0.22 -0.55 142.03 -52.70 -392.00
-1.31 0.20 -0.55 105.53 -39.89 -406.99
-1.22 0.19 -0.55 77.59 -23.39 -408.50
-1.30 0.33 -0.45 58.89 -13.92 -388.87
-1.38 0.45 -0.34 52.31 -15.25 -345.24
-1.21 0.50 -0.26 47.73 -19.45 -295.18
-1.00 0.38 -0.24 32.47 -13.65 -269.05
-0.85 0.13 -0.27 20.35 -13.89 -259.27
-0.71 0.03 -0.29 11.59 -12.58 -257.36
-0.67 -0.01 -0.25 6.52 -12.90 -251.07
-0.61 -0.06 -0.25 9.40 -11.88 -238.96
-0.54 0.06 -0.24 16.50 -8.98 -212.20
-0.49 0.16 -0.21 20.90 -5.71 -177.45
-0.39 -0.44 -0.39 30.89 6.02 -137.97
-0.27 0.43 -0.12 24.82 -1.94 -96.70
-0.29 0.23 -0.18 0.18 -0.73 -85.59
-0.24 0.07 -0.17 -21.88 -3.83 -77.21
-0.21 -0.20 -0.14 -31.50 -2.53 -68.70
-0.15 -0.35 -0.10 -35.83 -0.64 -62.67
-0.14 -0.53 -0.10 -25.48 0.46 -52.34
-0.12 -0.56 -0.11 -15.53 2.14 -38.47
-0.09 -0.52 -0.13 -9.89 3.07 -23.36
-0.08 -0.62 -0.16 -3.25 5.42 -10.87
-0.11 -0.60 -0.17 -2.87 3.18 1.62
-0.07 -0.60 -0.19 -6.84 3.62 12.40
-0.07 -0.63 -0.20 -16.00 5.89 16.20
-0.16 -0.72 -0.17 -22.29 2.09 19.92
-0.13 -0.75 -0.16 -35.82 6.81 13.80
-0.24 -0.94 -0.11 -48.90 -3.28 4.84
-0.15 -1.02 -0.19 -56.20 -5.63 2.05
-0.11 -1.21 -0.19 -51.73 2.43 3.59
-0.11 -1.27 -0.22 -42.12 4.40 5.74
-0.11 -1.34 -0.24 -26.52 5.28 7.01
-0.15 -1.35 -0.21 -6.37 4.08 10.34
-0.17 -1.29 -0.19 12.08 2.72 13.91
-0.12 -1.17 -0.22 23.08 4.81 16.73
-0.12 -1.01 -0.19 23.08 6.29 16.64
-0.13 -0.90 -0.16 15.08 6.66 16.66
-0.15 -0.84 -0.13 4.27 7.16 14.79
-0.17 -0.83 -0.09 -7.65 6.79 13.50
-0.19 -0.90 -0.07 -14.95 5.05 12.46
-0.18 -1.00 -0.06 -13.82 3.86 12.37
-0.20 -1.07 -0.05 -8.46 1.86 10.38
-0.21 -1.09 -0.06 -0.50 -0.90 8.52
