0.20 -0.94 0.15 1.12 2.33 -3.11
0.18 -0.95 0.15 1.50 1.69 -3.03
0.20 -0.96 0.15 1.24 1.86 -3.37
0.21 -0.97 0.14 1.18 2.27 -4.82
0.20 -0.98 0.15 0.78 2.47 -7.46
0.19 -1.01 0.17 1.20 2.34 -9.49
0.19 -1.03 0.18 4.45 1.82 -10.86
0.20 -1.03 0.16 9.51 1.43 -10.36
0.21 -0.98 0.16 13.27 2.08 -9.63
0.21 -0.95 0.16 13.86 2.39 -11.02
0.23 -0.92 0.16 12.39 2.55 -15.03
0.22 -0.93 0.16 11.34 2.27 -20.29
0.23 -0.94 0.14 14.27 2.84 -23.85
0.24 -0.93 0.14 16.72 3.27 -28.80
0.25 -0.88 0.11 17.53 4.97 -34.78
0.22 -0.83 0.09 17.15 7.41 -38.47
0.19 -0.77 0.07 16.18 8.99 -38.87
0.15 -0.66 0.06 13.53 10.29 -36.66
0.09 -0.59 0.06 10.82 9.59 -30.18
0.03 -0.51 0.06 8.73 6.32 -20.73
0.01 -0.44 0.06 5.00 2.25 -8.80
0.02 -0.34 0.05 0.78 0.63 2.07
0.00 -0.25 0.04 -4.50 0.76 16.63
-0.07 -0.13 0.06 -13.81 -0.65 31.05
-0.16 -0.01 0.07 -26.94 -6.02 47.14
-0.29 0.26 0.09 -50.08 -15.08 69.99
-0.43 0.40 0.10 -80.27 -28.82 100.87
-0.49 0.46 0.03 -108.14 -44.15 134.44
-0.66 0.50 -0.01 -141.41 -57.62 175.08
-0.78 0.15 -0.01 -162.25 -73.70 218.30
-0.92 -0.15 -0.05 -157.95 -91.42 250.13
-0.91 -0.47 0.02 -134.25 -103.72 250.13
-0.91 -0.75 -0.03 -109.12 -123.84 250.13
-0.67 -0.74 -0.19 -93.57 -126.43 250.13
-0.49 -0.72 -0.33 -90.67 -119.33 250.13
-1.16 -0.07 -0.03 -129.92 -90.24 250.13
-0.13 -0.48 -0.75 -158.21 -82.97 250.13
-0.46 -0.68 -0.53 -208.44 -66.42 250.13
-0.49 -1.20 -0.62 -250.14 -66.18 217.91
-0.51 -1.82 -0.56 -250.14 -79.97 180.37
-0.42 -2.00 -0.61 -241.14 -66.99 161.98
-0.38 -2.00 -0.52 -181.50 -50.37 152.02
-0.28 -2.00 -0.54 -123.08 -31.34 145.09
-0.32 -2.00 -0.44 -73.02 -21.18 119.44
-0.32 -2.00 -0.48 -49.77 -15.55 74.65
-0.16 -2.00 -0.58 -56.13 -2.37 22.29
-0.08 -2.00 -0.62 -63.11 14.79 -28.37
-0.15 -2.00 -0.58 -36.82 34.72 -52.59
-0.34 -2.00 -0.44 9.32 41.35 -51.32
-0.42 -2.00 -0.42 64.25 45.76 -39.65
-0.53 -2.00 -0.39 105.43 43.47 -21.58
-0.54 -1.62 -0.36 111.28 34.94 -29.62
-0.42 -1.35 -0.40 90.19 27.54 -51.82
-0.26 -1.34 -0.49 61.48 28.56 -81.71
-0.24 -1.45 -0.44 54.45 37.21 -94.20
-0.26 -1.52 -0.45 57.15 46.60 -105.74
-0.35 -1.43 -0.42 61.80 50.16 -122.76
-0.42 -1.36 -0.39 65.70 48.36 -124.82
-0.46 -1.36 -0.35 70.13 43.40 -131.45
-0.47 -1.33 -0.32 72.70 39.32 -129.37
-0.39 -1.28 -0.29 78.29 37.89 -123.05
-0.35 -1.25 -0.32 78.31 40.63 -130.15
-0.34 -1.28 -0.31 77.56 43.69 -139.11
-0.30 -1.25 -0.29 76.56 45.67 -149.61
-0.29 -1.21 -0.25 78.34 48.40 -158.85
-0.31 -1.20 -0.22 83.08 47.25 -169.16
-0.33 -1.14 -0.18 88.82 45.36 -174.57
-0.33 -1.07 -0.16 91.44 42.24 -176.23
-0.24 -1.00 -0.21 95.56 44.69 -172.83
-0.33 -0.85 -0.15 93.99 40.18 -167.43
-0.32 -0.71 -0.12 89.03 37.18 -159.66
-0.27 -0.67 -0.13 82.40 36.66 -149.62
-0.28 -0.65 -0.06 78.14 32.12 -140.08
-0.20 -0.63 -0.05 73.82 28.78 -131.66
-0.13 -0.67 -0.04 70.38 25.58 -131.65
-0.05 -0.64 -0.06 66.79 26.08 -132.36
-0.02 -0.65 -0.04 65.53 28.17 -127.34
-0.04 -0.59 0.00 68.85 27.93 -116.79
-0.04 -0.50 0.01 72.79 26.71 -96.47
-0.06 -0.33 0.05 70.56 21.66 -81.37
-0.04 -0.20 0.05 60.78 15.08 -67.91
0.01 -0.14 0.04 46.04 11.88 -53.34
0.07 -0.17 0.06 32.37 6.62 -41.34
0.15 -0.26 0.04 20.50 7.09 -32.53
0.16 -0.37 0.07 12.64 7.40 -27.49
0.18 -0.46 0.06 6.40 7.95 -27.77
0.19 -0.54 0.07 0.20 9.76 -28.03
0.18 -0.64 0.09 1.84 10.40 -24.44
0.17 -0.67 0.11 6.82 9.98 -16.42
0.19 -0.65 0.09 8.82 10.93 -8.64
0.19 -0.63 0.08 4.65 11.25 -1.94
0.16 -0.67 0.12 -1.93 10.48 4.35
0.16 -0.76 0.12 -5.15 8.21 7.95
0.20 -0.84 0.12 -4.60 7.59 11.18
0.20 -0.88 0.12 -2.18 8.00 12.70
0.19 -0.89 0.13 -2.82 7.98 10.90
0.19 -0.94 0.15 -4.32 7.02 8.92
0.22 -1.00 0.14 -0.40 6.94 7.64
0.20 -0.99 0.16 5.34 5.88 8.12
0.20 -0.94 0.16 7.37 5.91 11.17
