-0.06 -0.88 -0.18 -3.63 8.34 2.21
-0.07 -0.85 -0.15 -3.04 8.72 4.89
-0.07 -0.78 -0.14 -0.02 8.64 9.95
-0.07 -0.66 -0.15 1.88 8.64 16.38
-0.05 -0.52 -0.16 0.79 8.79 24.17
-0.02 -0.41 -0.18 -1.28 10.14 35.05
-0.00 -0.28 -0.21 -3.98 13.92 47.83
0.00 -0.12 -0.22 -7.97 18.60 62.55
0.06 0.09 -0.27 -13.53 28.02 79.60
-0.01 0.30 -0.27 -18.12 36.23 99.02
-0.01 0.60 -0.35 -26.67 35.62 114.96
-0.18 1.09 -0.20 -51.16 40.21 154.64
-0.38 1.34 -0.12 -74.92 38.43 189.50
-0.59 1.60 -0.05 -107.04 34.79 247.05
-0.93 1.74 0.01 -139.53 25.25 302.24
-1.26 1.89 0.01 -174.32 11.62 368.15
-1.60 1.92 -0.03 -209.56 -0.47 429.37
-1.90 1.77 -0.18 -239.69 -20.03 474.37
-2.10 1.57 -0.40 -262.03 -33.83 500.26
-2.47 1.34 -0.48 -268.85 -47.66 500.26
-2.80 1.03 -0.56 -269.22 -65.18 500.26
-3.18 0.91 -0.60 -285.11 -92.23 500.26
-3.34 0.72 -0.77 -293.57 -108.56 500.26
-3.52 0.54 -0.98 -298.79 -122.76 500.26
-3.66 0.37 -1.15 -309.36 -130.50 500.26
-3.68 -0.01 -1.36 -303.51 -134.67 484.63
-3.71 -0.45 -1.52 -287.19 -137.48 462.24
-3.55 -1.00 -1.67 -257.24 -135.37 432.17
-3.32 -1.54 -1.85 -221.76 -122.58 388.41
-3.13 -1.91 -1.85 -191.01 -109.59 338.82
-2.87 -2.23 -1.88 -155.79 -96.58 286.20
-2.60 -2.55 -1.89 -104.93 -86.79 231.71
-2.20 -2.66 -1.95 -56.98 -67.83 174.96
-2.04 -2.45 -1.87 -20.43 -52.02 115.15
-1.82 -2.46 -1.80 15.27 -34.08 62.41
-1.66 -2.36 -1.68 52.82 -13.18 6.85
-1.66 -2.04 -1.51 80.08 0.12 -35.08
-1.57 -1.87 -1.39 107.37 12.08 -74.49
-1.62 -1.64 -1.25 130.49 21.85 -109.02
-1.72 -1.49 -1.12 151.45 21.37 -142.69
-1.79 -1.51 -1.06 177.22 20.05 -173.11
-1.85 -1.58 -1.05 210.20 19.77 -196.87
-1.92 -1.53 -1.06 242.61 20.03 -221.57
-2.06 -1.28 -1.04 262.95 16.92 -247.25
-2.17 -0.73 -0.99 252.11 12.75 -281.34
-2.20 -0.50 -0.88 223.86 10.43 -315.53
-2.24 -0.43 -0.76 204.84 19.91 -338.85
-2.36 -0.30 -0.51 189.57 18.85 -355.77
-2.35 -0.42 -0.46 184.79 10.52 -372.78
-2.33 -0.50 -0.44 192.47 1.04 -388.14
-2.33 -0.51 -0.37 197.47 -12.23 -410.24
-2.26 -0.52 -0.41 204.78 -24.69 -433.44
-2.34 -0.47 -0.40 212.70 -36.41 -452.61
-2.26 -0.23 -0.40 213.50 -42.32 -456.27
-2.24 0.56 -0.39 193.82 -43.37 -439.36
-1.93 1.10 -0.38 160.50 -44.79 -403.45
-1.59 1.07 -0.39 122.31 -34.50 -371.80
-1.37 1.06 -0.34 77.56 -25.85 -358.38
-1.25 0.88 -0.24 30.50 -22.35 -352.32
-1.13 0.45 -0.18 3.77 -20.69 -346.40
-0.99 0.03 -0.16 7.31 -17.57 -340.96
-0.99 -0.03 -0.10 23.19 -19.94 -321.50
-0.96 -0.15 -0.08 46.69 -25.48 -296.64
-0.89 0.03 -0.14 61.22 -34.69 -273.50
-0.78 0.25 -0.26 67.54 -40.02 -240.92
-0.63 0.50 -0.32 65.88 -50.09 -198.21
-0.74 0.47 0.06 40.24 -4.96 -124.47
-0.32 0.45 -0.29 29.82 -18.66 -137.25
-0.16 0.37 -0.35 -21.08 -9.60 -139.95
-0.13 -0.05 -0.32 -46.27 -13.01 -142.32
-0.12 -0.37 -0.27 -50.99 -7.08 -143.56
-0.15 -0.56 -0.22 -37.76 -5.79 -135.85
-0.20 -0.68 -0.19 -9.83 -4.43 -113.44
-0.25 -0.63 -0.15 19.88 -10.27 -87.37
-0.15 -0.50 -0.19 38.87 -9.33 -60.69
-0.04 -0.43 -0.26 46.63 -3.95 -37.15
0.05 -0.39 -0.29 35.91 4.67 -23.22
0.06 -0.42 -0.26 13.22 12.31 -17.11
0.03 -0.56 -0.19 -6.95 15.71 -15.97
-0.00 -0.78 -0.12 -18.26 17.25 -22.35
-0.08 -0.93 -0.05 -21.34 12.67 -31.57
-0.09 -1.08 -0.02 -17.80 12.73 -34.31
-0.08 -1.11 -0.04 -8.50 10.95 -28.85
-0.10 -1.07 -0.02 -1.73 7.85 -20.35
-0.08 -1.06 -0.01 8.75 2.78 -5.10
0.00 -1.00 -0.03 16.15 6.29 5.53
0.04 -0.92 -0.05 15.11 9.18 8.03
0.04 -0.86 -0.04 7.68 9.31 5.83
0.03 -0.83 -0.04 1.21 8.66 5.24
0.05 -0.81 -0.06 -5.68 8.67 5.36
0.02 -0.82 -0.04 -12.31 8.98 4.81
-0.01 -0.89 -0.03 -15.28 7.40 4.31
-0.02 -0.93 -0.02 -13.08 5.05 6.24
-0.03 -0.96 -0.04 -7.74 3.42 10.11
-0.02 -0.97 -0.05 -1.39 2.40 15.53
-0.00 -0.96 -0.08 0.40 2.00 17.18
-0.01 -0.97 -0.06 -3.15 1.02 16.50
-0.02 -1.00 -0.05 -6.50 0.32 15.18
-0.06 -1.04 -0.04 -8.35 -0.46 12.78
-0.06 -1.07 -0.03 -10.52 -1.01 10.72
