0.00 -1.00 0.07 8.23 3.33 -6.44
-0.00 -0.98 0.07 9.39 4.14 -6.14
0.01 -0.97 0.06 9.85 4.81 -8.72
0.05 -0.97 0.05 9.33 6.38 -15.77
0.08 -0.98 0.05 8.26 10.17 -22.46
0.11 -1.05 0.04 12.35 19.22 -24.70
-0.04 -1.00 0.11 17.94 18.03 -26.58
-0.03 -0.95 0.09 23.37 17.34 -19.48
-0.05 -0.86 0.11 23.86 14.53 -9.25
0.01 -0.88 0.08 26.85 18.31 -9.15
-0.03 -0.81 0.10 25.42 17.80 -4.15
-0.01 -0.80 0.09 23.69 17.53 -3.33
-0.00 -0.77 0.10 21.37 19.30 0.40
-0.03 -0.74 0.12 19.83 19.08 1.53
-0.06 -0.72 0.15 18.89 18.17 4.37
-0.07 -0.65 0.13 16.41 16.75 7.62
-0.09 -0.58 0.15 10.90 15.08 11.62
-0.13 -0.55 0.15 5.98 13.48 18.67
-0.17 -0.52 0.17 2.78 10.76 30.47
-0.23 -0.50 0.17 0.32 5.47 42.67
-0.22 -0.41 0.12 -10.82 -0.69 48.24
-0.18 -0.46 0.10 -21.02 -2.78 53.37
-0.21 -0.55 0.11 -29.08 -6.29 53.48
-0.19 -0.64 0.10 -31.42 -8.92 58.70
-0.19 -0.70 0.11 -29.25 -10.21 66.44
-0.19 -0.71 0.10 -24.35 -10.23 79.22
-0.18 -0.69 0.07 -19.88 -8.92 90.00
-0.22 -0.62 0.06 -20.37 -9.97 95.24
-0.26 -0.53 0.02 -30.70 -12.05 91.48
-0.26 -0.53 -0.03 -46.99 -13.40 88.23
-0.25 -0.64 -0.05 -62.85 -14.90 79.57
-0.29 -0.78 -0.03 -73.97 -18.03 72.81
-0.28 -0.91 -0.03 -76.93 -19.59 71.68
-0.32 -1.01 -0.01 -74.70 -21.07 77.74
-0.29 -1.12 0.00 -63.48 -21.05 87.80
-0.27 -1.15 0.00 -46.34 -17.97 96.55
-0.26 -1.11 0.01 -29.24 -14.05 105.30
-0.30 -0.94 -0.04 -24.53 -13.69 103.30
-0.29 -0.85 -0.06 -33.01 -13.36 99.48
-0.27 -0.83 -0.09 -45.45 -11.83 90.64
-0.31 -0.88 -0.09 -57.74 -12.09 82.23
-0.31 -1.01 -0.06 -59.47 -11.48 78.61
-0.36 -1.06 -0.03 -56.34 -9.65 76.47
-0.40 -1.11 -0.01 -48.20 -9.47 79.63
-0.43 -1.08 -0.00 -38.66 -8.44 86.73
-0.46 -0.98 -0.05 -35.04 -9.47 88.81
-0.45 -0.89 -0.10 -45.11 -13.02 76.98
-0.41 -0.93 -0.14 -58.00 -14.90 65.39
-0.36 -1.01 -0.15 -67.04 -14.56 54.23
-0.36 -1.07 -0.15 -71.21 -12.26 47.15
-0.38 -1.16 -0.14 -67.30 -10.79 45.53
-0.43 -1.21 -0.13 -56.82 -9.59 49.31
-0.45 -1.21 -0.12 -44.84 -9.56 54.93
-0.45 -1.16 -0.13 -36.78 -8.52 60.47
-0.44 -1.11 -0.15 -33.91 -7.54 60.32
-0.44 -1.06 -0.18 -38.49 -7.77 53.02
-0.40 -1.10 -0.20 -43.68 -6.52 43.91
-0.42 -1.15 -0.21 -46.90 -4.82 35.73
-0.41 -1.24 -0.23 -45.77 -3.47 31.01
-0.40 -1.25 -0.17 -43.79 -1.05 20.93
-0.42 -1.29 -0.22 -38.75 0.56 14.50
-0.46 -1.28 -0.20 -33.37 2.11 11.85
-0.50 -1.28 -0.21 -27.76 1.18 13.16
-0.51 -1.31 -0.20 -20.82 -0.17 14.23
-0.49 -1.31 -0.21 -15.16 0.27 12.92
-0.46 -1.31 -0.22 -11.83 1.86 7.60
-0.48 -1.30 -0.22 -9.54 3.66 1.47
-0.50 -1.37 -0.20 -5.69 4.61 -4.98
-0.50 -1.43 -0.18 2.60 6.44 -9.74
-0.54 -1.44 -0.15 15.16 6.84 -10.50
-0.57 -1.41 -0.14 28.78 7.04 -6.90
-0.57 -1.34 -0.16 39.82 7.50 -4.20
-0.57 -1.25 -0.16 44.60 6.26 -8.03
-0.51 -1.17 -0.21 43.27 5.89 -15.83
-0.48 -1.12 -0.21 38.06 6.61 -27.45
-0.45 -1.11 -0.21 32.15 6.98 -38.92
-0.45 -1.13 -0.20 29.37 8.60 -48.46
-0.47 -1.15 -0.17 30.90 9.57 -52.26
-0.49 -1.18 -0.15 37.21 10.00 -51.68
-0.51 -1.16 -0.13 45.31 9.18 -48.78
-0.50 -1.13 -0.12 53.82 8.64 -44.21
-0.48 -1.09 -0.12 61.36 8.85 -39.22
-0.47 -1.03 -0.12 65.31 8.96 -37.86
-0.44 -0.97 -0.13 64.75 8.82 -39.97
-0.42 -0.93 -0.13 60.75 8.99 -44.93
-0.43 -0.91 -0.11 56.31 9.27 -51.18
-0.44 -0.89 -0.09 52.37 8.15 -57.48
-0.47 -0.90 -0.07 48.75 6.46 -60.38
-0.46 -0.91 -0.08 46.23 5.69 -60.58
-0.46 -0.95 -0.04 44.40 4.98 -60.11
-0.44 -1.00 -0.03 46.84 4.40 -58.52
-0.42 -1.02 -0.02 50.98 4.15 -57.22
-0.40 -1.03 -0.01 56.08 4.56 -58.00
-0.40 -0.98 0.00 59.59 4.38 -59.28
-0.39 -0.92 0.00 60.47 4.00 -61.80
-0.38 -0.88 0.00 58.78 3.62 -64.87
-0.36 -0.86 0.00 56.12 3.94 -66.89
-0.34 -0.85 0.01 52.17 4.60 -69.53
-0.33 -0.86 0.03 48.93 4.78 -71.37
-0.34 -0.87 0.04 48.63 5.44 -70.29
