-0.13 -0.98 0.12 -2.35 0.56 -7.39
-0.11 -0.97 0.12 -3.10 0.99 -8.17
-0.09 -0.98 0.12 -2.24 2.23 -8.20
-0.09 -0.97 0.12 -0.89 3.34 -7.80
-0.09 -0.93 0.14 0.24 4.43 -7.47
-0.10 -0.88 0.16 2.05 5.04 -6.87
-0.10 -0.79 0.17 6.52 5.31 -3.62
-0.10 -0.68 0.18 19.31 3.68 3.42
-0.08 -0.47 0.12 36.40 4.72 21.30
0.07 -0.06 0.03 51.11 11.02 42.35
0.19 0.49 -0.08 66.49 17.08 84.61
0.30 1.18 -0.23 76.73 37.21 139.45
0.29 2.23 -0.22 58.38 53.04 216.60
0.39 3.29 -0.22 20.02 56.38 287.53
0.07 4.00 -0.41 -60.60 79.68 373.95
-0.27 4.00 -0.75 -179.47 122.37 474.76
-0.79 4.00 -1.21 -300.11 170.78 500.26
-1.68 4.00 -1.71 -412.82 215.27 500.26
-2.71 4.00 -2.17 -496.14 239.82 500.26
-3.78 4.00 -2.50 -500.27 246.21 500.26
-4.00 3.68 -2.76 -500.27 222.43 500.26
-4.00 3.10 -3.08 -500.27 187.77 500.26
-4.00 2.04 -3.25 -500.27 141.80 500.26
-4.00 0.90 -3.29 -500.27 83.22 500.26
-4.00 0.02 -3.15 -500.27 9.44 500.26
-4.00 -0.25 -3.06 -500.27 -36.73 496.98
-4.00 -0.42 -2.93 -444.31 -79.74 461.02
-4.00 -0.55 -2.90 -375.18 -102.53 429.08
-3.77 -0.95 -2.98 -320.72 -89.19 378.75
-3.21 -1.43 -2.88 -277.42 -49.27 315.53
-2.79 -1.85 -2.65 -230.34 -0.44 244.96
-2.70 -2.08 -2.19 -176.93 33.79 162.46
-2.66 -2.16 -1.67 -124.64 46.09 84.29
-2.79 -2.23 -1.14 -59.66 26.03 19.27
-2.70 -2.25 -0.85 30.92 -11.44 -8.90
-2.51 -2.03 -0.82 135.08 -48.35 -20.43
-2.27 -1.53 -0.93 217.16 -72.46 -22.41
-1.97 -1.06 -1.12 262.17 -88.21 -35.37
-1.69 -0.64 -1.27 270.23 -97.76 -60.63
-1.37 -0.42 -1.43 254.08 -89.91 -94.17
-1.25 -0.36 -1.47 232.02 -73.34 -133.56
-1.15 -0.45 -1.41 215.27 -58.90 -170.11
-1.13 -0.56 -1.35 209.11 -45.54 -206.15
-1.22 -0.65 -1.23 215.94 -37.40 -235.69
-1.33 -0.59 -1.19 233.51 -32.37 -241.74
-1.50 -0.40 -1.14 251.79 -30.08 -235.60
-1.66 -0.22 -1.06 259.71 -35.95 -222.31
-1.76 -0.06 -1.08 257.48 -41.91 -206.09
-1.91 -0.04 -0.92 243.42 -51.37 -202.95
-2.01 -0.20 -0.84 219.88 -68.24 -213.91
-2.02 -0.44 -0.83 206.66 -79.63 -233.13
-2.10 -0.74 -0.80 207.57 -90.85 -258.32
-2.07 -0.91 -0.93 222.90 -96.00 -281.85
-2.24 -0.84 -0.97 237.37 -96.85 -310.79
-2.34 -0.77 -0.85 237.68 -103.13 -336.53
-2.63 -0.84 -0.91 239.91 -119.18 -364.67
-2.67 -0.77 -0.84 233.21 -128.15 -386.69
-2.58 -0.80 -0.88 232.00 -129.71 -407.16
-2.45 -0.75 -1.00 237.74 -118.52 -417.83
-2.41 -0.56 -0.93 240.89 -104.49 -414.34
-2.24 -0.39 -0.95 240.89 -87.25 -408.06
-2.20 -0.20 -0.87 242.24 -79.02 -411.94
-2.10 0.06 -0.69 222.46 -75.56 -416.49
-1.98 0.33 -0.65 207.65 -73.34 -415.91
-1.91 0.50 -0.49 191.88 -71.66 -406.12
-1.74 0.75 -0.40 177.85 -71.18 -381.47
-1.48 1.16 -0.33 161.34 -65.77 -343.60
-1.22 1.20 -0.29 131.60 -63.56 -318.56
-1.04 1.38 -0.23 86.60 -64.75 -299.30
-0.78 1.48 -0.20 36.17 -59.74 -275.50
-0.61 1.34 -0.16 0.90 -53.11 -251.45
-0.46 1.12 -0.15 -21.54 -46.29 -224.50
-0.43 0.90 -0.15 -27.44 -46.56 -195.48
-0.41 0.67 -0.08 -29.79 -51.91 -170.49
-0.31 0.45 -0.12 -30.05 -53.66 -152.40
-0.21 0.30 -0.15 -25.45 -53.62 -129.85
-0.06 0.19 -0.21 -22.41 -46.90 -107.92
0.03 0.10 -0.22 -26.81 -36.43 -91.33
0.03 -0.06 -0.20 -36.63 -25.74 -80.64
0.03 -0.24 -0.14 -47.33 -16.06 -71.56
-0.01 -0.48 -0.09 -54.41 -10.24 -66.75
-0.02 -0.70 -0.06 -55.45 -6.03 -60.52
-0.04 -0.91 -0.03 -47.16 -0.92 -51.83
-0.06 -1.08 0.02 -32.24 0.26 -44.31
-0.04 -1.16 0.02 -14.35 4.67 -38.11
-0.05 -1.16 0.07 0.35 7.51 -31.18
-0.07 -1.12 0.13 12.21 9.11 -28.69
-0.08 -1.07 0.17 20.02 9.16 -26.21
-0.04 -0.98 0.18 22.49 10.27 -24.15
-0.11 -0.93 0.22 21.02 7.39 -23.45
-0.15 -0.91 0.25 16.55 1.40 -24.46
-0.14 -0.91 0.26 10.93 -3.15 -24.73
-0.09 -0.92 0.22 7.48 -6.21 -22.92
-0.07 -0.97 0.19 8.29 -7.33 -17.95
-0.06 -1.02 0.19 10.12 -10.11 -16.63
-0.01 -1.03 0.15 11.34 -10.27 -18.76
0.02 -1.00 0.13 11.07 -9.91 -20.37
0.04 -1.00 0.12 12.02 -8.58 -18.87
0.04 -0.97 0.12 14.66 -8.12 -15.33
0.06 -0.94 0.10 16.46 -6.84 -11.07
