-0.02 -0.72 0.14 -42.24 -16.52 34.44
0.00 -0.76 0.13 -43.80 -15.47 36.02
0.02 -0.78 0.12 -43.11 -13.19 39.10
-0.00 -0.78 0.11 -40.15 -10.12 44.90
-0.04 -0.75 0.11 -37.51 -9.10 50.55
-0.05 -0.72 0.07 -36.84 -8.05 55.53
-0.08 -0.63 0.05 -42.90 -11.19 53.48
-0.03 -0.61 0.01 -54.76 -14.08 47.62
-0.01 -0.67 0.02 -64.24 -14.75 42.21
0.00 -0.75 0.02 -67.77 -13.56 41.30
0.01 -0.80 0.02 -65.28 -8.67 47.73
-0.05 -0.83 0.03 -57.33 -3.24 60.55
-0.11 -0.81 0.02 -47.95 2.50 77.71
-0.23 -0.69 0.01 -47.04 1.68 84.63
-0.25 -0.57 -0.02 -63.95 -8.21 76.03
-0.19 -0.64 -0.05 -84.81 -16.55 61.77
-0.15 -0.79 -0.05 -97.88 -20.95 51.71
-0.12 -0.94 -0.04 -102.52 -22.76 47.07
-0.14 -1.12 -0.03 -96.14 -23.77 43.73
-0.09 -1.19 -0.03 -82.95 -19.22 47.53
-0.07 -1.13 -0.05 -70.50 -12.37 53.74
-0.12 -1.04 -0.07 -61.77 -4.27 64.58
-0.21 -0.94 -0.09 -59.86 0.44 75.85
-0.31 -0.88 -0.10 -64.38 -1.44 79.59
-0.31 -0.81 -0.13 -79.62 -7.79 73.39
-0.26 -0.92 -0.13 -91.50 -10.40 64.81
-0.27 -1.08 -0.13 -94.90 -12.87 56.72
-0.29 -1.18 -0.10 -90.29 -15.37 52.34
-0.27 -1.16 -0.13 -85.19 -16.98 47.27
-0.26 -1.07 -0.18 -89.68 -20.87 37.44
-0.22 -1.11 -0.21 -94.82 -24.26 25.34
-0.19 -1.17 -0.21 -100.21 -28.12 13.97
-0.11 -1.28 -0.21 -101.27 -29.51 5.18
-0.07 -1.34 -0.21 -97.10 -29.07 2.84
-0.05 -1.40 -0.21 -89.16 -25.33 6.08
-0.01 -1.47 -0.19 -75.69 -18.12 14.35
-0.01 -1.48 -0.19 -58.90 -9.83 24.72
-0.05 -1.39 -0.21 -44.52 -2.35 34.35
-0.14 -1.29 -0.22 -38.29 0.34 38.46
-0.14 -1.22 -0.24 -40.67 -2.00 33.59
-0.09 -1.26 -0.23 -44.41 -3.34 23.71
-0.09 -1.34 -0.23 -43.53 -3.98 13.71
-0.09 -1.39 -0.20 -36.47 -3.89 9.10
-0.06 -1.43 -0.19 -26.15 0.49 10.64
-0.10 -1.39 -0.21 -14.64 5.73 15.50
-0.15 -1.28 -0.22 -7.47 9.24 20.47
-0.20 -1.22 -0.21 -5.47 9.71 20.66
-0.23 -1.19 -0.21 -6.73 6.84 16.21
-0.23 -1.20 -0.19 -9.57 3.10 9.36
-0.20 -1.25 -0.20 -10.53 0.12 2.29
-0.17 -1.31 -0.18 -6.53 -0.70 -2.08
-0.12 -1.35 -0.18 1.31 1.71 -2.89
-0.11 -1.33 -0.19 10.44 4.21 -4.06
-0.11 -1.29 -0.20 17.34 6.69 -5.07
-0.11 -1.24 -0.21 22.78 9.11 -4.50
-0.12 -1.21 -0.20 26.08 10.78 -5.13
-0.14 -1.20 -0.20 27.89 10.92 -8.69
-0.14 -1.19 -0.20 28.41 10.49 -14.73
-0.12 -1.21 -0.21 28.79 10.37 -21.85
-0.14 -1.22 -0.20 29.94 10.17 -27.80
-0.13 -1.24 -0.20 33.42 11.27 -29.69
-0.14 -1.24 -0.19 38.34 12.67 -29.37
-0.14 -1.24 -0.18 44.58 14.53 -27.15
-0.13 -1.23 -0.17 50.85 16.99 -24.87
-0.16 -1.19 -0.17 54.75 18.35 -24.12
-0.17 -1.16 -0.18 56.63 18.02 -26.46
-0.16 -1.13 -0.17 56.35 17.85 -30.58
-0.18 -1.14 -0.17 55.68 16.69 -36.32
-0.19 -1.15 -0.15 56.05 15.50 -42.76
-0.20 -1.14 -0.15 56.73 14.95 -46.72
-0.19 -1.13 -0.15 58.21 15.42 -47.47
-0.18 -1.12 -0.13 61.65 16.99 -44.18
-0.18 -1.11 -0.13 65.53 19.54 -38.69
-0.21 -1.12 -0.11 70.27 20.38 -33.66
-0.21 -1.10 -0.10 72.63 19.68 -32.26
-0.20 -1.07 -0.11 72.64 18.29 -35.60
-0.19 -1.05 -0.11 70.78 16.23 -41.02
-0.19 -1.06 -0.09 69.94 14.53 -45.85
-0.20 -1.06 -0.07 71.47 13.28 -47.92
-0.19 -1.04 -0.07 73.36 12.96 -47.27
-0.17 -1.00 -0.07 74.53 13.63 -46.18
-0.15 -0.98 -0.07 74.18 14.73 -45.42
-0.14 -0.95 -0.05 72.81 14.67 -46.00
-0.14 -0.94 -0.05 71.48 13.74 -47.05
-0.13 -0.92 -0.04 70.66 14.05 -47.50
-0.15 -0.89 -0.03 69.16 14.23 -46.81
-0.18 -0.90 -0.00 66.79 11.83 -46.23
-0.18 -0.91 0.02 65.50 8.12 -46.08
-0.13 -0.91 0.02 64.21 6.75 -46.12
-0.08 -0.90 0.03 62.56 6.89 -47.48
-0.04 -0.89 0.03 61.45 8.55 -48.73
-0.02 -0.87 0.04 59.65 11.48 -49.89
-0.03 -0.86 0.05 58.63 14.02 -49.15
-0.06 -0.84 0.08 57.10 15.68 -46.41
-0.06 -0.83 0.08 55.65 15.66 -42.32
-0.09 -0.83 0.11 55.66 15.85 -36.98
-0.07 -0.82 0.10 55.59 15.05 -32.38
-0.03 -0.80 0.10 54.63 15.31 -28.76
-0.05 -0.78 0.12 52.34 14.38 -28.92
-0.03 -0.76 0.12 48.76 13.54 -29.60
