0.05 -0.76 0.18 -12.69 -3.40 19.07
0.03 -0.74 0.18 -13.56 -3.25 23.83
-0.01 -0.71 0.19 -14.29 -3.25 29.63
-0.04 -0.66 0.17 -17.47 -6.38 30.98
-0.04 -0.63 0.15 -26.78 -11.66 26.96
-0.02 -0.68 0.14 -35.10 -15.91 23.36
-0.01 -0.77 0.15 -38.02 -18.46 23.95
0.01 -0.82 0.15 -38.21 -19.53 26.27
0.03 -0.85 0.15 -35.68 -18.32 29.45
0.05 -0.84 0.13 -32.23 -14.87 34.11
0.02 -0.80 0.12 -29.66 -11.98 40.08
-0.03 -0.74 0.11 -29.21 -11.05 44.82
-0.05 -0.67 0.10 -33.34 -12.64 47.13
-0.07 -0.65 0.08 -39.71 -14.96 48.15
-0.06 -0.66 0.08 -45.68 -17.40 49.01
-0.04 -0.70 0.07 -48.78 -18.23 50.92
-0.03 -0.74 0.05 -49.69 -18.18 52.20
-0.01 -0.74 0.03 -49.94 -17.13 54.35
-0.02 -0.71 0.02 -50.63 -15.74 57.56
-0.05 -0.68 -0.00 -52.15 -14.46 62.43
-0.09 -0.65 -0.02 -57.89 -15.59 64.82
-0.09 -0.64 -0.03 -67.77 -18.31 63.22
-0.06 -0.73 -0.05 -75.42 -19.53 61.22
-0.06 -0.83 -0.04 -76.87 -19.98 60.34
-0.04 -0.91 -0.05 -72.63 -18.37 60.46
-0.06 -0.90 -0.07 -69.08 -18.32 57.50
-0.06 -0.85 -0.09 -73.66 -21.10 51.13
-0.03 -0.90 -0.11 -77.57 -20.14 49.83
-0.01 -0.95 -0.12 -77.22 -15.25 56.06
-0.01 -0.99 -0.13 -73.54 -7.89 66.31
-0.05 -1.01 -0.12 -66.89 -0.09 78.12
-0.12 -1.03 -0.13 -59.27 5.88 86.79
-0.20 -0.98 -0.13 -54.58 7.18 87.05
-0.31 -0.86 -0.14 -63.92 -2.76 69.59
-0.26 -0.81 -0.18 -85.86 -17.45 41.44
-0.18 -0.90 -0.21 -105.98 -27.13 17.65
-0.13 -1.06 -0.21 -115.39 -30.67 5.94
-0.11 -1.21 -0.18 -112.26 -28.96 9.89
-0.10 -1.33 -0.17 -98.76 -22.21 26.26
-0.06 -1.40 -0.18 -79.40 -10.55 46.27
-0.12 -1.36 -0.18 -61.95 0.46 63.79
-0.21 -1.22 -0.19 -57.91 0.60 65.13
-0.19 -1.14 -0.21 -68.37 -5.73 51.07
-0.12 -1.20 -0.23 -78.82 -9.05 34.79
-0.07 -1.29 -0.22 -82.84 -11.16 22.78
-0.10 -1.41 -0.20 -77.73 -9.02 21.21
-0.15 -1.53 -0.16 -63.60 -7.92 24.21
-0.13 -1.54 -0.16 -45.13 -3.56 29.69
-0.14 -1.41 -0.18 -31.71 1.66 36.15
-0.22 -1.27 -0.20 -26.37 1.82 36.06
-0.23 -1.16 -0.23 -33.25 -4.47 26.05
-0.17 -1.18 -0.23 -43.28 -10.64 12.60
-0.09 -1.31 -0.23 -48.11 -13.36 0.35
-0.07 -1.43 -0.22 -45.37 -13.76 -6.72
-0.03 -1.54 -0.21 -34.49 -10.43 -7.80
0.00 -1.59 -0.19 -18.95 -3.48 -4.32
-0.06 -1.57 -0.19 -4.17 2.82 1.79
-0.08 -1.49 -0.21 4.69 5.19 3.21
-0.08 -1.44 -0.21 7.66 4.81 -1.76
-0.05 -1.44 -0.20 10.06 5.59 -8.53
-0.06 -1.45 -0.21 14.32 6.72 -14.38
-0.07 -1.48 -0.19 21.25 6.70 -19.13
-0.04 -1.48 -0.20 30.09 8.52 -21.68
-0.04 -1.45 -0.21 38.79 11.15 -24.67
-0.04 -1.39 -0.22 44.05 13.28 -28.02
-0.04 -1.35 -0.22 47.22 15.54 -31.19
-0.05 -1.33 -0.23 49.79 17.02 -34.50
-0.05 -1.32 -0.21 50.98 18.60 -39.24
-0.07 -1.35 -0.21 55.11 20.69 -41.86
-0.09 -1.37 -0.19 62.23 22.31 -42.52
-0.09 -1.34 -0.20 70.58 24.76 -41.30
-0.10 -1.28 -0.20 77.02 26.89 -40.23
-0.12 -1.20 -0.19 78.85 27.40 -41.34
-0.13 -1.17 -0.19 79.13 26.41 -44.99
-0.14 -1.14 -0.19 79.11 25.33 -49.57
-0.14 -1.12 -0.17 78.92 24.53 -52.95
-0.13 -1.11 -0.16 80.60 25.76 -52.35
-0.15 -1.08 -0.16 82.64 26.95 -49.65
-0.16 -1.04 -0.15 83.63 26.90 -47.77
-0.17 -1.01 -0.14 83.40 25.73 -48.18
-0.18 -0.99 -0.12 82.49 23.13 -50.73
-0.17 -0.97 -0.11 81.89 20.32 -54.20
-0.16 -0.93 -0.11 80.99 19.16 -55.10
-0.16 -0.90 -0.11 78.98 18.81 -53.85
-0.15 -0.87 -0.10 76.17 17.71 -53.73
-0.14 -0.85 -0.08 72.24 17.34 -54.03
-0.14 -0.84 -0.08 68.66 15.97 -53.91
-0.11 -0.86 -0.05 67.97 16.47 -49.95
-0.11 -0.84 -0.05 68.47 17.42 -45.27
-0.12 -0.82 -0.04 66.43 16.35 -44.34
-0.10 -0.80 -0.02 62.85 14.92 -44.35
-0.12 -0.79 -0.01 58.11 12.00 -47.45
-0.09 -0.80 0.01 53.73 10.18 -48.50
-0.08 -0.80 0.03 51.04 10.11 -46.95
-0.06 -0.81 0.03 49.60 10.87 -42.20
-0.07 -0.81 0.05 49.44 11.73 -37.79
-0.08 -0.80 0.06 47.85 10.82 -34.82
-0.07 -0.79 0.07 45.24 8.92 -34.27
-0.05 -0.79 0.08 42.03 7.10 -34.81
-0.05 -0.82 0.10 39.34 4.26 -37.40
