-0.19 -0.96 -0.01 -6.70 1.01 0.05
-0.18 -0.96 -0.02 -7.88 1.48 -0.08
-0.18 -1.00 -0.02 -6.85 2.58 0.69
-0.20 -1.00 -0.02 -6.87 2.17 -0.15
-0.22 -1.02 -0.01 -5.22 1.83 0.08
-0.23 -1.05 -0.00 -1.80 1.45 0.61
-0.24 -1.07 0.02 2.21 0.38 0.69
-0.23 -1.07 0.02 5.74 -0.44 -0.09
-0.23 -1.05 0.01 7.37 -0.20 -1.68
-0.21 -1.03 0.03 6.44 0.70 -4.78
-0.23 -1.02 0.04 4.73 0.99 -8.47
-0.24 -1.03 0.06 5.48 0.89 -11.21
-0.23 -1.03 0.07 8.50 0.49 -11.82
-0.21 -1.00 0.07 11.53 0.38 -11.89
-0.20 -0.95 0.06 14.63 1.04 -10.56
-0.20 -0.85 0.06 16.67 -0.14 -8.41
-0.17 -0.73 0.05 15.36 0.61 -2.96
-0.17 -0.60 0.08 11.59 2.23 2.49
-0.22 -0.38 0.13 7.24 -0.31 12.52
-0.26 -0.13 0.12 4.05 -4.05 37.02
-0.21 0.37 0.07 -4.38 -5.79 77.47
-0.06 0.90 0.04 -18.70 -2.64 118.26
-0.23 1.34 0.03 -38.24 -5.88 166.35
-0.17 2.15 -0.13 -65.66 -8.31 238.20
-0.14 2.77 -0.41 -105.10 11.25 317.88
-0.19 3.20 -0.80 -160.58 50.56 410.84
-0.42 3.49 -1.22 -231.63 100.69 500.26
-1.00 3.52 -1.54 -300.26 154.50 500.26
-1.69 3.39 -1.80 -358.96 193.92 500.26
-2.49 3.42 -2.00 -422.73 216.66 500.26
-3.16 3.11 -2.17 -480.92 219.76 500.26
-3.74 2.66 -2.26 -500.27 194.31 500.26
-4.00 2.21 -2.23 -500.27 152.84 500.26
-4.00 1.63 -2.16 -500.27 87.63 500.26
-4.00 0.61 -2.26 -496.82 30.78 500.26
-4.00 -0.38 -2.26 -407.76 -4.69 500.26
-4.00 -1.00 -2.22 -333.25 -35.07 500.26
-3.78 -1.80 -2.18 -270.53 -36.40 500.26
-3.35 -2.05 -2.14 -212.81 -20.52 421.07
-3.07 -1.78 -2.07 -189.24 -4.76 337.40
-2.98 -1.79 -1.86 -168.52 8.69 257.62
-2.89 -2.00 -1.57 -133.85 7.80 191.02
-2.67 -2.22 -1.30 -76.93 5.62 137.27
-2.56 -2.14 -1.13 -26.08 -10.76 82.20
-2.30 -2.11 -1.08 18.79 -28.99 31.66
-2.00 -2.09 -1.04 67.30 -48.12 -24.40
-1.74 -1.72 -1.05 100.37 -57.28 -64.41
-1.54 -1.27 -1.06 116.52 -65.30 -100.31
-1.33 -0.84 -1.10 125.04 -67.95 -125.65
-1.13 -0.37 -1.11 128.66 -59.83 -142.26
-1.10 0.06 -1.09 126.35 -45.60 -147.27
-1.11 0.16 -1.02 127.95 -34.15 -143.47
-1.13 -0.01 -1.01 142.00 -27.98 -137.83
-1.23 -0.24 -1.02 157.54 -24.61 -139.02
-1.32 -0.51 -0.97 173.85 -25.89 -155.18
-1.47 -0.77 -0.96 191.44 -29.31 -182.58
-1.72 -0.84 -0.96 212.31 -35.95 -214.82
-1.96 -0.73 -0.93 224.23 -45.57 -245.44
-2.21 -0.59 -0.88 230.50 -58.02 -272.41
-2.45 -0.46 -0.86 232.63 -71.24 -291.73
-2.61 -0.38 -0.87 235.10 -85.24 -299.76
-2.70 -0.40 -0.77 236.50 -104.44 -310.75
-2.78 -0.57 -0.75 241.85 -128.64 -332.95
-2.81 -0.78 -0.72 249.05 -154.58 -365.74
-2.68 -0.89 -0.86 254.53 -158.95 -397.98
-2.56 -0.83 -1.08 260.23 -154.18 -436.69
-2.67 -0.63 -1.05 253.60 -152.27 -482.61
-2.71 -0.49 -1.09 238.40 -149.66 -500.27
-2.69 -0.23 -1.05 227.44 -141.60 -500.27
-2.54 -0.09 -0.97 225.69 -133.94 -490.95
-2.30 0.22 -0.98 222.32 -116.24 -452.69
-1.98 0.53 -0.88 216.61 -108.09 -405.01
-1.68 0.73 -0.82 206.08 -109.82 -375.60
-1.32 0.99 -0.79 181.01 -108.34 -355.92
-0.98 1.14 -0.78 149.83 -107.94 -348.02
-0.70 1.20 -0.75 118.73 -105.54 -341.74
-0.49 1.28 -0.75 89.73 -95.53 -324.35
-0.34 1.30 -0.71 61.53 -81.45 -291.95
-0.24 1.20 -0.58 33.63 -67.77 -257.65
-0.07 1.09 -0.53 5.83 -49.08 -219.69
0.08 0.94 -0.44 -9.05 -25.40 -177.69
0.04 0.76 -0.33 -21.40 -6.26 -137.76
-0.08 0.55 -0.20 -34.11 4.03 -106.93
-0.23 0.24 -0.06 -42.40 4.15 -88.37
-0.34 -0.02 0.07 -47.56 -3.62 -79.39
-0.37 -0.29 0.13 -47.69 -13.02 -71.57
-0.32 -0.55 0.13 -39.19 -14.06 -56.87
-0.26 -0.76 0.10 -21.01 -11.92 -37.69
-0.18 -0.84 0.08 -3.73 -7.86 -21.28
-0.15 -0.86 0.08 3.82 -2.12 -11.71
-0.10 -0.87 0.07 5.66 3.59 -5.82
-0.09 -0.86 0.05 4.93 9.02 -1.16
-0.16 -0.84 0.09 -1.42 10.34 1.97
-0.16 -0.89 0.10 -8.89 10.98 2.18
-0.20 -1.01 0.11 -14.50 7.77 -4.37
-0.18 -1.13 0.13 -13.25 2.87 -7.79
-0.17 -1.19 0.12 -4.70 -0.84 -8.03
-0.12 -1.19 0.08 5.13 -0.66 -7.36
-0.10 -1.10 0.06 9.19 1.04 -9.73
-0.09 -1.04 0.06 11.94 2.64 -8.50
