-0.24 -0.97 0.03 -1.47 3.89 -3.57
-0.25 -0.98 0.03 -2.31 3.45 -3.74
-0.24 -0.97 0.04 -3.11 4.08 -4.14
-0.24 -0.98 0.03 -3.65 4.49 -3.92
-0.24 -1.00 0.05 -2.96 4.14 -4.56
-0.24 -0.99 0.04 -3.60 3.57 -5.37
-0.24 -0.98 0.05 -3.02 3.50 -5.48
-0.25 -0.97 0.04 -2.40 3.19 -4.92
-0.24 -0.96 0.03 -2.26 3.07 -3.77
-0.24 -0.96 0.03 -2.35 3.53 -3.33
-0.25 -0.96 0.03 -2.98 3.36 -2.98
-0.25 -0.97 0.03 -2.76 3.08 -3.18
-0.24 -0.97 0.02 -2.85 3.24 -3.04
-0.24 -0.96 0.02 -3.21 3.60 -3.66
-0.23 -0.93 0.00 -5.71 3.79 -5.44
-0.21 -0.95 -0.02 -7.40 4.85 -5.73
-0.21 -0.98 -0.04 -7.19 6.76 -6.11
-0.22 -1.00 -0.02 -5.22 8.09 -6.00
-0.23 -1.01 -0.02 -2.12 8.60 -5.73
-0.22 -0.98 -0.01 0.53 9.44 -5.21
-0.23 -0.93 -0.00 1.80 10.02 -5.66
-0.22 -0.89 0.01 2.53 9.89 -4.15
-0.23 -0.83 0.02 3.59 11.30 -1.33
-0.24 -0.77 0.05 6.89 10.46 3.85
-0.23 -0.65 0.08 8.56 10.52 10.06
-0.26 -0.46 0.10 6.40 8.29 18.47
-0.22 -0.26 0.07 4.06 6.82 36.53
-0.13 0.11 -0.02 -8.14 11.13 61.44
-0.01 0.39 -0.13 -26.34 21.07 88.34
0.01 0.81 -0.20 -51.07 28.58 126.08
0.08 1.44 -0.23 -72.87 28.38 169.80
-0.22 1.73 -0.28 -108.52 44.21 230.14
-0.22 2.25 -0.34 -146.47 63.08 305.24
-0.29 2.64 -0.72 -179.47 102.17 398.31
-0.74 3.17 -0.96 -230.73 140.78 497.45
-1.21 3.33 -1.25 -307.39 166.66 500.26
-1.76 3.05 -1.55 -388.20 183.45 500.26
-2.43 2.72 -1.70 -456.02 177.31 500.26
-2.94 2.27 -1.81 -490.32 158.40 500.26
-3.42 2.01 -1.84 -500.27 135.88 500.26
-4.00 1.92 -1.84 -500.27 94.76 500.26
-4.00 1.61 -1.73 -500.27 20.44 500.26
-4.00 0.79 -1.78 -483.05 -38.03 500.26
-4.00 0.12 -1.81 -406.03 -69.68 500.26
-3.56 0.16 -2.09 -351.11 -62.70 500.26
-3.30 0.20 -2.44 -344.50 -19.05 500.26
-3.18 -0.06 -2.72 -348.87 19.11 457.42
-3.12 -0.67 -2.71 -333.11 53.92 400.32
-3.24 -1.44 -2.48 -305.24 64.20 332.00
-3.24 -2.46 -2.00 -254.56 47.92 244.41
-3.06 -3.26 -1.53 -175.48 19.65 156.72
-2.78 -3.31 -1.28 -90.99 -16.79 74.43
-2.49 -3.04 -1.21 -17.40 -61.34 -13.02
-2.13 -2.55 -1.37 42.11 -92.41 -77.40
-1.74 -1.96 -1.66 97.53 -97.34 -106.87
-1.35 -1.40 -1.87 130.63 -80.03 -116.58
-1.12 -0.97 -1.79 152.20 -46.29 -105.16
-1.12 -0.56 -1.54 154.66 -18.69 -120.93
-1.27 -0.51 -1.24 151.05 -5.86 -150.37
-1.58 -0.73 -1.00 161.44 -10.89 -185.76
-1.94 -1.13 -0.75 193.63 -38.95 -220.92
-2.12 -1.45 -0.83 246.92 -71.50 -243.91
-2.33 -1.38 -0.99 298.35 -104.58 -267.34
-2.42 -1.22 -1.23 329.25 -130.92 -297.31
-2.65 -1.04 -1.36 338.46 -145.25 -341.40
-2.85 -1.06 -1.30 339.21 -160.24 -388.40
-2.89 -1.03 -1.43 348.08 -157.94 -417.11
-2.96 -0.78 -1.41 350.81 -142.92 -431.88
-3.18 -0.44 -1.23 335.94 -137.27 -439.36
-3.29 -0.50 -0.97 313.66 -153.69 -470.35
-3.17 -0.61 -1.07 299.97 -157.56 -496.53
-3.18 -0.61 -0.98 288.18 -164.35 -500.27
-2.97 -0.56 -1.12 279.44 -158.84 -500.27
-2.83 -0.34 -1.15 275.28 -138.12 -500.27
-2.82 -0.16 -1.10 268.34 -122.99 -500.27
-2.67 0.08 -1.08 258.55 -110.26 -500.27
-2.54 0.40 -1.00 241.92 -103.47 -500.27
-2.38 0.83 -0.86 217.57 -109.36 -464.00
-2.05 1.14 -0.82 192.17 -113.59 -417.83
-1.61 1.41 -0.80 153.36 -112.64 -372.72
-1.19 1.53 -0.74 102.03 -103.57 -331.24
-0.85 1.41 -0.65 44.76 -90.44 -307.74
-0.60 1.07 -0.51 1.77 -78.63 -289.68
-0.48 0.81 -0.36 -13.85 -66.84 -268.95
-0.50 0.61 -0.18 -9.34 -62.43 -239.10
-0.42 0.57 -0.11 3.62 -58.75 -200.21
-0.32 0.58 -0.10 12.76 -53.19 -160.56
-0.22 0.62 -0.10 12.11 -46.55 -121.40
-0.11 0.62 -0.13 -2.20 -38.44 -93.28
-0.06 0.56 -0.12 -26.53 -28.58 -70.85
-0.05 0.41 -0.08 -53.95 -21.15 -51.02
-0.63 -0.06 -0.01 -51.40 -22.38 -48.93
-0.20 -0.47 -0.02 -66.44 -15.57 -8.31
-0.16 -0.56 0.03 -51.08 -24.14 2.47
-0.13 -0.79 0.10 -37.21 -14.41 11.10
-0.11 -0.87 0.10 -23.01 -19.02 13.94
-0.07 -0.95 0.05 -20.69 -16.18 12.47
-0.03 -0.99 0.03 -16.50 -15.80 10.46
0.02 -0.96 0.03 -15.36 -6.64 11.47
0.01 -0.99 0.01 -13.16 0.34 11.27
