-0.19 -1.01 0.10 -5.68 0.61 0.49
-0.18 -1.02 0.09 -5.47 0.50 -0.06
-0.19 -1.02 0.09 -4.40 -0.38 -0.26
-0.19 -1.01 0.10 -1.95 -1.36 0.44
-0.16 -1.00 0.10 0.50 -1.95 1.74
-0.14 -0.98 0.09 0.58 -1.69 2.40
-0.12 -0.97 0.08 -1.21 -0.53 1.42
-0.13 -0.97 0.09 -4.35 -0.06 0.52
-0.13 -1.01 0.11 -5.76 0.32 -0.44
-0.13 -1.03 0.13 -4.90 0.53 -1.34
-0.15 -1.01 0.15 -4.43 0.29 -2.69
-0.16 -0.98 0.14 -5.25 0.26 -3.82
-0.18 -0.93 0.16 -5.68 -0.23 -4.03
-0.20 -0.84 0.20 -4.82 -0.49 -1.07
-0.27 -0.64 0.27 -2.67 -5.05 9.13
-0.28 -0.34 0.27 -2.47 -9.19 31.33
-0.19 -0.00 0.22 -10.23 -8.47 61.24
-0.15 0.58 0.12 -40.32 -6.31 106.99
0.02 1.15 0.06 -64.87 9.15 167.18
-0.06 1.62 -0.01 -105.91 30.14 232.32
-0.09 2.19 -0.13 -162.00 47.39 285.02
-0.12 2.51 -0.39 -217.48 74.41 355.98
-0.37 2.65 -0.65 -263.73 102.05 423.97
-0.76 2.83 -0.87 -312.00 117.10 487.57
-1.32 2.91 -1.14 -353.25 128.72 500.26
-1.84 2.80 -1.38 -380.34 128.47 500.26
-2.28 2.64 -1.69 -401.80 129.97 500.26
-3.04 2.55 -1.81 -435.10 115.18 500.26
-3.49 2.31 -1.90 -479.76 78.38 500.26
-3.64 1.60 -2.06 -495.01 48.84 500.26
-3.75 1.00 -2.29 -475.60 19.13 500.26
-3.51 0.54 -2.46 -432.38 7.24 500.26
-3.26 0.19 -2.58 -385.60 3.24 500.26
-2.90 -0.30 -2.62 -338.32 9.48 500.26
-2.44 -0.65 -2.61 -293.47 34.67 453.01
-2.43 -0.83 -2.48 -264.50 50.79 372.40
-2.51 -1.11 -2.13 -246.53 60.12 292.87
-2.65 -1.47 -1.80 -216.49 49.08 210.84
-2.79 -1.61 -1.45 -184.34 24.09 140.26
-2.77 -1.81 -1.17 -142.40 2.55 82.34
-2.62 -1.80 -0.90 -92.84 -12.81 50.90
-2.39 -1.56 -0.84 -44.89 -13.51 43.07
-2.18 -1.20 -0.83 -7.94 -13.53 32.29
-1.99 -0.97 -0.84 16.96 -22.31 17.31
-1.83 -1.07 -0.91 44.58 -28.41 5.08
-1.68 -1.22 -0.96 76.76 -31.91 -9.77
-1.57 -1.26 -0.98 100.52 -33.44 -28.46
-1.58 -1.36 -0.93 116.11 -38.64 -58.82
-1.58 -1.61 -0.91 146.06 -52.03 -96.24
-1.54 -1.60 -0.97 182.64 -60.96 -132.40
-1.56 -1.44 -1.06 210.92 -69.57 -160.43
-1.44 -1.14 -1.21 222.64 -57.15 -177.56
-1.66 -0.56 -1.21 223.30 -50.12 -188.81
-1.95 -0.17 -1.10 210.67 -60.20 -209.60
-1.98 -0.06 -1.06 204.08 -77.02 -217.42
-1.96 -0.29 -1.04 205.39 -78.44 -217.69
-2.08 -0.71 -0.93 212.85 -77.97 -230.99
-2.25 -1.13 -0.83 232.58 -90.66 -264.85
-2.45 -1.35 -0.77 254.69 -108.41 -309.80
-2.76 -1.32 -0.74 275.97 -136.70 -361.59
-2.99 -1.02 -0.78 285.91 -165.53 -409.25
-2.99 -0.76 -0.96 288.06 -176.58 -422.38
-2.84 -0.34 -1.20 302.81 -159.73 -398.29
-2.80 0.12 -1.13 294.15 -146.60 -381.31
-2.52 0.53 -1.14 243.59 -137.31 -383.40
-2.45 0.42 -0.95 195.08 -134.73 -416.21
-2.24 0.22 -0.88 159.59 -130.34 -446.96
-2.13 0.11 -0.81 150.44 -123.21 -459.34
-2.24 0.09 -0.64 157.05 -130.90 -462.61
-2.16 0.12 -0.57 170.78 -141.57 -450.90
-1.93 0.29 -0.63 188.32 -146.70 -429.25
-1.71 0.66 -0.75 194.14 -148.73 -389.69
-1.20 1.17 -0.89 179.89 -127.63 -333.79
-0.79 1.62 -0.91 140.56 -110.09 -292.95
-0.32 1.74 -0.90 72.87 -92.00 -275.73
-0.04 1.50 -0.85 -3.37 -64.34 -273.33
0.03 1.06 -0.63 -48.03 -40.61 -261.92
-0.02 0.63 -0.41 -49.68 -23.37 -232.63
-0.08 0.34 -0.21 -31.36 -12.90 -199.02
-0.19 0.12 -0.09 -4.29 -15.63 -175.11
-0.19 0.12 -0.06 14.20 -18.84 -153.11
-0.12 0.18 -0.09 24.20 -15.77 -122.34
-0.11 0.41 -0.12 21.22 -9.21 -80.61
-0.06 0.44 -0.12 0.92 -1.34 -45.07
-0.08 0.33 -0.09 -34.98 5.48 -26.44
-0.10 0.01 -0.04 -70.66 10.75 -15.22
-0.14 -0.42 0.03 -90.63 11.19 -14.31
-0.22 -0.87 0.09 -92.96 7.89 -17.97
-0.22 -1.23 0.15 -77.59 6.37 -21.05
-0.23 -1.52 0.18 -48.56 5.59 -17.56
-0.18 -1.56 0.17 -16.56 6.82 -9.65
-0.11 -1.43 0.13 14.61 7.44 -2.17
-0.09 -1.16 0.08 25.24 12.21 3.94
-0.13 -0.96 0.12 26.37 14.98 13.11
-0.13 -0.81 0.12 19.07 16.03 18.26
-0.11 -0.69 0.11 -2.70 18.47 14.92
-0.10 -0.73 0.12 -24.11 20.00 8.31
-0.14 -0.87 0.15 -33.79 20.05 2.92
-0.18 -0.97 0.17 -32.87 16.60 1.91
-0.17 -1.02 0.13 -26.40 10.44 4.95
