0.15 -0.98 0.18 -0.89 2.24 0.78
0.14 -0.99 0.18 0.79 1.44 1.21
0.14 -0.98 0.18 1.31 0.89 1.18
0.15 -0.97 0.17 0.40 0.24 -0.53
0.17 -0.98 0.17 0.63 0.34 -1.34
0.18 -0.99 0.16 1.95 0.84 -1.89
0.18 -0.97 0.17 3.00 0.66 -3.37
0.18 -0.95 0.17 2.64 0.65 -3.85
0.19 -0.94 0.16 1.00 1.66 -4.08
0.19 -0.93 0.17 -0.89 1.44 -4.56
0.18 -0.94 0.17 -2.60 1.37 -4.53
0.17 -0.96 0.17 -3.62 1.34 -4.61
0.18 -0.99 0.17 -3.59 1.40 -4.62
0.18 -1.03 0.18 -1.66 0.99 -6.04
0.19 -1.04 0.18 0.40 1.34 -7.76
0.18 -1.02 0.19 1.34 0.85 -10.34
0.18 -1.00 0.18 1.47 0.75 -11.69
0.19 -1.00 0.19 1.49 0.92 -12.65
0.19 -1.00 0.20 2.59 0.92 -13.22
0.18 -0.98 0.19 2.47 1.27 -13.51
0.18 -0.98 0.21 2.24 0.73 -14.85
0.18 -0.98 0.20 2.98 0.16 -15.75
0.18 -0.96 0.20 3.18 -0.30 -15.28
0.16 -0.96 0.21 5.45 -1.22 -16.18
0.16 -0.97 0.21 7.31 -3.61 -16.93
0.20 -0.98 0.19 10.26 -3.53 -18.46
0.22 -0.95 0.17 13.92 -2.60 -19.50
0.21 -0.90 0.16 16.60 -1.71 -19.79
0.22 -0.84 0.14 18.42 -0.74 -19.24
0.21 -0.77 0.11 18.32 0.44 -17.95
0.19 -0.68 0.09 14.80 1.46 -15.13
0.17 -0.60 0.08 10.18 1.98 -10.31
0.15 -0.54 0.05 6.15 2.24 -4.46
0.13 -0.48 0.02 1.36 2.99 6.14
0.09 -0.38 -0.02 -4.22 3.89 16.28
0.06 -0.30 -0.05 -10.94 4.33 29.37
0.01 -0.17 -0.07 -21.21 5.75 44.46
-0.07 -0.02 -0.08 -33.93 3.97 58.04
-0.14 0.14 -0.07 -51.95 0.48 76.20
-0.25 0.24 -0.08 -70.26 -2.28 100.52
-0.41 0.32 -0.01 -91.77 -13.28 126.29
-0.55 0.33 -0.05 -112.24 -27.03 158.79
-0.71 0.32 -0.06 -136.53 -42.08 191.95
-0.89 -0.00 0.02 -149.22 -57.95 244.63
-0.93 -0.31 0.04 -142.77 -68.88 250.13
-0.86 -0.70 0.01 -132.21 -89.80 250.13
-0.52 -0.93 -0.13 -118.58 -92.70 250.13
-0.34 -1.05 -0.14 -116.84 -90.94 250.13
-0.08 -1.13 -0.24 -114.43 -77.47 250.13
0.10 -1.16 -0.36 -122.02 -63.91 238.50
0.04 -1.07 -0.35 -120.57 -53.54 203.60
0.14 -1.00 -0.45 -119.11 -28.05 206.47
-0.00 -0.87 -0.54 -137.35 -12.53 178.16
-0.11 -0.96 -0.48 -185.13 -3.25 151.21
-0.42 -1.41 -0.24 -202.07 0.72 140.37
-0.39 -1.88 -0.31 -211.07 1.41 106.89
-0.28 -2.00 -0.35 -183.96 10.15 88.76
-0.33 -2.00 -0.23 -146.24 17.05 64.96
-0.35 -2.00 -0.34 -105.06 22.36 39.92
-0.43 -2.00 -0.35 -76.17 30.31 17.93
-0.50 -2.00 -0.35 -58.91 32.07 -9.40
-0.52 -2.00 -0.39 -40.61 33.39 -37.34
-0.60 -2.00 -0.40 -19.88 34.12 -47.40
-0.69 -2.00 -0.37 20.02 39.18 -34.68
-0.80 -2.00 -0.32 61.56 39.55 -15.87
-0.82 -2.00 -0.28 83.77 27.58 -15.39
-0.70 -1.94 -0.31 86.16 19.92 -28.15
-0.58 -1.87 -0.36 67.00 9.53 -57.54
-0.48 -1.86 -0.43 60.17 16.40 -94.08
-0.54 -1.94 -0.33 63.14 17.95 -110.36
-0.53 -1.87 -0.38 72.21 19.79 -133.93
-0.57 -1.83 -0.36 87.09 13.49 -140.67
-0.57 -1.67 -0.32 99.87 11.16 -144.14
-0.55 -1.54 -0.34 117.24 3.05 -143.56
-0.44 -1.35 -0.41 126.86 0.48 -149.04
-0.33 -1.09 -0.42 126.89 3.30 -150.52
-0.29 -1.05 -0.38 125.49 3.21 -161.50
-0.24 -0.92 -0.34 110.30 3.05 -180.43
-0.16 -0.95 -0.32 99.34 7.50 -198.93
-0.15 -0.97 -0.31 98.40 6.78 -215.53
-0.16 -0.98 -0.30 102.37 10.28 -220.25
-0.25 -0.85 -0.25 111.37 9.24 -217.71
-0.28 -0.66 -0.22 112.42 10.62 -199.93
-0.26 -0.47 -0.18 111.19 11.31 -176.28
-0.18 -0.33 -0.16 101.34 11.13 -158.24
-0.08 -0.27 -0.14 87.40 14.08 -142.11
-0.07 -0.27 -0.06 74.24 11.56 -139.00
0.01 -0.28 -0.07 63.60 16.36 -133.92
-0.02 -0.33 -0.01 54.37 16.06 -127.07
-0.03 -0.37 0.04 51.61 12.31 -119.05
0.02 -0.33 0.02 51.03 12.43 -106.52
0.02 -0.29 0.06 49.76 12.24 -91.85
0.04 -0.23 0.06 46.91 10.99 -73.34
0.07 -0.17 0.06 41.56 10.10 -54.73
0.12 -0.15 0.06 32.77 9.85 -41.73
0.14 -0.19 0.07 19.79 8.24 -34.93
0.19 -0.26 0.06 8.95 7.45 -28.73
0.24 -0.37 0.04 3.91 10.37 -20.89
0.24 -0.45 0.06 3.42 11.54 -11.56
0.23 -0.50 0.08 3.92 12.37 -2.12
