-0.07 -1.01 0.04 15.97 7.05 -10.54
-0.05 -1.01 0.04 18.91 10.02 -9.95
-0.05 -1.01 0.04 22.86 13.01 -9.35
-0.07 -0.97 0.04 24.34 14.72 -9.82
-0.10 -0.93 0.05 24.16 14.36 -10.33
-0.10 -0.91 0.05 23.62 14.01 -9.13
-0.11 -0.90 0.05 23.61 12.35 -7.89
-0.10 -0.86 0.04 23.11 12.44 -5.89
-0.10 -0.81 0.03 21.06 12.60 -4.60
-0.11 -0.77 0.02 17.57 12.28 -3.60
-0.10 -0.71 -0.00 12.18 12.37 -5.34
-0.14 -0.67 -0.01 5.47 10.78 -8.43
-0.18 -0.61 -0.01 -2.56 7.97 -9.94
-0.21 -0.56 -0.02 -12.25 4.65 -6.98
-0.22 -0.51 -0.04 -22.81 1.68 -0.64
-0.23 -0.47 -0.05 -33.00 -0.40 10.01
-0.25 -0.43 -0.07 -41.43 -2.53 23.13
-0.25 -0.37 -0.09 -49.41 -3.72 37.77
-0.28 -0.30 -0.11 -57.02 -6.37 51.14
-0.28 -0.20 -0.16 -66.41 -9.48 63.88
-0.26 -0.14 -0.22 -75.07 -10.55 77.60
-0.26 0.03 -0.28 -94.18 -10.02 90.20
-0.31 0.10 -0.34 -119.94 -13.56 98.70
-0.34 0.15 -0.43 -152.71 -16.09 105.36
-0.44 0.09 -0.50 -188.73 -21.16 112.51
-0.58 -0.21 -0.47 -213.83 -31.23 118.37
-0.60 -0.60 -0.46 -219.63 -40.55 125.49
-0.51 -0.83 -0.44 -214.48 -40.80 132.18
-0.53 -1.01 -0.45 -203.15 -40.24 131.28
-0.50 -0.97 -0.45 -192.92 -41.22 120.45
-0.57 -1.00 -0.49 -188.98 -51.18 103.38
-0.43 -0.92 -0.60 -194.36 -55.95 84.47
-0.43 -0.96 -0.65 -209.31 -59.13 65.31
-0.42 -1.13 -0.65 -216.20 -61.05 50.02
-0.39 -1.29 -0.65 -214.13 -61.07 43.00
-0.45 -1.45 -0.59 -203.73 -61.18 37.60
-0.59 -1.64 -0.48 -183.05 -70.52 30.79
-0.59 -1.81 -0.42 -153.34 -78.29 27.21
-0.49 -1.77 -0.43 -118.82 -79.18 23.67
-0.38 -1.57 -0.49 -94.47 -71.40 27.78
-0.36 -1.34 -0.55 -83.36 -59.34 34.78
-0.42 -1.16 -0.56 -80.86 -53.31 41.55
-0.41 -1.09 -0.56 -80.79 -49.40 45.70
-0.39 -1.03 -0.61 -90.02 -44.18 42.90
-0.37 -1.16 -0.57 -97.20 -38.96 38.05
-0.34 -1.31 -0.54 -94.09 -34.33 30.45
-0.29 -1.40 -0.49 -84.17 -28.49 24.16
-0.29 -1.42 -0.48 -68.79 -23.08 16.31
-0.28 -1.36 -0.49 -53.57 -16.54 12.49
-0.29 -1.28 -0.51 -38.34 -12.53 12.32
-0.27 -1.13 -0.53 -28.34 -8.34 14.78
-0.27 -1.01 -0.59 -26.02 -3.42 14.15
-0.29 -0.97 -0.60 -29.64 -0.12 7.77
-0.28 -0.98 -0.62 -32.98 3.64 -0.17
-0.30 -0.99 -0.62 -37.56 7.73 -8.91
-0.34 -1.06 -0.62 -37.32 11.27 -13.24
-0.43 -1.12 -0.57 -31.41 11.57 -13.28
-0.53 -1.26 -0.50 -15.95 5.60 -11.40
-0.50 -1.28 -0.52 3.80 0.31 -5.91
-0.39 -1.19 -0.59 17.10 1.95 -0.37
-0.33 -1.13 -0.64 21.21 5.13 0.21
-0.26 -1.14 -0.65 23.09 9.50 -2.41
-0.20 -1.21 -0.65 26.71 17.87 -5.29
-0.22 -1.32 -0.62 36.67 26.73 -9.78
-0.32 -1.48 -0.56 54.92 29.89 -14.66
-0.43 -1.56 -0.51 79.38 27.82 -16.11
-0.39 -1.54 -0.52 103.06 27.26 -14.85
-0.37 -1.43 -0.56 120.34 30.60 -13.40
-0.37 -1.29 -0.59 126.70 34.32 -15.17
-0.38 -1.16 -0.60 123.77 37.40 -21.82
-0.44 -1.14 -0.57 117.48 36.85 -33.13
-0.47 -1.20 -0.50 115.25 33.79 -43.18
-0.46 -1.26 -0.49 119.81 31.40 -51.92
-0.53 -1.34 -0.45 128.71 28.56 -57.97
-0.57 -1.37 -0.41 141.23 22.80 -63.31
-0.51 -1.30 -0.46 151.87 20.74 -65.63
-0.51 -1.19 -0.48 156.67 20.16 -69.39
-0.51 -1.11 -0.47 155.82 17.89 -75.55
-0.48 -1.08 -0.45 155.13 17.09 -77.93
-0.47 -0.99 -0.46 152.58 17.76 -76.67
-0.43 -0.92 -0.45 145.53 19.26 -77.06
-0.46 -0.92 -0.41 137.90 19.05 -79.97
-0.47 -0.97 -0.37 135.29 16.85 -81.26
-0.50 -1.05 -0.33 137.93 11.46 -83.93
-0.47 -1.08 -0.30 141.58 5.56 -86.14
-0.33 -1.10 -0.34 149.01 7.48 -84.63
-0.28 -1.01 -0.35 154.36 13.39 -79.25
-0.24 -0.97 -0.36 159.82 20.57 -68.19
-0.23 -0.91 -0.34 164.72 29.70 -51.24
-0.27 -0.80 -0.31 163.09 34.73 -35.89
-0.26 -0.76 -0.30 158.19 34.49 -30.17
-0.24 -0.71 -0.28 150.99 34.23 -29.74
-0.25 -0.72 -0.24 141.95 29.79 -37.34
-0.25 -0.77 -0.20 134.31 25.53 -48.16
-0.22 -0.78 -0.19 127.09 22.41 -60.86
-0.19 -0.78 -0.16 122.67 23.63 -71.21
-0.18 -0.78 -0.13 119.89 27.62 -72.06
-0.24 -0.75 -0.09 119.53 30.03 -67.98
-0.24 -0.64 -0.08 114.60 30.53 -57.56
-0.22 -0.57 -0.05 107.95 32.90 -43.44
