0.19 -0.95 0.28 3.04 1.34 -7.44
0.21 -0.97 0.27 7.56 1.80 -6.53
0.22 -0.94 0.26 9.83 2.23 -7.33
0.20 -0.93 0.27 9.82 2.84 -7.57
0.21 -0.92 0.28 11.95 3.94 -6.87
0.21 -0.89 0.27 12.78 4.24 -6.60
0.20 -0.88 0.28 11.19 3.69 -7.91
0.22 -0.86 0.26 8.06 3.47 -9.56
0.23 -0.87 0.26 6.12 4.63 -9.95
0.22 -0.87 0.28 6.21 5.25 -9.51
0.21 -0.88 0.28 7.45 6.55 -8.37
0.20 -0.87 0.28 7.24 7.11 -9.37
0.20 -0.87 0.29 3.56 6.87 -12.02
0.20 -0.89 0.30 3.92 6.70 -13.71
0.21 -0.90 0.30 6.44 6.40 -13.57
0.22 -0.92 0.28 10.60 7.16 -13.34
0.21 -0.91 0.30 14.23 7.01 -13.77
0.21 -0.87 0.30 16.26 5.63 -14.63
0.21 -0.83 0.28 17.68 4.81 -14.69
0.24 -0.78 0.26 17.30 4.56 -14.58
0.28 -0.75 0.23 15.28 6.41 -14.82
0.27 -0.71 0.23 11.66 8.40 -14.24
0.25 -0.66 0.23 7.62 8.67 -13.57
0.25 -0.63 0.24 3.22 8.15 -12.40
0.24 -0.60 0.23 -0.73 7.76 -10.34
0.24 -0.55 0.21 -6.37 8.15 -6.67
0.21 -0.46 0.20 -16.08 8.15 -1.54
0.17 -0.40 0.19 -26.56 8.18 6.70
0.12 -0.33 0.22 -36.66 5.77 17.92
0.10 -0.28 0.21 -43.74 3.31 33.54
0.09 -0.23 0.18 -48.85 0.73 49.42
0.11 -0.11 0.12 -58.21 -0.17 64.37
0.11 0.01 0.04 -72.92 0.03 79.94
0.09 0.19 -0.02 -94.60 0.72 99.91
0.02 0.39 -0.09 -122.98 0.93 122.85
-0.05 0.55 -0.20 -156.66 2.14 150.99
-0.17 0.64 -0.30 -195.66 0.20 180.55
-0.30 0.48 -0.37 -230.52 -2.98 208.20
-0.45 0.23 -0.42 -255.08 -11.86 234.70
-0.55 -0.05 -0.51 -271.05 -19.60 255.15
-0.73 -0.47 -0.54 -285.82 -37.54 264.64
-0.55 -0.97 -0.67 -284.82 -42.44 251.39
-0.83 -1.47 -0.32 -260.82 -74.49 248.56
-0.51 -1.79 -0.47 -214.52 -72.90 254.44
-0.33 -1.90 -0.52 -168.24 -41.45 253.82
-0.44 -1.85 -0.47 -138.85 -29.45 232.92
-0.44 -1.57 -0.54 -146.75 -20.75 195.36
-0.43 -1.62 -0.61 -158.27 -10.32 157.65
-0.52 -1.73 -0.59 -158.55 6.26 131.80
-0.65 -1.85 -0.46 -148.12 12.75 115.48
-0.75 -1.99 -0.27 -128.70 10.50 100.64
-0.76 -2.09 -0.14 -94.50 -2.55 87.22
-0.61 -1.98 -0.20 -53.27 -10.87 79.66
-0.49 -1.73 -0.28 -22.47 -15.05 72.43
-0.37 -1.39 -0.39 -13.92 -16.37 58.66
-0.28 -1.13 -0.46 -20.26 -13.11 41.92
-0.26 -1.00 -0.54 -31.94 -6.26 31.73
-0.28 -0.96 -0.57 -43.21 5.80 27.73
-0.41 -0.92 -0.53 -49.62 12.03 28.96
-0.51 -0.96 -0.53 -53.25 16.73 35.50
-0.65 -1.12 -0.39 -50.96 18.27 43.18
-0.69 -1.33 -0.27 -43.22 7.98 41.86
-0.66 -1.50 -0.21 -23.42 -0.81 39.51
-0.56 -1.50 -0.25 0.03 -5.65 35.42
-0.54 -1.39 -0.29 16.72 -10.29 24.15
-0.49 -1.20 -0.41 16.61 -12.11 8.81
-0.45 -1.12 -0.48 9.63 -7.53 -2.76
-0.49 -1.12 -0.50 5.47 -2.63 -9.22
-0.60 -1.16 -0.47 3.05 0.40 -9.63
-0.66 -1.32 -0.41 8.73 -1.11 -6.98
-0.64 -1.50 -0.38 26.23 -2.29 -2.78
-0.62 -1.57 -0.40 45.30 -1.80 -2.96
-0.61 -1.59 -0.39 58.70 -0.92 -10.47
-0.61 -1.57 -0.39 67.30 -1.10 -21.71
-0.61 -1.52 -0.43 71.05 0.05 -34.34
-0.66 -1.52 -0.39 73.07 -0.08 -48.37
-0.64 -1.57 -0.38 78.92 -0.14 -59.34
-0.66 -1.51 -0.37 82.52 0.90 -66.09
-0.68 -1.50 -0.31 88.61 -1.51 -72.21
-0.73 -1.50 -0.26 96.76 -7.18 -77.21
-0.69 -1.45 -0.28 98.69 -10.78 -87.56
-0.62 -1.45 -0.30 100.20 -12.49 -94.53
-0.58 -1.40 -0.29 101.25 -12.35 -103.05
-0.48 -1.33 -0.34 100.90 -10.64 -112.24
-0.46 -1.29 -0.35 100.43 -7.47 -117.54
-0.48 -1.13 -0.31 96.70 -4.60 -119.39
-0.50 -1.21 -0.26 101.16 -6.89 -118.29
-0.51 -1.17 -0.22 103.88 -10.15 -120.26
-0.44 -1.15 -0.26 104.38 -10.14 -123.47
-0.43 -1.10 -0.24 98.96 -9.66 -130.32
-0.42 -1.08 -0.18 95.95 -10.99 -138.43
-0.40 -1.03 -0.18 94.52 -10.23 -142.31
-0.41 -0.97 -0.14 98.46 -11.24 -142.08
-0.41 -0.88 -0.10 95.83 -13.45 -143.82
-0.38 -0.86 -0.09 92.79 -19.33 -147.24
-0.34 -0.85 -0.08 94.24 -21.34 -146.43
-0.36 -0.85 -0.03 96.09 -24.89 -145.37
-0.33 -0.85 0.02 97.48 -33.07 -149.33
-0.23 -0.81 -0.02 100.64 -38.93 -151.50
-0.13 -0.71 -0.07 105.08 -38.26 -150.00
