-0.05 -0.99 -0.14 -0.05 3.24 -1.07
-0.05 -1.00 -0.13 1.07 3.01 -1.22
-0.05 -1.00 -0.14 1.98 3.22 -1.89
-0.05 -0.99 -0.13 2.64 3.22 -2.52
-0.04 -0.95 -0.13 1.83 4.05 -2.79
-0.04 -0.91 -0.13 1.13 4.99 -1.40
-0.03 -0.87 -0.15 0.63 6.37 2.14
-0.03 -0.79 -0.14 -1.85 8.34 5.47
-0.02 -0.68 -0.15 -6.21 9.40 8.76
-0.03 -0.51 -0.14 -14.67 9.73 14.75
-0.02 -0.32 -0.15 -24.47 8.76 24.66
0.02 -0.12 -0.18 -32.75 8.70 40.75
-0.00 0.21 -0.18 -44.47 7.74 65.86
0.04 0.55 -0.16 -55.65 6.87 97.31
-0.08 1.06 -0.16 -82.15 3.63 136.31
-0.26 1.52 -0.16 -115.24 5.50 179.34
-0.35 1.94 -0.23 -156.06 7.47 248.26
-0.60 2.41 -0.40 -204.96 29.33 364.43
-1.06 2.48 -0.51 -248.60 49.59 458.67
-1.55 2.44 -0.64 -295.71 60.95 500.26
-2.07 2.22 -0.80 -334.31 62.89 500.26
-2.53 2.19 -0.91 -367.80 51.21 500.26
-2.95 2.02 -1.03 -391.53 32.52 500.26
-3.18 1.82 -1.10 -404.34 8.24 500.26
-3.44 1.75 -1.23 -425.37 -21.73 500.26
-3.66 1.48 -1.22 -444.05 -67.11 500.26
-3.82 0.98 -1.32 -432.73 -117.05 500.26
-3.84 0.75 -1.41 -398.00 -154.41 500.26
-4.00 0.74 -1.53 -371.11 -181.10 500.26
-4.00 0.39 -1.71 -343.77 -195.74 500.26
-3.96 -0.34 -2.02 -296.47 -191.07 497.10
-3.62 -0.97 -2.21 -246.55 -166.29 462.12
-3.13 -1.43 -2.42 -206.67 -123.91 404.92
-2.86 -1.78 -2.48 -184.93 -86.95 333.54
-2.77 -2.13 -2.37 -159.40 -68.44 257.37
-2.57 -2.75 -2.12 -105.95 -61.11 181.88
-2.49 -3.16 -1.91 -28.52 -66.92 104.40
-2.41 -3.22 -1.80 51.22 -85.92 30.67
-2.21 -3.05 -1.81 122.72 -89.65 -38.72
-2.06 -2.68 -1.80 166.85 -94.81 -111.36
-2.01 -2.24 -1.86 200.32 -89.60 -176.32
-2.04 -1.84 -1.94 226.72 -76.12 -231.73
-2.17 -1.67 -1.96 253.95 -59.22 -289.02
-2.34 -1.63 -1.92 279.92 -47.31 -338.63
-2.62 -1.30 -1.79 292.09 -54.08 -381.71
-2.57 -1.12 -1.66 296.81 -49.16 -415.22
-2.62 -0.33 -1.33 288.56 -34.87 -441.85
-2.94 0.23 -0.91 254.66 -46.89 -475.40
-2.82 0.14 -0.84 238.70 -50.64 -484.95
-2.73 0.18 -0.78 227.62 -46.99 -487.51
-2.59 0.06 -0.78 208.90 -42.06 -492.81
-2.46 -0.25 -0.86 203.01 -33.63 -500.27
-2.47 -0.34 -0.78 188.73 -26.34 -500.27
-2.56 -0.51 -0.70 186.78 -27.31 -500.27
-2.72 -0.09 -0.59 184.58 -38.38 -500.27
-2.47 0.55 -0.65 176.50 -28.17 -500.20
-2.14 0.83 -0.63 172.52 -10.99 -441.82
-1.85 0.96 -0.55 148.56 -5.48 -399.47
-1.62 0.89 -0.49 108.89 -2.23 -387.74
-1.38 0.70 -0.45 74.24 3.34 -377.53
-1.31 0.49 -0.33 52.02 3.88 -371.18
-1.18 0.13 -0.20 47.48 0.63 -374.17
-1.14 -0.07 -0.18 58.31 -6.46 -371.45
-1.18 0.15 -0.15 71.40 -19.59 -353.02
-1.09 0.44 -0.22 85.54 -29.05 -297.28
-0.83 0.91 -0.18 88.32 -30.72 -217.44
-0.52 0.94 -0.19 77.54 -33.28 -172.43
-0.27 0.47 -0.64 56.58 -128.96 -132.63
-0.22 -0.09 -0.55 14.38 -10.12 -135.60
-0.06 0.36 -0.18 1.18 -5.48 -131.10
-0.15 0.26 -0.10 -47.34 -15.25 -136.21
-0.06 -0.35 -0.18 -45.39 -20.11 -132.81
-0.13 -0.53 -0.12 -31.50 -15.37 -116.20
-0.15 -0.49 -0.18 -16.05 -10.06 -96.63
-0.19 -0.34 -0.16 1.25 -15.31 -55.76
-0.05 -0.31 -0.20 16.60 -10.81 -16.17
0.05 -0.35 -0.26 13.13 -2.20 3.47
0.11 -0.55 -0.28 2.95 5.42 4.64
-0.03 -0.68 -0.22 -10.37 3.08 -3.45
-0.03 -0.82 -0.18 -19.71 0.06 -9.13
-0.06 -1.01 -0.13 -17.57 -1.47 -14.99
-0.00 -1.06 -0.14 -7.50 -0.23 -11.11
-0.02 -0.99 -0.13 2.66 3.56 -2.50
-0.05 -0.91 -0.11 11.57 2.90 8.79
-0.02 -0.79 -0.12 11.33 3.91 19.34
0.01 -0.77 -0.13 4.44 5.11 28.35
0.06 -0.81 -0.14 -2.52 9.74 31.39
-0.01 -0.91 -0.08 -8.73 10.09 29.76
-0.02 -1.02 -0.06 -10.53 6.53 27.21
0.01 -1.11 -0.06 -6.92 8.23 22.43
-0.02 -1.13 -0.05 -1.71 7.57 18.90
-0.05 -1.08 -0.03 0.41 5.94 17.24
-0.05 -1.05 -0.05 1.91 3.95 18.64
-0.04 -0.99 -0.06 1.62 3.11 23.63
-0.03 -0.95 -0.05 -4.61 4.11 25.77
-0.02 -0.97 -0.08 -15.15 4.82 23.88
-0.05 -1.05 -0.07 -23.65 4.85 19.40
-0.05 -1.08 -0.08 -28.29 4.31 15.53
-0.03 -1.16 -0.10 -27.95 4.58 12.63
-0.02 -1.22 -0.11 -22.14 5.30 11.15
