0.24 -0.99 0.17 11.92 5.51 -25.56
0.28 -0.99 0.16 8.18 6.17 -34.47
0.29 -0.99 0.17 5.58 5.37 -40.66
0.29 -0.97 0.17 4.15 5.92 -47.06
0.26 -0.95 0.19 3.52 5.14 -49.15
0.26 -0.96 0.20 7.34 3.21 -47.44
0.28 -0.94 0.17 13.15 2.48 -45.89
0.28 -0.90 0.18 15.19 2.66 -46.70
0.30 -0.89 0.18 12.98 2.56 -52.95
0.30 -0.87 0.17 12.96 3.95 -58.79
0.28 -0.86 0.18 15.69 4.00 -60.82
0.26 -0.81 0.18 21.99 2.35 -59.73
0.24 -0.72 0.17 26.92 0.03 -56.05
0.22 -0.65 0.13 30.21 -2.69 -52.59
0.21 -0.57 0.11 32.09 -4.85 -47.35
0.17 -0.47 0.07 34.15 -4.84 -38.08
0.12 -0.33 0.04 33.76 -6.82 -26.02
0.06 -0.12 0.01 26.34 -7.34 -10.56
-0.06 0.20 -0.01 10.88 -9.15 11.00
-0.15 0.39 0.01 -8.02 -15.39 39.34
-0.31 0.64 0.01 -30.95 -21.24 70.69
-0.40 0.88 0.01 -61.47 -32.12 106.47
-0.58 1.09 0.01 -94.53 -44.84 146.69
-0.72 1.19 -0.05 -123.13 -57.93 200.72
-0.88 1.14 -0.11 -141.06 -78.29 250.13
-0.91 0.85 -0.24 -142.30 -97.95 250.13
-0.91 0.47 -0.35 -131.53 -112.47 250.13
-0.78 -0.03 -0.52 -111.76 -116.37 250.13
-0.55 -0.54 -0.69 -98.25 -102.65 250.13
-0.50 -1.04 -0.66 -87.08 -82.53 250.13
-0.48 -1.41 -0.61 -88.91 -70.27 250.13
-1.12 -0.89 -0.37 -168.05 -34.00 250.13
-0.65 -1.60 -0.58 -231.15 -50.90 250.13
-0.54 -2.00 -0.75 -250.14 -6.82 250.13
-0.73 -2.00 -0.65 -231.43 8.40 250.13
-0.96 -2.00 -0.43 -211.98 -3.79 226.33
-1.33 -2.00 -0.04 -173.98 -30.79 199.35
-1.02 -2.00 -0.08 -126.34 -45.70 164.85
-0.64 -2.00 -0.20 -65.00 -52.88 124.65
-0.26 -2.00 -0.44 -17.27 -23.45 86.01
-0.22 -2.00 -0.51 1.77 7.96 36.76
-0.26 -2.00 -0.49 1.07 25.60 -18.37
-0.30 -2.00 -0.51 7.81 41.86 -43.33
-0.47 -2.00 -0.41 27.74 50.66 -64.15
-0.57 -2.00 -0.39 38.40 52.47 -88.42
-0.64 -1.96 -0.34 49.64 49.17 -95.08
-0.64 -1.84 -0.36 46.39 46.76 -118.27
-0.66 -1.78 -0.27 42.28 42.59 -135.81
-0.56 -1.73 -0.31 40.26 45.15 -161.40
-0.50 -1.72 -0.32 43.38 51.03 -188.32
-0.48 -1.76 -0.32 55.18 55.80 -211.83
-0.49 -1.67 -0.31 65.40 59.27 -232.85
-0.60 -1.53 -0.28 76.10 59.35 -245.95
-0.62 -1.44 -0.22 89.87 52.18 -250.14
-0.62 -1.27 -0.25 105.10 48.43 -238.63
-0.54 -1.15 -0.27 120.89 46.30 -228.40
-0.44 -1.00 -0.30 131.53 44.55 -221.04
-0.35 -0.91 -0.30 140.31 40.69 -229.04
-0.34 -0.66 -0.29 136.44 38.51 -239.49
-0.33 -0.47 -0.27 123.85 35.92 -237.56
-0.33 -0.33 -0.24 116.03 34.89 -218.14
-0.31 -0.20 -0.19 104.84 32.68 -187.18
-0.25 -0.20 -0.18 94.54 29.81 -161.96
-0.15 -0.18 -0.16 82.08 24.97 -146.37
-0.07 -0.18 -0.14 69.89 23.03 -133.55
-0.06 -0.21 -0.09 60.60 22.47 -118.08
-0.01 -0.27 -0.05 53.79 20.15 -103.95
0.02 -0.29 -0.03 50.44 18.74 -92.22
0.05 -0.31 -0.01 47.06 17.68 -75.80
0.04 -0.32 0.05 42.46 12.76 -63.22
0.10 -0.34 0.03 38.47 8.82 -50.36
0.15 -0.35 0.01 32.70 7.97 -38.62
0.17 -0.37 0.04 24.69 8.71 -28.10
0.18 -0.46 0.05 17.25 8.27 -20.50
0.19 -0.53 0.06 11.73 8.50 -14.34
0.19 -0.59 0.07 9.76 9.85 -7.25
0.19 -0.67 0.09 8.18 9.20 -2.20
0.20 -0.73 0.09 6.87 8.10 -1.22
0.20 -0.74 0.08 4.51 7.15 -0.48
0.21 -0.73 0.08 1.40 7.68 3.91
0.20 -0.73 0.10 -2.64 6.47 9.82
0.22 -0.78 0.09 -5.87 5.08 15.63
0.23 -0.84 0.10 -8.28 4.02 18.48
0.26 -0.96 0.09 -9.27 4.83 17.10
0.29 -1.03 0.07 -6.87 5.77 14.89
0.30 -1.04 0.09 -3.69 7.27 11.66
0.23 -1.07 0.12 0.84 7.26 12.31
0.24 -1.05 0.14 3.94 1.77 8.06
0.29 -0.99 0.10 1.73 2.34 4.25
0.30 -0.95 0.09 -4.65 2.88 2.02
0.29 -1.00 0.10 -6.60 3.79 5.30
0.30 -1.05 0.10 -3.08 3.41 7.88
0.33 -1.06 0.09 -1.13 5.11 9.08
0.33 -1.06 0.10 -0.95 6.63 6.05
0.32 -1.06 0.11 0.56 6.95 2.74
0.29 -1.06 0.12 3.34 6.23 0.42
0.30 -1.05 0.12 5.46 4.80 -1.07
0.30 -1.03 0.11 7.39 4.63 -2.24
0.33 -0.97 0.09 6.50 5.61 -3.50
0.31 -0.96 0.10 3.44 6.54 -3.79
