-0.20 -1.06 -0.04 6.81 -1.89 1.34
-0.18 -1.06 -0.06 13.10 -3.68 3.79
-0.19 -1.06 -0.05 18.82 -5.21 6.08
-0.15 -1.15 -0.07 27.36 -5.11 8.24
-0.12 -1.26 -0.08 42.92 -5.21 7.42
-0.12 -1.26 -0.10 60.43 -5.37 5.86
-0.15 -1.19 -0.11 76.89 -6.87 8.26
-0.18 -1.18 -0.09 96.12 -11.24 17.01
-0.22 -1.20 -0.08 119.45 -17.08 28.96
-0.23 -1.25 -0.05 147.15 -25.69 39.30
-0.26 -1.38 0.01 182.14 -36.41 49.69
-0.35 -1.71 0.06 236.47 -53.04 63.15
-0.42 -2.10 0.08 318.55 -77.39 79.56
-0.45 -2.42 0.01 420.52 -104.53 96.89
-0.37 -2.58 -0.23 500.26 -129.13 118.44
-0.25 -2.47 -0.54 500.26 -141.33 149.18
-0.19 -2.52 -0.70 500.26 -152.90 183.51
-0.03 -2.60 -0.96 500.26 -152.02 223.39
0.14 -2.53 -1.33 500.26 -142.67 267.24
0.25 -2.28 -1.70 500.26 -131.68 305.62
0.31 -2.00 -2.10 500.26 -127.71 337.89
0.34 -1.42 -2.47 500.26 -128.20 337.94
0.57 -0.78 -2.65 500.26 -114.69 320.31
0.40 -0.27 -2.54 500.26 -112.18 268.58
0.27 0.16 -2.37 500.26 -109.28 222.14
0.13 0.46 -2.11 500.26 -112.14 179.77
0.04 0.65 -2.02 500.26 -122.14 139.76
-0.21 0.98 -1.79 500.26 -141.92 116.99
-0.11 1.61 -1.77 500.26 -156.18 92.89
-0.11 2.39 -1.61 500.26 -170.64 73.04
-0.12 2.90 -1.45 493.47 -187.05 45.34
0.08 2.99 -1.45 360.50 -187.08 33.57
0.34 2.94 -1.50 256.21 -168.43 32.17
0.57 2.60 -1.51 187.07 -143.37 24.73
0.75 2.33 -1.42 142.92 -89.77 58.31
0.77 2.08 -1.28 118.14 -41.79 83.83
0.64 1.93 -1.06 96.90 -2.72 98.55
0.49 1.87 -0.83 71.05 19.40 99.19
0.43 1.83 -0.63 40.95 33.21 93.42
0.43 1.85 -0.48 -3.48 40.66 77.15
0.42 1.75 -0.38 -51.85 47.89 55.94
0.47 1.56 -0.30 -91.47 57.62 37.63
0.44 1.40 -0.26 -120.02 67.08 19.50
0.56 1.51 -0.34 -154.31 79.48 -6.46
0.65 1.65 -0.39 -202.12 104.63 -23.97
0.63 1.52 -0.42 -242.67 131.07 -40.79
0.44 1.43 -0.41 -277.94 151.68 -72.79
0.35 1.48 -0.43 -322.84 163.68 -119.53
0.27 1.67 -0.48 -387.37 172.24 -177.80
0.25 2.02 -0.58 -489.33 174.41 -261.19
0.17 2.23 -0.64 -500.27 161.16 -352.63
-0.02 2.05 -0.68 -500.27 134.60 -429.36
-0.07 1.80 -0.71 -500.27 99.79 -483.47
-0.05 1.42 -0.78 -500.27 50.66 -500.27
0.09 0.98 -0.87 -500.27 7.63 -500.27
0.12 0.42 -0.85 -500.27 -30.92 -500.27
0.14 0.17 -0.84 -500.27 -58.23 -500.27
0.26 0.22 -0.81 -500.27 -72.99 -439.13
0.33 0.14 -0.90 -500.27 -69.39 -374.90
0.25 0.40 -0.99 -500.27 -74.78 -352.12
0.27 0.56 -1.15 -500.27 -100.23 -345.21
0.31 0.28 -1.46 -500.27 -118.46 -327.15
0.28 -0.31 -1.46 -500.27 -141.92 -299.97
0.04 -1.30 -1.25 -500.27 -168.47 -227.37
0.21 -1.88 -0.96 -500.27 -164.76 -153.25
-0.02 -2.14 -0.66 -500.27 -161.37 -74.70
-0.01 -2.19 -0.53 -393.54 -158.29 -31.42
0.16 -1.76 -0.61 -318.81 -135.18 -21.91
0.33 -1.40 -0.74 -288.67 -107.24 -26.73
0.44 -1.22 -0.82 -285.25 -79.44 -46.09
0.55 -1.28 -0.89 -271.54 -40.37 -32.20
0.40 -1.49 -0.76 -238.12 -14.73 -23.10
0.26 -1.64 -0.63 -192.46 2.90 -7.02
0.11 -1.72 -0.49 -146.64 15.01 9.05
-0.01 -1.72 -0.36 -106.61 19.73 17.11
-0.12 -1.68 -0.24 -78.23 18.11 16.38
-0.18 -1.73 -0.16 -46.82 11.02 17.45
-0.23 -1.68 -0.11 -11.63 0.93 16.05
-0.18 -1.52 -0.09 14.26 -2.35 22.92
-0.11 -1.37 -0.11 28.05 -0.64 24.00
-0.08 -1.24 -0.13 32.14 2.56 19.94
-0.04 -1.09 -0.14 24.90 8.43 13.51
-0.05 -1.06 -0.11 19.24 12.72 8.98
-0.06 -1.08 -0.07 19.11 16.20 5.07
-0.09 -1.09 -0.05 22.21 16.96 4.11
-0.07 -1.05 -0.04 24.69 15.95 0.67
-0.08 -0.98 -0.04 21.54 14.29 -5.66
-0.09 -0.97 -0.03 20.50 11.80 -10.38
-0.13 -0.98 -0.01 24.44 8.14 -9.77
-0.15 -0.97 0.01 27.53 3.92 -10.09
-0.13 -0.96 -0.00 30.60 0.82 -8.87
-0.12 -0.93 -0.01 33.97 -1.57 -7.68
-0.12 -0.88 -0.03 30.96 -2.69 -8.31
-0.11 -0.87 -0.04 26.08 -2.84 -8.37
-0.11 -0.85 -0.03 23.92 -3.80 -7.34
-0.10 -0.83 -0.04 22.38 -4.87 -2.18
-0.10 -0.87 -0.05 23.36 -5.18 4.95
-0.08 -0.92 -0.06 25.92 -5.59 9.66
-0.06 -0.88 -0.08 22.64 -5.05 8.53
-0.06 -0.87 -0.08 16.84 -4.87 6.53
