-0.19 -0.87 -0.19 -29.34 -3.25 0.17
-0.20 -0.92 -0.18 -30.18 -5.21 3.47
-0.19 -0.96 -0.19 -29.66 -6.41 7.36
-0.15 -0.99 -0.19 -28.56 -6.44 10.75
-0.14 -1.04 -0.20 -26.79 -5.08 12.79
-0.19 -1.16 -0.16 -21.88 -6.21 13.71
-0.23 -1.31 -0.14 -10.50 -9.21 16.24
-0.23 -1.44 -0.11 6.55 -13.01 20.26
-0.18 -1.48 -0.14 25.37 -14.58 26.85
-0.15 -1.48 -0.17 40.47 -13.82 36.26
-0.12 -1.50 -0.18 54.11 -11.53 52.47
-0.07 -1.58 -0.19 71.45 -5.33 72.69
-0.15 -1.67 -0.14 93.89 -0.64 101.07
-0.21 -1.72 -0.12 120.95 0.44 125.98
-0.30 -1.72 -0.09 147.34 -2.75 143.73
-0.41 -1.76 -0.03 175.71 -15.11 149.97
-0.40 -1.71 -0.06 204.64 -27.56 153.48
-0.33 -1.71 -0.09 234.98 -34.52 168.12
-0.17 -1.57 -0.16 261.65 -31.31 185.36
0.03 -1.38 -0.24 277.68 -17.11 201.24
0.13 -1.19 -0.28 285.25 2.92 213.98
0.10 -1.12 -0.24 292.24 21.62 227.07
0.02 -1.12 -0.21 304.18 35.15 235.44
-0.08 -1.07 -0.16 317.36 42.02 237.88
-0.18 -0.95 -0.14 328.72 40.52 232.55
-0.21 -0.78 -0.15 334.63 36.90 226.12
-0.21 -0.67 -0.14 337.34 32.72 222.00
-0.10 -0.49 -0.18 332.93 36.82 221.39
-0.18 -0.56 -0.11 330.24 39.16 217.28
-0.10 -0.56 -0.13 331.92 41.68 204.49
0.04 -0.46 -0.16 332.52 55.44 198.84
0.15 -0.38 -0.18 334.12 78.53 201.16
-0.06 -0.28 -0.15 334.12 92.15 196.00
-0.30 -0.19 -0.08 332.27 93.18 187.51
-0.25 -0.07 -0.11 328.64 96.02 184.58
-0.10 0.08 -0.20 319.33 144.61 193.69
-0.23 0.13 -0.13 304.58 103.34 160.81
-0.27 0.10 -0.16 296.53 108.03 143.30
-0.30 -0.08 -0.14 303.94 114.82 143.37
-0.27 -0.11 -0.17 319.21 128.03 151.25
-0.17 0.10 -0.24 325.28 143.88 147.47
-0.26 0.27 -0.25 321.60 161.80 137.54
-0.28 0.33 -0.31 316.75 159.18 128.98
-0.31 0.48 -0.34 310.03 168.64 128.93
-0.34 0.51 -0.36 303.73 181.02 135.04
-0.41 0.39 -0.40 304.17 185.01 132.98
-0.48 0.42 -0.47 302.98 186.50 111.22
-0.64 0.49 -0.47 297.28 178.76 81.97
-0.72 0.60 -0.51 288.60 168.05 53.42
-0.73 0.77 -0.55 274.11 162.03 33.82
-0.86 0.95 -0.56 252.05 153.56 16.26
-1.03 1.10 -0.55 222.52 137.68 1.69
-1.14 1.13 -0.51 193.53 118.49 -4.44
-1.22 1.10 -0.53 167.16 99.24 -12.49
-1.30 1.05 -0.52 143.76 76.02 -28.44
-1.30 1.03 -0.55 123.57 54.44 -44.66
-1.27 1.04 -0.55 105.92 38.56 -53.19
-1.21 1.02 -0.58 91.80 30.37 -53.88
-1.18 1.06 -0.59 77.63 25.95 -52.44
-1.19 1.14 -0.58 58.89 21.91 -52.73
-1.20 1.19 -0.56 38.58 18.09 -49.39
-1.23 1.20 -0.53 17.83 13.66 -41.73
-1.30 1.15 -0.52 -1.79 5.92 -34.95
-1.36 1.10 -0.50 -21.28 -7.86 -34.44
-1.40 1.02 -0.48 -37.79 -25.54 -36.50
-1.40 0.91 -0.46 -50.03 -44.37 -40.64
-1.36 0.86 -0.46 -61.33 -63.48 -54.32
-1.29 0.83 -0.46 -73.85 -81.27 -73.30
-1.23 0.83 -0.46 -85.79 -94.27 -86.12
-1.19 0.81 -0.44 -94.87 -102.92 -86.41
-1.15 0.86 -0.43 -106.67 -109.80 -83.37
-1.12 0.92 -0.42 -124.60 -117.40 -85.39
-1.11 0.91 -0.43 -145.37 -126.61 -91.42
-1.09 0.91 -0.43 -168.49 -137.27 -103.39
-1.05 0.90 -0.44 -192.49 -148.00 -119.24
-1.06 0.80 -0.43 -213.33 -159.76 -131.16
-1.04 0.68 -0.42 -230.26 -172.60 -146.70
-0.99 0.63 -0.44 -250.05 -188.14 -176.81
-0.95 0.57 -0.41 -267.82 -202.69 -206.89
-0.91 0.59 -0.40 -283.95 -214.67 -220.37
-0.87 0.56 -0.40 -298.60 -224.70 -220.31
-0.80 0.40 -0.41 -307.54 -231.79 -213.28
-0.68 0.29 -0.42 -315.88 -234.26 -213.48
-0.56 0.10 -0.38 -316.67 -234.93 -223.11
-0.41 -0.06 -0.36 -312.41 -229.22 -237.62
-0.31 -0.12 -0.34 -304.99 -219.51 -248.14
-0.23 -0.10 -0.29 -300.15 -209.11 -258.35
-0.19 -0.03 -0.28 -300.17 -196.85 -256.52
-0.19 -0.10 -0.25 -297.86 -183.88 -243.97
-0.22 -0.23 -0.24 -290.87 -171.36 -219.80
-0.25 -0.49 -0.17 -272.53 -161.13 -191.88
-0.16 -0.56 -0.17 -255.21 -151.37 -186.96
-0.12 -0.49 -0.17 -246.89 -143.89 -200.95
-0.08 -0.40 -0.15 -245.11 -139.02 -218.52
-0.05 -0.28 -0.19 -251.56 -133.62 -229.22
0.01 -0.16 -0.24 -266.81 -125.77 -233.07
0.05 -0.06 -0.32 -288.06 -115.42 -228.31
0.03 -0.10 -0.37 -310.21 -107.28 -219.91
-0.04 -0.30 -0.36 -322.72 -101.44 -202.11
-0.02 -0.61 -0.36 -317.51 -94.78 -176.75
