-0.12 -1.02 -0.09 -4.27 -0.43 -3.50
-0.12 -0.99 -0.09 -6.26 0.05 -6.58
-0.11 -0.99 -0.09 -8.60 -0.08 -7.57
-0.11 -1.00 -0.08 -8.38 0.76 -6.37
-0.13 -1.02 -0.08 -7.68 1.30 -4.66
-0.14 -1.04 -0.06 -6.55 1.24 -4.08
-0.16 -1.06 -0.06 -5.02 1.48 -3.66
-0.19 -1.05 -0.04 -6.31 0.00 -6.64
-0.25 -1.06 -0.05 -6.66 -1.69 -11.21
-0.29 -1.07 -0.03 -6.96 -4.53 -12.40
-0.31 -1.04 -0.05 -4.90 -7.89 -13.08
-0.32 -0.94 -0.07 -7.22 -11.45 -13.19
-0.31 -0.90 -0.10 -12.46 -14.64 -13.74
-0.28 -0.86 -0.13 -18.40 -16.52 -13.42
-0.23 -0.86 -0.13 -22.61 -16.21 -10.53
-0.23 -0.86 -0.14 -24.89 -14.67 -3.27
-0.25 -0.99 -0.15 -23.10 -12.24 8.05
-0.43 -1.32 -0.05 -6.96 -16.05 24.90
-0.76 -2.02 0.10 46.00 -33.40 41.80
-1.08 -3.03 0.36 155.88 -65.83 78.52
-1.10 -3.81 0.31 320.82 -98.49 110.92
-0.95 -3.72 0.03 481.47 -125.28 143.68
-0.44 -3.27 -0.44 500.26 -127.79 170.58
0.11 -2.94 -0.99 500.26 -102.90 186.70
0.52 -2.68 -1.40 500.26 -73.25 204.41
0.73 -2.68 -1.78 500.26 -36.99 215.08
0.84 -2.27 -2.25 500.26 -11.44 236.41
1.01 -1.68 -2.75 500.26 17.83 239.71
1.02 -1.30 -3.08 500.26 41.86 226.63
0.62 -0.91 -2.93 500.26 42.95 218.75
0.27 -0.94 -2.69 500.26 27.02 200.85
-0.05 -0.96 -2.80 500.26 -7.50 200.72
-0.21 -0.27 -2.85 500.26 -42.58 181.89
-0.22 0.13 -2.80 500.26 -73.59 161.01
-0.11 0.52 -2.71 500.26 -95.27 146.08
-0.11 0.78 -2.55 500.26 -113.83 146.14
0.11 1.22 -2.41 500.26 -111.57 132.73
0.11 1.65 -2.12 500.26 -106.44 100.67
0.13 1.87 -1.94 500.26 -107.15 76.12
0.26 2.29 -1.79 500.26 -89.25 46.75
0.27 2.87 -1.58 357.69 -71.28 28.15
0.26 2.98 -1.34 215.94 -55.18 20.14
0.34 2.47 -1.24 119.36 -30.52 22.90
0.40 1.96 -1.26 68.08 6.43 26.35
0.34 1.82 -1.19 35.66 40.67 17.95
0.16 1.97 -1.01 -3.05 61.04 -6.64
-0.07 2.27 -0.79 -61.82 69.80 -35.10
-0.22 2.46 -0.56 -124.41 65.15 -53.48
-0.21 2.80 -0.55 -215.37 55.60 -93.27
-0.24 3.23 -0.56 -361.66 47.11 -156.69
-0.12 3.39 -0.67 -498.84 35.83 -191.30
-0.07 3.40 -1.01 -500.27 29.44 -243.25
-0.08 3.63 -1.09 -500.27 14.05 -347.56
-0.14 3.64 -1.51 -500.27 -16.15 -424.24
-0.31 3.26 -1.81 -500.27 -76.60 -500.27
-0.29 2.49 -2.10 -500.27 -158.14 -500.27
-0.14 1.38 -2.39 -500.27 -226.38 -500.27
0.10 0.52 -2.33 -500.27 -274.61 -500.27
0.17 0.48 -2.37 -500.27 -297.68 -491.02
0.60 0.52 -2.59 -500.27 -298.05 -438.84
1.06 0.60 -2.78 -500.27 -262.87 -361.07
1.37 0.46 -2.83 -500.27 -212.70 -280.53
1.81 -0.35 -3.20 -500.27 -122.66 -213.44
1.34 -1.31 -3.17 -500.27 -20.41 -115.80
-0.30 -3.69 -0.92 -500.27 1.24 -48.67
-0.57 -2.52 -1.29 -446.40 23.37 52.55
-0.75 -2.60 -0.67 -339.97 14.26 73.88
-1.21 -2.86 -0.03 -238.17 -12.49 67.48
-1.20 -2.80 0.25 -172.35 -64.31 28.38
-0.66 -2.27 -0.19 -131.54 -94.49 -31.25
-0.10 -1.56 -0.75 -108.61 -73.15 -65.66
0.08 -0.96 -0.87 -95.05 -48.92 -63.92
0.14 -0.79 -0.81 -70.96 -28.44 -27.27
0.05 -0.99 -0.74 -47.19 -13.40 8.89
0.10 -1.05 -0.64 -22.11 0.02 34.32
-0.06 -1.03 -0.46 -24.20 6.17 36.61
-0.12 -0.98 -0.33 -20.84 8.96 22.87
-0.05 -1.34 -0.46 -20.12 16.38 -0.31
-0.27 -0.99 -0.23 -29.62 7.45 -12.18
-0.24 -1.01 -0.20 -24.31 7.54 -15.82
-0.24 -1.04 -0.26 -16.58 5.62 -8.69
-0.24 -1.02 -0.23 -7.71 4.66 -3.34
-0.18 -1.02 -0.27 3.02 7.31 6.52
-0.16 -1.00 -0.28 12.35 10.78 14.31
-0.15 -1.03 -0.29 18.40 14.64 16.03
-0.20 -1.05 -0.26 23.42 14.32 13.69
-0.25 -1.04 -0.21 25.42 11.11 5.36
-0.24 -1.02 -0.18 28.78 10.38 3.85
-0.29 -1.00 -0.13 34.09 6.85 4.84
-0.27 -1.00 -0.14 40.78 3.73 6.35
-0.32 -1.01 -0.07 41.89 1.83 0.96
-0.33 -0.93 -0.08 34.69 0.92 -10.26
-0.36 -0.90 -0.03 27.02 -5.91 -17.57
-0.38 -0.91 0.00 23.65 -12.49 -18.67
-0.35 -0.92 -0.03 24.69 -18.61 -16.43
-0.29 -0.91 -0.09 21.47 -22.81 -20.81
-0.25 -0.90 -0.10 19.51 -17.95 -17.01
-0.25 -0.98 -0.11 19.76 -17.86 -21.47
-0.22 -1.01 -0.14 18.44 -15.27 -28.46
-0.21 -0.99 -0.12 14.03 -10.93 -33.18
