0.23 -1.58 -0.06 280.32 3.68 -13.31
0.18 -1.43 -0.07 304.29 14.95 -14.70
0.08 -1.40 -0.00 332.17 16.20 -10.66
0.08 -1.36 -0.03 368.05 18.64 3.04
0.11 -1.26 -0.08 406.61 23.34 27.97
0.11 -1.21 -0.13 448.99 30.82 59.15
0.15 -1.18 -0.17 495.08 34.06 92.35
0.25 -1.06 -0.30 500.26 43.77 127.33
0.36 -0.78 -0.45 500.26 54.44 150.46
0.38 -0.46 -0.46 500.26 66.70 162.24
0.33 -0.42 -0.42 500.26 82.76 161.56
0.22 -0.19 -0.31 500.26 89.08 160.14
0.01 -0.27 -0.15 500.26 87.48 153.53
-0.07 -0.27 -0.07 500.26 82.58 149.13
-0.01 -0.35 -0.07 500.26 81.97 153.45
-0.01 -0.14 -0.13 500.26 86.58 160.02
-0.09 0.14 -0.14 500.26 87.77 175.97
-0.12 0.21 -0.13 500.26 83.85 194.52
-0.10 0.22 -0.21 500.26 79.73 198.21
-0.04 0.26 -0.19 500.26 72.24 185.37
0.14 0.29 -0.38 500.26 74.50 166.55
0.08 0.62 -0.43 500.26 75.86 147.76
0.10 0.89 -0.49 491.56 73.36 126.41
0.12 1.07 -0.50 450.06 79.97 111.66
-0.06 1.13 -0.40 409.60 73.07 89.33
-0.12 0.95 -0.31 387.39 62.60 81.40
0.01 1.05 -0.39 373.21 60.18 69.04
-0.10 1.24 -0.42 336.52 62.75 41.83
-0.16 1.46 -0.41 292.66 47.04 3.51
-0.20 1.71 -0.39 238.12 38.14 -26.67
-0.26 1.88 -0.32 183.92 31.33 -37.79
-0.33 1.77 -0.29 150.29 29.50 -36.06
-0.39 1.95 -0.18 114.47 16.82 -39.91
-0.32 1.82 -0.18 85.80 10.87 -44.52
-0.33 1.86 -0.14 63.18 5.95 -51.54
-0.31 1.97 -0.13 42.72 2.60 -56.35
-0.34 2.19 -0.08 14.00 0.47 -57.07
-0.35 2.37 -0.07 -19.45 -3.82 -52.11
-0.46 2.47 0.00 -60.66 -11.07 -48.00
-0.42 2.49 0.02 -104.63 -20.38 -49.19
-0.45 2.43 0.10 -150.67 -32.75 -52.85
-0.36 2.23 0.09 -186.52 -35.91 -52.55
-0.44 1.95 0.23 -209.89 -52.92 -50.63
-0.38 1.87 0.22 -229.95 -58.14 -47.39
-0.40 1.88 0.25 -250.96 -62.82 -39.74
-0.45 1.84 0.27 -274.58 -70.79 -39.82
-0.51 1.83 0.27 -301.68 -84.52 -39.56
-0.51 1.83 0.23 -337.28 -96.96 -40.34
-0.49 1.72 0.18 -375.40 -106.72 -43.31
-0.43 1.55 0.12 -410.37 -114.58 -48.02
-0.42 1.41 0.10 -442.89 -119.80 -54.34
-0.49 0.98 0.16 -459.40 -128.34 -56.87
-0.41 0.80 0.15 -464.43 -141.54 -65.24
-0.32 0.74 0.10 -471.19 -147.83 -74.11
-0.22 0.76 0.06 -473.98 -151.19 -85.94
-0.21 0.84 -0.02 -499.01 -161.28 -91.39
-0.16 0.82 -0.08 -500.27 -154.84 -99.02
-0.08 0.77 -0.23 -500.27 -153.05 -106.47
-0.05 0.60 -0.33 -500.27 -148.23 -109.86
-0.07 0.42 -0.37 -500.27 -146.27 -119.66
0.07 0.35 -0.49 -500.27 -144.11 -129.01
0.15 0.10 -0.55 -500.27 -140.23 -130.87
0.37 -0.15 -0.61 -500.27 -123.11 -119.91
0.31 -0.37 -0.52 -500.27 -104.90 -108.15
0.47 -0.57 -0.58 -500.27 -82.23 -92.96
0.47 -0.62 -0.49 -500.27 -60.78 -84.95
0.45 -0.76 -0.44 -491.80 -45.48 -80.38
0.33 -0.71 -0.34 -462.84 -38.26 -76.76
0.39 -0.76 -0.42 -427.98 -18.99 -50.44
0.25 -0.82 -0.34 -387.76 -7.18 -23.69
0.16 -0.88 -0.26 -345.62 -0.18 -6.64
0.09 -0.92 -0.18 -317.27 -4.50 -1.24
0.23 -1.09 -0.16 -285.69 -3.24 3.07
0.31 -1.15 -0.18 -253.77 6.55 6.92
0.26 -1.01 -0.16 -228.06 11.59 7.21
0.23 -0.95 -0.17 -207.91 11.91 12.49
0.16 -0.92 -0.17 -190.34 12.49 12.08
0.13 -0.99 -0.18 -172.76 10.06 17.85
0.17 -1.08 -0.18 -147.82 12.63 21.82
0.15 -1.13 -0.19 -117.71 14.17 39.18
0.16 -1.12 -0.22 -96.32 21.10 52.24
0.08 -1.10 -0.16 -84.58 20.82 51.08
0.19 -1.24 -0.25 -83.53 22.49 38.64
0.18 -1.28 -0.16 -75.30 25.36 30.76
0.14 -1.29 -0.10 -67.86 28.00 21.98
-0.03 -1.40 0.01 -57.13 28.11 19.68
-0.13 -1.41 0.09 -42.81 15.56 7.57
-0.12 -1.51 0.07 -22.15 6.14 6.34
-0.03 -1.50 -0.02 -3.56 6.27 13.08
-0.01 -1.36 -0.08 9.56 9.08 17.19
-0.03 -1.18 -0.11 7.53 11.89 20.52
0.02 -1.12 -0.12 -2.17 15.56 15.57
0.01 -1.22 -0.03 -11.24 14.98 5.97
0.02 -1.34 0.00 -9.65 16.18 -0.55
-0.02 -1.39 0.08 -2.27 15.42 -6.37
-0.04 -1.44 0.13 8.35 10.12 -13.30
-0.02 -1.38 0.10 20.17 5.37 -18.40
0.02 -1.25 0.05 27.33 2.72 -20.02
0.06 -1.08 0.00 22.76 1.56 -25.92
0.06 -0.97 -0.04 10.29 -0.17 -31.68
