-0.05 -1.29 -0.06 57.66 -8.60 -10.70
-0.00 -1.53 -0.05 89.95 -8.66 -3.51
-0.04 -1.72 0.06 139.60 -9.56 7.68
-0.15 -2.04 0.09 213.59 -18.35 24.64
-0.09 -2.11 0.03 297.27 -34.06 40.89
-0.04 -1.98 -0.18 372.32 -48.27 52.99
0.14 -1.80 -0.40 435.66 -53.62 65.88
0.10 -1.69 -0.42 479.88 -60.20 53.77
0.13 -1.84 -0.39 500.26 -62.08 35.33
0.10 -2.07 -0.47 500.26 -64.11 17.22
-0.03 -2.35 -0.41 500.26 -64.89 16.81
0.07 -2.58 -0.64 500.26 -52.66 47.47
0.16 -2.63 -1.00 500.26 -22.02 95.18
0.25 -2.64 -1.39 500.26 3.47 143.63
0.43 -2.37 -2.04 500.26 27.74 171.36
0.53 -1.60 -2.66 500.26 54.27 174.06
0.39 -0.69 -2.66 500.26 50.64 174.26
0.38 -0.22 -2.57 500.26 48.95 125.83
0.21 -0.23 -2.31 500.26 30.55 79.91
0.25 -0.20 -2.37 500.26 31.30 20.69
0.26 0.20 -2.39 500.26 51.63 -16.12
0.09 0.66 -2.40 500.26 70.93 -42.69
-0.14 1.37 -2.23 500.26 78.09 -66.40
-0.46 2.24 -1.86 500.26 65.63 -69.07
-0.78 2.65 -1.53 500.26 38.69 -54.56
-0.79 2.86 -1.40 437.27 7.53 -39.59
-0.54 3.01 -1.41 318.17 -7.68 -27.97
-0.21 2.94 -1.34 214.03 -2.73 -7.80
0.02 2.55 -1.24 144.53 12.70 10.15
0.26 2.16 -1.04 101.28 39.28 21.98
0.21 1.65 -0.75 91.18 61.16 22.64
0.06 1.52 -0.42 89.27 71.98 13.71
-0.06 1.69 -0.13 74.87 71.66 5.68
-0.14 1.83 0.06 51.33 60.47 -3.98
-0.12 1.92 0.18 20.95 46.18 -10.40
-0.13 1.83 0.25 -0.87 36.82 -12.38
-0.15 1.90 0.32 -17.82 30.64 -5.57
-0.19 2.01 0.31 -45.89 28.84 3.98
-0.30 2.03 0.28 -69.13 18.84 12.89
-0.30 2.14 0.14 -97.34 14.06 25.53
-0.22 2.35 -0.01 -134.43 21.33 46.99
-0.27 2.60 -0.15 -188.99 28.34 51.92
-0.36 2.84 -0.27 -273.91 26.20 38.70
-0.41 3.07 -0.44 -390.70 20.02 4.82
-0.45 3.09 -0.60 -500.27 6.70 -42.41
-0.54 2.94 -0.75 -500.27 -19.97 -107.66
-0.46 2.92 -1.02 -500.27 -54.73 -187.56
-0.36 2.68 -1.35 -500.27 -103.94 -267.47
-0.26 2.14 -1.67 -500.27 -158.05 -333.53
-0.15 1.66 -1.94 -500.27 -218.18 -391.80
0.05 1.01 -2.16 -500.27 -280.11 -431.94
0.55 0.39 -2.34 -500.27 -302.14 -420.73
0.83 -0.27 -2.28 -500.27 -301.37 -398.08
1.10 -0.39 -2.13 -500.27 -270.64 -366.44
1.22 -0.12 -2.02 -500.27 -215.28 -300.53
1.16 -0.01 -2.02 -500.27 -152.69 -195.56
0.84 -0.08 -1.93 -500.27 -94.61 -77.47
0.56 -0.20 -1.76 -500.27 -39.19 44.53
0.32 -0.54 -1.61 -500.27 2.00 145.57
0.07 -1.00 -1.37 -500.27 23.56 191.31
-0.07 -1.44 -1.13 -500.27 12.20 178.35
-0.04 -1.67 -0.96 -454.47 10.73 141.98
-0.02 -1.76 -0.70 -416.47 14.12 89.05
-0.11 -1.91 -0.32 -403.44 6.00 31.62
-0.09 -2.18 -0.15 -375.15 -5.74 -4.18
-0.10 -2.43 -0.08 -293.08 -18.67 -3.74
-0.17 -2.27 -0.11 -186.58 -24.90 12.20
-0.21 -1.83 -0.14 -105.47 -29.83 30.82
-0.18 -1.36 -0.34 -52.18 -36.70 53.27
-0.09 -1.08 -0.47 -31.47 -44.56 52.06
0.05 -1.02 -0.60 -28.38 -41.33 41.13
0.10 -1.01 -0.62 -32.72 -30.40 31.28
0.09 -1.12 -0.60 -40.32 -15.53 18.00
0.05 -1.26 -0.50 -42.72 -3.24 1.01
-0.03 -1.32 -0.42 -40.76 8.47 -10.37
-0.17 -1.34 -0.32 -33.10 11.19 -14.75
-0.25 -1.42 -0.23 -16.92 3.47 -18.67
-0.24 -1.43 -0.22 7.21 -3.27 -13.98
-0.17 -1.36 -0.27 31.44 -7.76 -8.35
-0.06 -1.18 -0.35 39.21 -5.69 -13.19
-0.07 -1.05 -0.35 34.17 -6.20 -18.05
-0.02 -1.02 -0.34 28.98 -1.25 -24.02
-0.04 -1.01 -0.34 29.56 2.05 -20.03
-0.07 -1.03 -0.29 34.47 4.35 -13.83
-0.08 -1.05 -0.22 43.88 4.92 -7.07
-0.11 -1.06 -0.19 52.40 2.85 -1.56
-0.07 -0.95 -0.23 46.43 4.09 -3.71
-0.04 -0.87 -0.21 28.31 7.51 -10.46
-0.05 -0.90 -0.19 17.59 5.13 -18.52
-0.04 -0.97 -0.17 15.57 6.82 -20.12
-0.04 -0.99 -0.15 16.32 9.30 -20.70
-0.11 -0.94 -0.14 13.47 6.49 -21.65
-0.10 -0.89 -0.15 10.08 4.58 -17.10
-0.11 -0.86 -0.16 8.18 3.05 -10.81
-0.13 -0.87 -0.13 7.45 -0.56 -4.44
-0.13 -0.89 -0.14 5.76 -4.67 1.18
-0.09 -0.95 -0.17 5.08 -6.29 5.08
-0.06 -1.00 -0.22 6.34 -6.03 6.31
-0.02 -1.00 -0.23 6.41 -2.87 5.37
-0.03 -0.97 -0.23 3.59 -0.24 3.22
