-0.11 -0.99 -0.04 -29.36 -14.70 11.97
-0.11 -0.97 -0.04 -30.84 -15.94 13.02
-0.12 -0.96 -0.03 -32.78 -19.30 17.91
-0.13 -0.98 -0.05 -33.16 -24.31 23.19
-0.14 -1.02 -0.06 -31.22 -29.77 32.38
-0.17 -1.14 -0.06 -24.41 -35.21 41.04
-0.24 -1.33 -0.03 -5.98 -41.91 54.37
-0.29 -1.58 -0.05 28.44 -45.53 74.35
-0.23 -1.84 -0.12 71.47 -41.63 88.20
-0.32 -2.08 -0.08 98.18 -44.26 74.12
-0.33 -2.69 -0.11 195.33 -60.64 72.69
-0.47 -3.30 -0.17 340.20 -65.62 96.78
-0.42 -3.47 -0.34 500.26 -70.92 140.66
-0.38 -3.17 -0.57 500.26 -63.08 179.34
-0.48 -3.05 -0.75 500.26 -76.92 213.31
-0.46 -2.90 -0.98 500.26 -95.40 224.18
-0.36 -2.75 -1.36 500.26 -126.72 228.35
-0.20 -2.62 -1.86 500.26 -160.67 222.63
0.00 -2.14 -2.36 500.26 -196.14 214.73
-0.07 -1.95 -2.70 500.26 -220.69 210.81
-0.08 -1.39 -2.93 500.26 -245.25 199.10
-0.01 -0.68 -2.90 500.26 -259.13 185.76
-0.08 -0.46 -2.77 500.26 -270.11 161.04
-0.15 -0.48 -2.63 500.26 -278.78 135.19
-0.28 -0.26 -2.27 500.26 -285.60 113.53
-0.45 -0.55 -2.12 500.26 -298.84 112.09
-0.57 -0.55 -2.08 500.26 -318.73 130.78
-0.45 -0.14 -2.23 500.26 -333.24 147.39
-0.20 0.45 -2.32 500.26 -325.80 123.02
0.06 1.10 -2.24 500.26 -307.94 84.52
0.41 1.21 -2.25 500.26 -274.43 48.64
0.81 1.45 -2.31 420.49 -225.97 -13.39
0.97 2.05 -2.10 329.94 -173.82 -64.37
1.12 2.71 -1.86 224.67 -129.50 -84.99
1.14 2.97 -1.67 128.95 -81.89 -76.79
1.21 3.00 -1.59 52.64 -33.07 -61.56
1.08 2.79 -1.40 6.38 23.59 -67.98
0.88 2.83 -1.04 -33.63 55.21 -91.57
0.55 2.97 -0.58 -86.29 64.87 -100.56
0.38 3.16 -0.27 -157.39 75.22 -126.64
0.29 3.22 -0.12 -242.24 83.28 -147.91
0.27 3.22 0.01 -325.40 91.68 -159.39
0.21 3.28 0.10 -413.40 102.50 -169.54
0.17 3.49 0.06 -500.27 109.08 -208.87
0.26 3.99 -0.12 -500.27 117.62 -284.84
0.27 4.00 -0.48 -500.27 106.90 -369.69
0.21 3.93 -1.00 -500.27 78.92 -466.85
0.09 3.07 -1.58 -500.27 18.61 -500.27
0.09 1.72 -2.14 -500.27 -52.09 -500.27
0.21 0.62 -2.25 -500.27 -114.56 -500.27
0.46 0.46 -2.25 -500.27 -170.76 -500.27
0.26 0.34 -2.41 -500.27 -225.66 -481.88
0.98 0.44 -2.79 -500.27 -220.37 -406.09
1.44 0.45 -2.77 -500.27 -192.29 -273.98
1.22 0.88 -2.44 -500.27 -195.34 -149.68
1.49 -0.21 -2.90 -500.27 -125.36 -114.58
0.76 -0.27 -2.33 -500.27 -38.73 -27.42
-0.30 -0.33 -1.70 -500.27 -31.91 1.36
-0.65 -0.46 -1.42 -500.27 -50.79 60.99
-0.81 -0.01 -1.23 -500.27 -79.50 88.87
-1.28 -2.15 -0.56 -457.95 -109.15 26.12
-0.90 -2.84 -0.54 -362.90 -140.37 19.91
-0.73 -2.78 -0.55 -234.29 -155.45 41.86
-0.45 -2.30 -0.76 -139.04 -138.40 33.83
-0.28 -1.45 -0.74 -110.18 -124.52 22.70
-0.09 -1.14 -0.74 -115.95 -94.78 12.02
-0.25 -1.15 -0.66 -152.53 -90.81 -10.53
-0.24 -1.44 -0.51 -161.82 -88.06 -21.19
-0.17 -2.25 -0.68 -126.29 -78.55 -22.58
0.14 -2.19 -0.70 -76.12 -57.07 -30.00
0.04 -2.03 -0.63 -26.24 -29.79 -27.05
0.11 -1.72 -0.60 6.26 -8.46 -21.56
0.03 -1.40 -0.54 24.03 1.05 -24.52
0.08 -1.23 -0.59 28.84 9.31 -27.59
0.07 -1.19 -0.56 32.70 21.42 -24.23
0.02 -1.26 -0.53 48.99 32.46 -14.76
-0.12 -1.18 -0.43 65.44 36.14 -5.10
-0.20 -1.04 -0.34 73.40 33.01 4.44
-0.24 -0.95 -0.29 71.10 28.76 9.79
-0.26 -0.91 -0.24 62.52 23.74 12.35
-0.24 -0.91 -0.25 55.21 18.47 7.83
-0.24 -0.92 -0.24 47.59 12.52 -0.92
-0.20 -0.91 -0.25 41.74 7.56 -8.61
-0.12 -0.91 -0.29 39.68 7.08 -10.29
-0.09 -0.88 -0.33 39.69 8.27 -10.66
-0.10 -0.85 -0.35 38.98 9.39 -10.73
-0.14 -0.78 -0.28 30.43 10.32 -13.83
-0.22 -0.82 -0.18 18.21 5.74 -15.86
-0.26 -0.91 -0.15 13.73 -1.59 -17.56
-0.31 -0.99 -0.10 10.85 -12.23 -19.73
-0.26 -0.99 -0.13 9.08 -19.69 -24.76
-0.19 -0.93 -0.16 6.81 -23.31 -26.66
-0.13 -0.87 -0.21 5.59 -23.79 -24.69
-0.09 -0.85 -0.24 6.44 -22.03 -19.27
-0.04 -0.85 -0.29 7.36 -18.08 -16.14
0.00 -0.83 -0.31 3.95 -9.45 -13.39
-0.02 -0.81 -0.31 -4.69 -0.35 -10.79
-0.07 -0.84 -0.28 -10.85 4.76 -7.39
-0.12 -0.93 -0.22 -9.74 6.40 -3.19
-0.16 -0.99 -0.21 -4.96 5.65 -0.18
