0.01 -1.03 -0.12 -25.92 -16.38 11.88
0.03 -1.06 -0.11 -25.51 -15.45 12.84
0.00 -1.15 -0.11 -22.64 -15.56 13.91
-0.02 -1.27 -0.08 -14.17 -20.63 15.28
0.07 -1.35 -0.09 -2.27 -20.03 20.84
0.15 -1.39 -0.12 10.43 -11.68 30.41
0.14 -1.41 -0.12 22.50 -3.82 37.59
0.12 -1.43 -0.10 35.79 0.67 42.53
0.08 -1.42 -0.11 48.05 3.91 47.92
-0.02 -1.44 -0.09 59.42 4.12 54.89
-0.16 -1.57 -0.05 76.08 -4.32 66.23
-0.15 -1.69 -0.02 100.73 -12.12 87.30
-0.07 -1.74 -0.04 129.05 -12.63 113.82
-0.01 -1.67 -0.08 153.88 -9.62 139.69
0.12 -1.48 -0.14 168.24 -3.53 156.99
0.28 -1.40 -0.19 177.88 13.95 165.31
0.23 -1.33 -0.15 185.65 30.89 161.80
-0.08 -1.13 -0.22 192.99 4.72 158.05
-0.17 -1.58 -0.00 226.82 31.91 177.04
-0.11 -1.65 0.01 267.82 28.06 194.41
-0.02 -1.43 -0.13 297.02 36.46 210.53
-0.08 -1.35 -0.14 320.05 38.21 215.28
-0.02 -1.07 -0.25 329.85 39.88 208.46
-0.03 -0.91 -0.23 328.84 44.69 205.63
-0.06 -0.85 -0.17 329.05 45.66 205.37
-0.01 -0.79 -0.17 330.24 51.50 206.79
0.08 -0.66 -0.21 329.74 72.64 216.44
0.01 -0.58 -0.15 328.58 89.66 225.95
-0.09 -0.69 -0.08 339.16 87.54 229.47
-0.14 -0.64 -0.09 353.48 86.64 237.98
-0.23 -0.74 -0.09 372.44 80.12 260.96
-0.12 -0.65 -0.13 390.85 74.00 270.64
0.04 -0.40 -0.23 392.44 73.53 263.98
0.16 -0.23 -0.25 384.44 86.24 250.90
0.14 -0.18 -0.24 380.32 94.24 220.43
0.06 -0.24 -0.23 384.70 101.28 194.03
-0.07 -0.27 -0.24 396.35 102.66 178.00
-0.03 -0.21 -0.32 409.69 109.53 169.76
-0.03 -0.12 -0.41 421.80 122.50 169.33
0.02 0.08 -0.50 427.16 134.90 164.05
0.08 0.30 -0.60 421.85 156.40 156.99
-0.08 0.50 -0.58 407.88 174.63 157.80
-0.24 0.52 -0.57 396.75 182.49 140.82
-0.31 0.44 -0.57 396.14 180.35 137.76
-0.27 0.49 -0.65 400.29 177.79 133.16
-0.23 0.72 -0.76 390.05 177.86 112.84
-0.35 1.00 -0.79 366.78 172.15 79.92
-0.52 1.13 -0.79 335.73 161.86 46.43
-0.72 1.05 -0.78 314.61 146.66 26.75
-0.86 1.06 -0.79 300.61 128.43 10.37
-0.94 1.28 -0.84 277.42 106.11 -17.74
-1.00 1.50 -0.87 243.85 82.79 -44.55
-0.97 1.66 -0.91 205.40 68.84 -53.19
-0.93 1.80 -0.92 163.60 62.40 -46.53
-0.93 1.78 -0.90 123.97 61.36 -35.79
-1.02 1.64 -0.88 90.34 58.14 -22.96
-1.19 1.49 -0.82 63.16 46.17 -20.60
-1.35 1.41 -0.78 39.08 23.21 -35.62
-1.37 1.36 -0.73 16.78 -4.66 -53.42
-1.35 1.34 -0.71 -2.46 -29.13 -64.78
-1.27 1.36 -0.68 -21.71 -46.27 -64.43
-1.17 1.38 -0.65 -42.58 -57.45 -61.86
-1.05 1.31 -0.62 -63.10 -63.89 -59.05
-1.00 1.20 -0.58 -78.66 -65.36 -53.28
-0.96 1.11 -0.56 -90.72 -64.18 -47.51
-0.97 1.06 -0.53 -102.70 -68.05 -52.78
-0.99 1.02 -0.51 -114.61 -74.29 -64.03
-1.03 1.02 -0.49 -127.94 -85.02 -79.08
-1.05 1.03 -0.47 -142.99 -99.39 -93.53
-1.03 1.04 -0.47 -159.31 -112.08 -100.31
-1.00 0.99 -0.49 -175.18 -121.69 -98.44
-1.00 1.03 -0.50 -195.59 -130.95 -105.02
-0.96 1.03 -0.50 -219.02 -144.23 -119.53
-0.91 1.03 -0.51 -242.53 -156.18 -135.31
-0.86 1.01 -0.54 -268.41 -166.89 -153.50
-0.78 0.96 -0.54 -295.66 -175.63 -177.22
-0.76 0.85 -0.54 -318.32 -185.42 -195.04
-0.72 0.73 -0.52 -336.87 -195.71 -208.85
-0.68 0.57 -0.51 -350.03 -204.99 -214.73
-0.68 0.28 -0.46 -350.18 -211.97 -204.09
-0.60 0.05 -0.42 -338.12 -203.42 -188.47
-0.58 0.06 -0.34 -331.85 -202.64 -192.67
-0.51 0.15 -0.29 -335.45 -208.58 -213.89
-0.42 0.20 -0.30 -343.34 -214.58 -236.21
-0.30 0.23 -0.31 -355.16 -220.37 -253.13
-0.07 0.21 -0.37 -369.83 -210.37 -250.12
0.12 0.16 -0.45 -384.43 -184.58 -243.19
0.13 0.16 -0.47 -400.50 -158.96 -227.71
0.07 0.08 -0.48 -415.68 -147.36 -219.62
-0.02 -0.04 -0.53 -427.85 -136.81 -205.27
-0.09 -0.27 -0.49 -432.44 -130.93 -195.71
-0.08 -0.47 -0.48 -430.37 -132.55 -206.05
0.01 -0.67 -0.46 -423.76 -131.56 -230.87
0.04 -0.77 -0.39 -410.89 -137.65 -257.98
0.31 -0.75 -0.46 -395.25 -126.81 -258.67
0.39 -0.65 -0.51 -382.63 -104.98 -231.50
0.47 -0.50 -0.63 -379.44 -64.89 -184.98
0.24 -0.48 -0.62 -385.27 -39.08 -142.40
0.00 -0.76 -0.55 -381.34 -35.92 -117.56
-0.10 -1.03 -0.45 -365.45 -49.54 -113.65
