-0.12 -1.19 -0.26 35.16 -4.41 19.73
-0.14 -1.16 -0.28 50.72 -6.52 24.18
-0.13 -1.18 -0.28 62.32 -8.24 30.23
-0.17 -1.31 -0.23 82.34 -11.95 38.17
-0.20 -1.39 -0.23 110.64 -15.31 51.40
-0.23 -1.49 -0.21 144.87 -19.28 70.40
-0.20 -1.50 -0.22 179.10 -22.18 83.74
-0.12 -1.52 -0.24 208.17 -23.65 89.31
-0.10 -1.46 -0.24 230.90 -24.73 90.27
-0.06 -1.35 -0.29 247.19 -23.69 88.70
-0.14 -1.26 -0.23 258.17 -25.07 90.72
-0.18 -1.22 -0.21 266.93 -28.08 93.47
-0.18 -1.20 -0.20 274.18 -29.34 97.15
-0.18 -1.29 -0.13 286.79 -30.23 101.94
-0.21 -1.36 -0.07 305.97 -31.60 106.90
-0.20 -1.35 -0.04 327.01 -33.45 109.15
-0.20 -1.24 -0.04 339.02 -36.78 102.96
-0.19 -1.17 -0.02 347.86 -38.44 99.40
-0.25 -1.16 -0.01 363.73 -36.64 113.40
-0.22 -1.11 0.02 375.82 -29.66 120.02
-0.32 -1.05 0.11 380.98 -41.42 108.18
-0.28 -1.07 0.10 388.90 -41.85 113.18
-0.31 -1.07 0.16 400.23 -46.61 115.91
-0.20 -1.11 0.14 418.14 -46.72 116.43
-0.18 -0.96 0.12 431.16 -46.56 111.83
-0.15 -0.82 0.12 436.02 -44.38 109.31
-0.10 -0.70 0.07 436.95 -33.86 114.79
-0.17 -0.57 0.13 428.92 -37.30 91.63
-0.18 -0.44 0.12 416.67 -34.67 84.37
-0.21 -0.33 0.17 403.54 -31.56 83.91
-0.21 -0.31 0.19 397.80 -32.20 76.67
-0.21 -0.34 0.24 402.29 -33.85 78.09
-0.14 -0.30 0.18 413.65 -30.02 76.53
-0.08 -0.15 0.12 412.40 -25.07 67.56
-0.05 -0.02 0.09 396.63 -17.71 47.33
-0.08 0.06 0.09 375.13 -11.22 18.79
-0.14 0.00 0.12 364.47 -5.48 1.56
-0.16 -0.11 0.15 377.07 5.82 14.89
-0.20 -0.09 0.11 401.56 8.56 6.58
-0.20 0.17 0.00 404.82 11.54 6.29
-0.15 0.31 -0.07 398.87 18.61 -2.18
-0.18 0.54 -0.11 373.16 17.92 -38.70
-0.20 0.60 -0.11 341.07 20.50 -62.64
-0.27 0.44 -0.06 331.27 26.00 -73.82
-0.27 0.42 -0.12 333.07 36.18 -79.68
-0.37 0.31 -0.08 341.04 39.01 -83.48
-0.38 0.42 -0.19 348.31 43.73 -99.47
-0.40 0.66 -0.26 337.94 45.45 -114.85
-0.37 0.96 -0.37 309.18 50.05 -134.29
-0.44 1.15 -0.39 266.32 54.82 -154.00
-0.58 1.06 -0.30 233.54 57.39 -160.56
-0.65 0.87 -0.23 224.70 58.35 -167.36
-0.59 0.87 -0.28 220.81 64.49 -172.26
-0.92 1.15 -0.26 203.51 61.27 -176.31
-0.87 1.32 -0.31 174.75 56.15 -174.38
-0.95 1.56 -0.23 146.49 49.62 -164.73
-1.00 1.52 -0.21 117.89 41.16 -151.34
-1.11 1.54 -0.15 85.69 24.47 -151.47
-1.25 1.55 -0.07 54.31 6.37 -147.89
-1.21 1.56 -0.03 30.00 -7.36 -127.31
-1.19 1.56 -0.03 11.04 -21.86 -115.51
-1.20 1.60 -0.06 -9.57 -35.95 -98.27
-1.14 1.59 -0.09 -34.79 -48.72 -84.81
-1.15 1.68 -0.12 -71.11 -64.64 -82.60
-1.12 1.63 -0.12 -106.72 -75.10 -76.12
-1.09 1.41 -0.08 -127.37 -83.65 -66.84
-1.07 1.21 -0.03 -132.85 -86.95 -51.62
-1.04 1.10 -0.01 -133.69 -87.71 -35.44
-0.95 1.04 -0.01 -135.25 -86.82 -21.88
-0.94 1.04 0.01 -141.63 -88.06 -18.09
-0.92 1.06 -0.00 -154.43 -90.15 -15.08
-0.92 1.06 0.02 -171.50 -91.24 -17.57
-0.92 1.03 0.04 -190.05 -94.75 -21.10
-0.90 1.07 0.05 -211.89 -98.82 -22.35
-0.92 1.08 0.10 -235.76 -104.31 -19.91
-0.88 0.86 0.14 -243.79 -108.69 -11.18
-0.93 0.75 0.17 -248.34 -113.77 -5.79
-0.88 0.68 0.16 -256.60 -118.93 -5.22
-0.84 0.63 0.16 -269.13 -125.37 -12.34
-0.77 0.54 0.13 -281.57 -129.91 -16.67
-0.77 0.49 0.17 -289.07 -136.58 -26.02
-0.72 0.41 0.21 -292.76 -140.50 -26.50
-0.73 0.43 0.20 -296.08 -145.18 -22.52
-0.56 0.40 0.17 -303.08 -141.97 -23.50
-0.59 0.45 0.15 -316.31 -145.83 -25.16
-0.44 0.48 0.15 -330.38 -139.19 -19.60
-0.47 0.28 0.09 -339.77 -139.74 -19.82
-0.43 0.25 0.06 -349.91 -138.79 -24.76
-0.41 0.08 0.06 -358.89 -133.34 -27.59
-0.42 -0.19 0.12 -352.99 -131.74 -34.27
-0.41 -0.38 0.17 -335.31 -129.39 -38.26
-0.36 -0.41 0.25 -316.24 -123.11 -41.76
-0.32 -0.40 0.27 -303.30 -120.98 -45.89
-0.26 -0.32 0.28 -294.60 -113.73 -40.21
-0.32 -0.18 0.30 -293.56 -114.73 -34.87
-0.35 -0.06 0.28 -301.30 -120.03 -26.03
-0.31 -0.03 0.19 -315.42 -125.18 -23.88
-0.20 -0.04 0.07 -332.64 -124.58 -24.50
-0.14 -0.21 -0.04 -349.25 -121.48 -30.46
-0.13 -0.39 0.00 -352.66 -114.17 -33.05
