-0.17 -1.04 -0.10 -30.90 -17.02 22.27
-0.16 -1.12 -0.05 -25.10 -21.42 33.89
-0.12 -1.19 -0.09 -16.58 -24.14 41.02
-0.07 -1.18 -0.10 -10.49 -24.99 49.44
-0.07 -1.22 -0.10 -2.93 -23.73 61.74
-0.09 -1.31 -0.09 7.65 -24.50 81.48
-0.15 -1.51 -0.07 25.82 -25.08 109.36
-0.12 -1.80 0.01 58.64 -28.47 142.64
-0.01 -2.30 0.04 144.98 -22.37 158.75
0.27 -1.78 -0.07 144.58 -3.51 153.18
0.33 -1.83 -0.17 167.57 19.79 143.28
0.19 -1.51 -0.17 181.25 36.12 145.11
0.09 -1.36 -0.14 192.93 48.34 162.61
-0.08 -1.23 -0.11 202.84 51.95 184.37
-0.28 -1.27 -0.04 213.27 45.94 210.61
-0.38 -1.47 0.00 237.47 32.78 234.02
-0.25 -1.54 0.04 264.73 24.73 262.78
-0.18 -1.58 -0.07 290.08 26.02 256.93
-0.08 -1.51 -0.10 312.15 24.34 234.20
0.03 -1.34 -0.22 331.97 33.85 222.38
0.03 -1.06 -0.26 346.31 47.57 227.50
-0.02 -0.80 -0.29 354.31 59.36 242.32
-0.07 -0.64 -0.26 357.94 65.63 255.98
-0.05 -0.58 -0.28 356.98 72.98 258.34
-0.17 -0.58 -0.23 352.35 74.75 240.66
-0.26 -0.62 -0.22 350.34 67.77 207.18
-0.34 -0.66 -0.18 357.57 59.51 185.30
-0.26 -0.54 -0.24 369.02 60.17 189.51
-0.13 -0.39 -0.31 380.23 70.75 199.74
-0.08 -0.10 -0.36 377.04 82.20 203.50
-0.09 0.05 -0.37 363.21 90.75 196.90
-0.11 0.16 -0.36 345.28 98.34 180.63
-0.20 0.16 -0.33 331.05 104.76 164.27
-0.36 0.10 -0.28 327.30 104.66 156.99
-0.40 0.03 -0.30 332.38 105.19 153.34
-0.35 0.11 -0.35 337.44 110.06 148.12
-0.38 0.22 -0.39 339.79 113.51 139.77
-0.38 0.37 -0.42 336.61 116.31 128.76
-0.43 0.60 -0.45 321.91 116.92 116.63
-0.53 0.79 -0.44 299.54 113.27 104.73
-0.59 0.90 -0.43 273.07 107.40 96.38
-0.61 0.86 -0.40 254.31 100.89 98.56
-0.53 0.73 -0.48 248.96 103.40 98.37
-0.55 0.76 -0.54 244.52 106.67 86.79
-0.64 0.85 -0.57 235.83 104.66 63.50
-0.71 0.99 -0.59 220.02 100.14 35.54
-0.79 1.12 -0.58 200.81 94.69 9.92
-0.90 1.33 -0.56 177.21 88.52 -4.89
-0.96 1.51 -0.55 147.45 82.61 -13.34
-1.02 1.60 -0.53 115.25 75.21 -18.96
-1.12 1.62 -0.48 84.73 63.50 -21.22
-1.20 1.54 -0.43 59.48 50.60 -21.08
-1.24 1.42 -0.41 42.99 37.82 -23.51
-1.25 1.43 -0.40 26.47 25.98 -29.88
-1.25 1.48 -0.40 6.66 14.26 -38.37
-1.27 1.45 -0.37 -12.49 2.17 -47.92
-1.27 1.48 -0.37 -33.40 -9.92 -57.89
-1.24 1.45 -0.37 -54.92 -21.53 -65.94
-1.24 1.42 -0.36 -75.31 -30.81 -68.81
-1.24 1.40 -0.34 -96.72 -41.94 -68.35
-1.24 1.31 -0.33 -117.88 -54.17 -69.98
-1.24 1.19 -0.32 -136.87 -68.75 -78.92
-1.20 1.10 -0.33 -155.51 -83.98 -93.86
-1.18 1.02 -0.34 -172.11 -99.18 -113.04
-1.13 0.96 -0.34 -187.02 -113.33 -128.52
-1.08 0.91 -0.32 -200.52 -125.28 -138.67
-1.01 0.84 -0.36 -214.50 -135.79 -151.76
-0.94 0.80 -0.38 -229.42 -142.23 -165.68
-0.87 0.77 -0.38 -247.01 -147.65 -180.18
-0.83 0.69 -0.37 -260.96 -151.88 -188.46
-0.82 0.54 -0.34 -268.44 -154.34 -189.33
-0.80 0.40 -0.30 -270.72 -156.72 -185.45
-0.82 0.29 -0.27 -271.83 -163.48 -189.47
-0.75 0.19 -0.24 -272.05 -170.41 -194.58
-0.66 0.08 -0.23 -265.34 -173.44 -195.74
-0.57 0.06 -0.23 -261.16 -169.92 -190.55
-0.53 0.03 -0.20 -257.83 -166.73 -188.55
-0.51 0.09 -0.19 -264.44 -167.60 -197.56
-0.45 0.10 -0.20 -277.85 -170.00 -210.64
-0.37 0.06 -0.20 -289.25 -170.00 -217.04
-0.30 -0.01 -0.21 -296.37 -165.39 -213.33
-0.24 -0.13 -0.22 -297.88 -157.63 -197.68
-0.19 -0.37 -0.20 -287.79 -145.83 -176.31
-0.17 -0.52 -0.16 -270.92 -134.14 -161.63
-0.15 -0.53 -0.13 -257.25 -125.02 -155.82
-0.17 -0.49 -0.10 -252.06 -120.81 -165.82
-0.16 -0.41 -0.11 -254.70 -122.17 -178.93
-0.09 -0.38 -0.13 -256.63 -119.33 -180.67
0.03 -0.36 -0.19 -257.24 -110.00 -172.05
0.17 -0.38 -0.24 -258.00 -91.85 -155.30
0.13 -0.47 -0.24 -254.63 -72.26 -136.89
0.06 -0.56 -0.21 -250.20 -59.36 -123.68
-0.03 -0.60 -0.19 -246.24 -54.85 -118.49
-0.02 -0.68 -0.17 -239.05 -50.98 -109.68
0.02 -0.70 -0.20 -231.33 -44.18 -102.61
0.03 -0.69 -0.22 -230.14 -38.31 -100.90
0.05 -0.83 -0.21 -226.60 -32.00 -98.06
-0.02 -1.06 -0.16 -211.88 -26.61 -89.82
-0.12 -1.29 -0.07 -186.69 -25.08 -73.59
-0.16 -1.40 -0.04 -155.79 -23.11 -53.66
