-0.09 -0.96 -0.06 -15.88 1.08 9.22
-0.10 -1.00 -0.05 -14.60 1.92 11.77
-0.14 -1.05 -0.03 -11.50 0.84 15.01
-0.15 -1.10 -0.03 -7.07 -1.21 19.05
-0.12 -1.12 -0.02 -2.87 -2.66 22.87
-0.10 -1.16 -0.03 2.23 -3.08 27.94
-0.06 -1.21 -0.04 8.75 -1.15 34.27
-0.03 -1.25 -0.03 17.76 2.31 41.54
-0.03 -1.26 -0.03 27.48 6.95 48.99
-0.08 -1.27 -0.01 36.79 10.00 54.49
-0.14 -1.28 -0.00 46.56 10.41 60.84
-0.30 -1.32 0.05 58.35 4.67 75.95
-0.34 -1.41 0.08 75.82 -3.15 98.17
-0.37 -1.47 0.10 96.53 -10.21 122.03
-0.41 -1.57 0.15 121.42 -21.04 141.92
-0.36 -1.55 0.13 144.73 -31.73 154.09
-0.21 -1.40 0.04 158.69 -34.46 156.98
-0.05 -1.22 -0.02 161.82 -28.46 148.85
-0.01 -1.09 -0.05 160.20 -16.56 144.56
-0.04 -1.08 -0.01 163.05 -2.09 149.82
-0.09 -1.10 0.04 172.95 9.13 157.24
-0.22 -1.11 0.05 184.27 15.36 164.26
-0.45 -1.30 0.19 206.79 6.15 176.31
-0.47 -1.36 0.17 239.62 -5.01 196.06
-0.44 -1.39 0.17 275.27 -12.47 220.17
-0.21 -1.19 0.05 300.78 -10.79 238.20
0.01 -0.88 -0.07 306.72 2.69 242.55
0.11 -0.65 -0.12 299.89 19.82 234.84
0.13 -0.57 -0.10 294.66 38.20 224.79
0.06 -0.45 -0.07 291.92 55.69 231.44
0.00 -0.56 -0.03 304.84 73.94 257.01
-0.30 -0.62 0.08 325.04 73.33 273.60
-0.43 -0.67 0.14 345.69 55.16 278.12
-0.25 -0.58 0.02 360.81 45.89 265.01
0.04 -0.34 -0.11 359.11 55.95 253.56
0.14 -0.13 -0.20 350.12 76.26 232.46
0.10 0.04 -0.21 335.94 96.17 212.84
-0.09 0.11 -0.19 328.58 110.93 200.75
-0.33 0.11 -0.13 328.99 114.99 198.63
-0.44 0.15 -0.13 337.04 114.03 212.52
-0.40 0.22 -0.15 345.51 116.31 230.40
-0.29 0.23 -0.22 355.62 120.03 231.47
-0.23 0.25 -0.27 355.56 126.38 211.04
-0.20 0.33 -0.33 351.80 132.79 182.20
-0.30 0.44 -0.37 342.90 135.68 162.43
-0.34 0.49 -0.40 336.17 134.55 156.11
-0.33 0.63 -0.46 329.19 136.05 157.74
-0.42 0.71 -0.47 320.00 134.11 154.75
-0.42 0.76 -0.50 316.84 130.40 162.18
-0.39 1.01 -0.59 304.90 129.82 159.98
-0.42 1.23 -0.62 273.77 126.06 138.87
-0.52 1.28 -0.61 235.62 113.21 102.60
-0.66 1.22 -0.58 198.90 93.62 61.39
-0.74 1.04 -0.56 172.55 71.13 26.79
-0.69 0.90 -0.60 160.03 57.04 0.84
-0.59 0.91 -0.64 153.19 54.15 -17.53
-0.51 0.97 -0.71 148.61 61.10 -24.18
-0.51 1.11 -0.75 144.34 73.80 -22.92
-0.62 1.39 -0.74 130.96 82.44 -13.48
-0.83 1.59 -0.70 107.01 80.64 -4.47
-0.97 1.66 -0.65 76.98 68.90 -1.33
-1.09 1.62 -0.60 45.68 49.97 -6.17
-1.13 1.42 -0.57 23.05 29.37 -17.80
-1.13 1.21 -0.55 12.70 9.85 -34.37
-1.06 1.17 -0.54 7.71 -3.88 -48.49
-0.94 1.24 -0.56 2.38 -9.21 -53.33
-0.90 1.35 -0.57 -7.44 -9.40 -52.00
-0.91 1.46 -0.55 -23.83 -11.56 -47.62
-0.93 1.51 -0.54 -44.78 -15.04 -40.60
-0.95 1.46 -0.52 -65.74 -21.39 -32.46
-0.94 1.37 -0.52 -85.86 -30.00 -29.25
-0.92 1.23 -0.52 -101.27 -38.14 -33.98
-0.93 1.04 -0.51 -109.74 -48.35 -48.31
-0.92 0.99 -0.50 -117.04 -59.31 -68.11
-0.88 1.01 -0.49 -125.39 -68.60 -85.16
-0.87 1.02 -0.47 -133.74 -75.68 -93.10
-0.85 1.00 -0.46 -142.38 -80.99 -95.95
-0.84 0.99 -0.44 -152.85 -86.18 -97.39
-0.82 0.96 -0.42 -163.36 -91.39 -99.60
-0.80 0.90 -0.41 -173.48 -95.83 -104.61
-0.76 0.85 -0.40 -184.50 -100.96 -114.20
-0.72 0.79 -0.39 -193.79 -103.39 -125.30
-0.68 0.75 -0.36 -201.95 -104.03 -133.34
-0.65 0.70 -0.34 -208.60 -102.69 -137.82
-0.64 0.62 -0.30 -211.62 -101.19 -136.09
-0.67 0.54 -0.27 -211.08 -99.50 -126.43
-0.65 0.47 -0.23 -208.46 -97.01 -114.89
-0.62 0.43 -0.22 -206.02 -94.61 -105.97
-0.56 0.39 -0.20 -205.16 -89.28 -99.51
-0.51 0.39 -0.19 -209.24 -83.21 -102.20
-0.43 0.36 -0.19 -218.70 -76.69 -118.66
-0.40 0.30 -0.15 -226.99 -71.19 -140.85
-0.48 0.23 -0.16 -231.92 -68.58 -157.36
-0.58 0.26 -0.14 -242.84 -74.15 -186.90
-0.64 0.27 -0.14 -258.95 -89.91 -226.08
-0.66 0.30 -0.14 -273.33 -106.32 -261.15
-0.64 0.31 -0.15 -284.69 -118.26 -274.73
-0.57 0.30 -0.17 -291.04 -121.19 -266.32
-0.50 0.32 -0.18 -299.25 -119.69 -246.44
-0.40 0.25 -0.21 -309.42 -115.39 -228.49
