-0.15 -0.92 -0.07 -3.92 6.58 2.92
-0.16 -0.90 -0.07 -7.33 6.64 3.59
-0.17 -0.89 -0.05 -12.15 6.43 3.82
-0.18 -0.91 -0.03 -18.34 4.18 2.50
-0.20 -0.92 -0.02 -24.61 1.51 0.78
-0.20 -0.94 -0.02 -28.79 -1.25 0.35
-0.25 -0.99 0.01 -31.30 -6.69 -0.55
-0.25 -1.00 0.00 -33.45 -11.16 -0.09
-0.32 -1.04 -0.00 -34.76 -15.42 1.44
-0.30 -0.99 -0.01 -37.05 -20.70 3.01
-0.30 -0.93 -0.05 -43.16 -25.71 12.78
-0.32 -0.88 -0.04 -47.08 -32.63 21.79
-0.34 -0.85 -0.06 -52.60 -37.01 35.30
-0.42 -0.90 -0.07 -53.50 -47.13 44.52
-0.57 -1.10 -0.08 -51.92 -68.27 40.46
-0.60 -1.53 -0.11 -37.65 -87.28 19.65
-0.74 -2.08 0.02 4.40 -110.32 1.18
-0.79 -2.79 0.06 91.68 -134.31 -19.39
-0.62 -3.00 -0.17 208.50 -145.73 -23.54
-0.42 -2.66 -0.38 304.09 -132.72 -13.11
-0.30 -2.51 -0.49 386.90 -113.47 -15.54
-0.16 -2.18 -0.59 456.14 -98.21 -7.30
0.03 -2.17 -0.71 500.26 -74.46 15.25
0.27 -2.24 -0.95 500.26 -47.27 42.06
0.45 -2.03 -1.14 500.26 -8.70 56.12
0.59 -2.08 -1.32 500.26 36.32 66.23
0.58 -2.10 -1.59 500.26 81.45 78.64
0.36 -2.70 -1.81 500.26 104.90 81.89
0.20 -1.70 -2.16 500.26 115.94 103.01
0.10 -0.97 -2.46 500.26 111.50 105.80
0.06 -0.23 -2.50 500.26 101.15 104.43
-0.27 -0.08 -2.18 500.26 70.99 104.84
-0.57 -0.00 -1.84 500.26 31.65 104.41
-0.62 0.19 -1.75 500.26 -7.74 109.47
-0.63 0.35 -1.69 500.26 -42.03 130.15
-0.46 0.77 -1.71 500.26 -67.24 158.89
-0.30 1.09 -1.64 500.26 -84.76 181.30
-0.25 1.30 -1.55 500.26 -103.73 194.76
-0.03 1.77 -1.54 500.26 -112.93 177.27
0.23 1.91 -1.57 500.26 -115.59 148.69
0.47 2.02 -1.63 431.13 -101.02 121.10
0.76 1.93 -1.70 352.76 -70.56 100.50
0.86 2.39 -1.68 255.91 -28.90 79.39
0.79 2.52 -1.49 136.67 4.82 45.40
0.67 2.14 -1.25 41.30 28.72 3.94
0.81 1.88 -1.18 -11.47 61.77 -21.85
0.75 1.89 -1.05 -43.86 98.66 -40.70
0.53 2.13 -0.80 -87.11 126.76 -59.34
0.32 2.45 -0.54 -148.29 140.64 -73.56
0.17 2.54 -0.26 -219.44 149.98 -86.64
-0.06 2.27 0.04 -262.31 144.81 -67.89
-0.13 2.18 0.16 -302.75 132.63 -82.18
-0.19 2.28 0.26 -382.29 119.92 -112.43
-0.27 2.23 0.29 -472.72 101.18 -138.99
-0.28 2.08 0.19 -500.27 87.25 -182.15
-0.27 2.46 -0.01 -500.27 71.85 -262.47
-0.07 2.88 -0.49 -500.27 50.76 -373.19
-0.11 3.07 -0.93 -500.27 20.40 -490.60
-0.24 2.27 -1.35 -500.27 -54.35 -500.27
-0.02 1.30 -1.73 -500.27 -122.05 -500.27
-0.03 0.72 -1.83 -500.27 -192.05 -500.27
0.27 0.55 -2.08 -500.27 -240.29 -500.27
0.79 0.40 -2.44 -500.27 -242.11 -427.69
1.17 0.17 -2.60 -500.27 -208.66 -319.92
1.39 -0.19 -2.67 -500.27 -138.53 -203.50
1.51 -1.19 -2.79 -500.27 -35.47 -115.66
0.64 -1.68 -2.21 -500.27 53.48 -19.05
-0.45 -1.35 -1.20 -500.27 75.89 24.92
-1.08 -1.41 -0.63 -478.31 48.81 44.06
-1.51 -1.54 -0.12 -421.18 -22.35 29.10
-1.54 -2.10 0.25 -367.92 -101.07 -2.27
-0.85 -2.21 -0.34 -301.71 -146.92 -38.43
-0.23 -2.03 -0.86 -228.43 -122.26 -34.69
-0.09 -1.71 -0.87 -155.37 -90.90 -18.85
-0.14 -1.32 -0.79 -99.68 -68.38 1.10
-0.09 -1.22 -0.75 -64.61 -52.76 19.36
0.06 -1.18 -0.84 -48.76 -40.63 13.13
-0.06 -1.19 -0.62 -66.98 -25.31 -9.98
0.00 -1.34 -0.58 -54.40 -12.79 -29.13
-0.06 -1.24 -0.52 -39.24 -18.46 -40.03
0.08 -1.19 -0.59 -30.53 -9.76 -42.40
0.06 -1.10 -0.56 -17.71 3.13 -34.08
0.04 -1.09 -0.53 -4.56 14.26 -20.43
0.04 -1.17 -0.48 11.54 22.61 -9.94
0.06 -1.25 -0.47 30.58 31.80 -1.27
0.01 -1.27 -0.43 51.22 40.73 6.46
-0.07 -1.27 -0.37 71.62 46.31 9.82
-0.10 -1.18 -0.31 84.70 49.01 8.58
-0.20 -1.07 -0.26 91.31 48.02 10.15
-0.23 -0.99 -0.20 97.25 43.94 13.45
-0.31 -0.93 -0.12 99.48 36.23 17.15
-0.33 -0.85 -0.09 98.00 27.62 20.34
-0.32 -0.74 -0.06 88.78 20.99 23.94
-0.32 -0.72 -0.03 74.73 14.20 24.58
-0.31 -0.78 -0.04 59.80 6.92 17.15
-0.24 -0.87 -0.08 47.34 6.50 7.47
-0.21 -0.92 -0.12 37.59 9.71 -4.09
-0.24 -0.92 -0.10 28.27 12.40 -13.73
-0.30 -0.93 -0.05 24.27 11.59 -16.05
-0.32 -0.94 -0.02 22.47 6.87 -13.44
