0.14 -1.15 -0.03 19.60 -1.92 3.01
0.16 -1.20 -0.03 26.70 -2.73 1.76
0.16 -1.25 -0.03 35.88 -4.30 0.48
0.16 -1.29 -0.04 48.96 -5.37 1.54
0.14 -1.33 -0.04 65.34 -8.18 3.20
0.14 -1.37 -0.06 83.78 -11.29 5.60
0.11 -1.45 -0.08 105.85 -14.99 8.15
0.11 -1.56 -0.09 133.89 -20.09 14.37
0.12 -1.69 -0.13 172.04 -23.14 25.79
0.10 -1.80 -0.18 213.94 -26.60 35.13
0.14 -1.83 -0.27 249.95 -24.94 34.81
0.18 -1.79 -0.36 250.13 -21.50 25.98
0.19 -1.91 -0.44 250.13 -17.11 14.86
0.18 -2.00 -0.51 250.13 -13.05 3.47
0.17 -2.00 -0.62 250.13 -7.41 -1.81
0.12 -2.00 -0.75 250.13 -3.11 0.73
0.07 -2.00 -0.93 250.13 0.02 20.65
0.08 -2.00 -1.15 250.13 2.24 47.53
0.14 -2.00 -1.39 250.13 6.79 74.19
0.13 -1.94 -1.55 250.13 11.68 80.60
0.07 -1.88 -1.68 250.13 12.91 78.76
-0.05 -1.85 -1.74 250.13 12.20 62.60
-0.09 -1.73 -1.92 250.13 8.18 49.18
-0.08 -1.50 -2.00 250.13 8.58 48.98
-0.08 -1.19 -2.00 250.13 9.97 55.55
-0.09 -0.81 -2.00 250.13 8.72 62.10
-0.13 -0.39 -2.00 250.13 2.45 39.76
-0.19 0.02 -2.00 250.13 -5.04 1.67
-0.11 0.63 -2.00 250.13 1.47 -63.71
-0.10 1.13 -2.00 250.13 -2.66 -123.88
-0.16 1.39 -2.00 250.13 7.81 -174.24
-0.29 1.97 -1.77 250.13 9.47 -216.42
-0.39 2.00 -1.58 250.13 13.02 -230.20
-0.50 2.00 -1.36 250.13 17.61 -223.15
-0.20 2.00 -1.48 250.13 33.79 -201.75
-0.55 2.00 -1.23 250.13 29.75 -175.89
-0.66 2.00 -1.15 202.08 27.32 -169.21
-0.72 2.00 -1.00 131.59 23.05 -159.08
-0.66 2.00 -0.86 61.78 21.35 -130.20
-0.64 2.00 -0.73 -11.54 16.43 -100.40
-0.57 2.00 -0.62 -87.85 8.69 -85.61
-0.46 2.00 -0.50 -154.15 3.06 -80.24
-0.41 2.00 -0.36 -203.48 -3.53 -75.33
-0.34 2.00 -0.21 -244.34 -7.47 -68.47
-0.27 2.00 -0.09 -250.14 -12.95 -57.32
-0.26 2.00 -0.00 -250.14 -18.28 -46.69
-0.28 2.00 0.06 -250.14 -20.63 -33.83
-0.39 2.00 0.12 -250.14 -26.31 -25.15
-0.58 2.00 0.13 -250.14 -39.50 -25.13
-0.84 2.00 0.13 -250.14 -64.70 -34.03
-0.98 2.00 0.05 -250.14 -97.76 -48.00
-1.05 1.82 -0.04 -250.14 -136.22 -62.39
-0.95 1.63 -0.22 -250.14 -171.97 -67.54
-0.91 1.43 -0.36 -250.14 -204.05 -62.21
-0.86 1.30 -0.58 -250.14 -234.26 -55.44
-0.79 1.26 -0.84 -250.14 -250.14 -54.64
-0.75 1.22 -1.11 -250.14 -250.14 -63.34
-0.61 1.13 -1.48 -250.14 -250.14 -71.82
-0.44 1.01 -1.87 -250.14 -250.14 -88.44
-0.17 0.84 -2.00 -250.14 -250.14 -108.18
0.16 0.59 -2.00 -250.14 -250.14 -110.92
0.43 0.08 -2.00 -250.14 -250.14 -79.15
0.87 -0.60 -2.00 -250.14 -250.14 -22.02
1.24 -0.99 -2.00 -250.14 -221.58 46.31
1.20 -1.30 -2.00 -250.14 -152.55 86.12
0.77 -1.26 -1.85 -250.14 -110.76 75.64
0.44 -1.35 -1.45 -250.14 -93.62 38.73
0.34 -1.63 -1.23 -250.14 -88.18 8.48
0.31 -1.77 -1.10 -250.14 -77.56 6.75
0.17 -1.75 -1.01 -250.14 -67.56 29.25
0.03 -1.64 -0.92 -217.85 -63.05 55.90
0.13 -1.55 -0.92 -175.66 -58.11 75.71
0.33 -1.49 -0.94 -150.91 -41.56 85.16
0.34 -1.63 -0.85 -132.21 -21.92 83.13
0.19 -1.86 -0.68 -113.91 -9.15 67.09
0.18 -2.00 -0.56 -90.08 -1.92 45.08
0.25 -2.00 -0.53 -53.66 4.96 29.85
0.29 -2.00 -0.46 -15.04 12.85 21.47
0.26 -1.64 -0.42 1.74 24.21 17.27
0.18 -1.33 -0.34 6.73 27.54 16.95
0.11 -1.18 -0.24 3.71 29.46 21.15
0.09 -1.17 -0.16 -0.92 27.77 23.23
0.26 -1.36 -0.31 4.27 32.58 29.54
0.05 -1.43 -0.08 13.44 29.17 28.40
0.03 -1.34 -0.01 18.01 23.44 11.04
0.10 -1.27 -0.05 14.23 22.85 -4.38
0.06 -1.22 -0.03 15.09 21.31 -10.67
0.03 -1.15 -0.02 17.87 19.37 -7.74
0.01 -1.05 -0.00 18.38 13.94 -2.44
0.05 -0.99 -0.03 14.45 11.45 2.85
0.06 -0.96 -0.03 7.36 9.42 5.82
0.09 -1.03 -0.05 3.31 8.26 7.08
0.09 -1.08 -0.04 2.85 6.54 5.17
0.12 -1.10 -0.06 2.86 5.10 -0.70
0.14 -1.11 -0.07 3.59 4.63 -7.55
0.15 -1.11 -0.09 7.38 5.35 -9.59
0.15 -1.07 -0.11 11.18 5.76 -8.93
0.08 -0.91 -0.12 8.99 4.60 -6.57
0.09 -0.85 -0.11 1.73 2.27 -0.50
0.15 -0.92 -0.12 -2.81 2.09 3.96
