0.01 -1.17 -0.13 -12.41 -2.44 -31.02
0.06 -1.32 -0.13 4.18 -4.00 -37.42
0.03 -1.42 -0.09 32.67 -9.02 -34.41
-0.01 -1.60 -0.11 80.53 -14.15 -34.58
0.00 -1.57 -0.14 130.05 -22.73 -28.75
-0.04 -1.81 -0.10 189.45 -30.17 -31.71
0.02 -2.09 -0.12 274.52 -37.56 -16.89
-0.08 -2.42 -0.15 388.89 -51.36 -3.10
-0.10 -2.77 -0.33 500.26 -76.61 20.15
0.02 -2.88 -0.75 500.26 -79.51 44.72
0.07 -3.05 -1.05 500.26 -70.87 76.55
0.34 -3.03 -1.64 500.26 -43.13 103.77
0.46 -2.81 -2.13 500.26 5.42 143.16
0.70 -2.12 -2.71 500.26 50.56 160.11
0.83 -1.27 -3.09 500.26 91.88 160.43
0.88 -0.50 -3.08 500.26 130.20 125.51
0.63 0.11 -2.60 500.26 141.42 64.84
0.25 0.23 -2.01 500.26 134.95 23.85
0.04 -0.02 -1.71 500.26 129.53 18.08
0.06 0.03 -1.63 500.26 134.82 34.29
0.24 0.15 -1.93 500.26 160.76 47.07
-0.00 0.56 -2.04 500.26 165.19 59.33
-0.28 1.50 -1.93 500.26 150.15 1.69
-0.59 2.42 -1.63 500.26 110.26 -48.75
-0.84 2.74 -1.30 500.26 62.38 -86.96
-0.88 2.86 -1.21 422.03 26.66 -101.05
-0.68 3.14 -1.23 319.40 13.36 -82.47
-0.48 3.55 -1.09 201.50 16.90 -51.86
-0.43 3.23 -0.82 98.93 19.37 -21.39
-0.49 2.40 -0.52 46.92 16.32 3.79
-0.43 1.73 -0.28 33.76 23.82 19.31
-0.36 1.40 -0.05 37.77 31.44 25.57
-0.23 1.44 0.10 37.65 38.23 22.93
-0.23 1.63 0.28 20.37 38.27 21.33
-0.24 1.72 0.37 -3.73 34.20 21.01
-0.24 1.75 0.36 -25.24 29.15 34.27
-0.18 1.86 0.31 -55.11 32.95 40.53
-0.20 1.91 0.26 -93.80 36.76 44.63
-0.22 1.90 0.23 -129.34 39.05 58.66
-0.24 1.85 0.13 -165.04 43.57 57.92
-0.21 2.09 -0.03 -222.78 50.70 42.29
-0.21 2.13 -0.17 -299.36 59.65 23.39
-0.21 2.01 -0.24 -371.13 72.02 2.44
-0.33 1.90 -0.26 -438.58 71.85 -34.00
-0.42 2.10 -0.28 -500.27 61.18 -92.49
-0.51 2.19 -0.35 -500.27 37.11 -153.07
-0.59 2.03 -0.46 -500.27 -6.82 -220.56
-0.54 1.79 -0.61 -500.27 -57.95 -275.97
-0.42 1.24 -0.80 -500.27 -112.20 -330.87
-0.25 0.91 -1.01 -500.27 -165.56 -385.89
0.02 0.58 -1.25 -500.27 -207.28 -430.92
0.25 0.15 -1.36 -500.27 -237.79 -452.81
0.55 -0.13 -1.45 -500.27 -240.66 -430.20
0.84 -0.26 -1.51 -500.27 -205.91 -381.34
0.87 -0.11 -1.47 -500.27 -154.84 -325.50
0.68 -0.08 -1.41 -500.27 -127.63 -255.62
0.57 -0.19 -1.46 -500.27 -109.54 -163.33
0.51 -0.69 -1.35 -500.27 -98.96 -71.85
0.39 -1.31 -1.19 -500.27 -103.08 -11.37
0.39 -1.69 -0.99 -500.27 -83.54 40.17
0.29 -1.96 -0.65 -393.63 -48.76 44.47
0.09 -2.01 -0.26 -321.47 -34.90 23.51
-0.07 -1.92 0.00 -286.90 -39.57 7.22
-0.09 -1.92 0.08 -254.55 -55.37 -12.95
-0.07 -1.88 0.02 -208.15 -70.52 -16.60
0.01 -1.79 -0.10 -149.57 -72.00 -4.70
-0.00 -1.61 -0.21 -94.50 -66.31 8.20
0.07 -1.33 -0.29 -60.49 -59.45 21.74
0.12 -1.17 -0.40 -45.21 -52.05 21.66
0.21 -1.15 -0.48 -37.27 -37.22 16.50
0.18 -1.15 -0.44 -33.31 -22.73 9.21
0.15 -1.21 -0.36 -30.21 -10.52 3.60
0.12 -1.21 -0.33 -29.11 1.10 -5.44
0.06 -1.18 -0.28 -31.42 8.78 -17.44
-0.03 -1.20 -0.19 -29.44 10.61 -18.87
-0.07 -1.26 -0.15 -14.40 10.53 -13.50
-0.11 -1.25 -0.11 0.44 7.16 -8.89
-0.08 -1.17 -0.10 10.29 1.92 -5.95
-0.06 -1.15 -0.13 20.05 -2.73 -3.01
0.00 -1.04 -0.16 24.29 -2.95 -3.28
0.01 -0.99 -0.16 23.05 -2.70 -0.43
0.05 -0.96 -0.19 22.24 0.35 0.96
0.05 -0.91 -0.20 16.08 4.44 -0.47
0.01 -0.90 -0.15 8.78 4.87 0.02
0.03 -0.94 -0.14 5.71 6.20 1.34
0.03 -0.96 -0.13 5.24 8.09 4.27
0.02 -0.98 -0.10 6.81 8.60 6.02
-0.01 -1.00 -0.08 10.27 7.63 7.65
-0.02 -0.99 -0.07 10.75 5.21 6.24
-0.02 -0.98 -0.06 9.74 1.85 3.97
-0.02 -0.94 -0.09 6.43 0.52 4.03
-0.02 -0.93 -0.11 2.58 -0.41 5.40
-0.02 -0.92 -0.12 -1.47 0.08 5.89
-0.01 -0.89 -0.12 -10.55 0.34 3.71
-0.03 -0.93 -0.13 -18.31 -0.49 4.24
-0.03 -0.99 -0.12 -19.36 0.03 6.61
-0.04 -1.06 -0.12 -13.25 -1.74 8.38
-0.02 -1.08 -0.14 -9.91 -1.79 5.71
-0.00 -1.08 -0.16 -10.12 -1.15 2.21
-0.00 -1.09 -0.16 -7.65 -0.02 0.03
