-0.15 -0.91 0.00 -13.33 -1.98 -0.40
-0.16 -0.92 0.01 -13.69 -2.44 2.00
-0.16 -0.94 0.01 -14.11 -3.24 3.50
-0.14 -0.94 0.02 -14.66 -3.57 4.70
-0.14 -0.95 0.00 -14.90 -3.95 4.76
-0.15 -0.95 0.01 -16.34 -4.50 4.40
-0.15 -0.97 0.02 -17.13 -6.43 4.67
-0.15 -0.99 0.02 -17.25 -8.31 6.05
-0.14 -1.02 0.02 -16.35 -9.79 8.44
-0.13 -1.04 0.02 -15.22 -11.16 9.05
-0.12 -1.08 0.02 -12.47 -12.49 9.86
-0.09 -1.12 0.02 -7.91 -13.76 11.68
-0.07 -1.15 0.02 -1.98 -13.30 15.69
-0.10 -1.18 0.03 5.27 -15.02 20.78
-0.08 -1.22 0.02 13.80 -18.46 27.30
-0.03 -1.20 0.01 22.52 -17.18 36.90
0.03 -1.18 -0.02 30.52 -12.99 45.73
0.05 -1.12 -0.04 34.96 -5.31 54.66
0.00 -1.12 -0.02 39.25 1.39 61.08
-0.07 -1.12 0.00 43.82 2.81 62.63
-0.11 -1.11 0.02 47.83 3.54 63.73
-0.23 -1.19 0.05 55.85 0.73 67.69
-0.34 -1.29 0.13 70.05 -8.43 74.85
-0.42 -1.38 0.17 90.02 -20.81 83.77
-0.35 -1.40 0.16 111.47 -30.46 95.69
-0.23 -1.33 0.08 130.12 -30.66 108.21
-0.16 -1.20 0.03 143.30 -22.61 124.31
-0.23 -1.12 0.03 156.24 -11.79 159.30
-0.31 -1.13 0.06 174.52 -1.05 210.82
-0.37 -1.15 0.11 196.03 6.21 258.55
-0.40 -1.16 0.17 215.37 7.97 287.21
-0.38 -1.14 0.20 230.06 2.35 296.69
-0.29 -1.11 0.17 242.00 -1.15 289.53
-0.33 -1.09 0.19 254.20 -6.18 277.08
-0.47 -1.09 0.28 267.11 -18.23 264.29
-0.55 -1.03 0.27 283.36 -32.20 264.08
-0.48 -0.98 0.22 301.05 -37.98 275.02
-0.40 -0.84 0.17 316.23 -36.70 293.34
-0.26 -0.71 0.12 327.73 -30.15 313.79
-0.14 -0.60 0.09 335.33 -16.49 327.89
-0.08 -0.50 0.09 338.49 -1.47 331.21
-0.12 -0.46 0.14 340.73 6.43 326.06
-0.12 -0.43 0.13 343.66 9.33 308.35
-0.18 -0.39 0.16 346.15 7.89 281.60
-0.27 -0.30 0.15 350.58 2.90 263.31
-0.14 -0.31 0.09 364.03 8.40 268.32
-0.09 -0.26 0.05 382.53 20.24 271.73
0.00 -0.07 -0.03 392.95 29.33 264.24
0.14 0.17 -0.16 390.78 41.91 247.47
0.21 0.36 -0.24 377.68 60.46 224.12
0.11 0.47 -0.23 360.66 74.73 200.67
-0.07 0.38 -0.15 351.66 79.24 183.40
-0.13 0.28 -0.14 355.95 79.48 172.17
-0.11 0.23 -0.19 369.83 84.29 166.15
-0.06 0.34 -0.30 381.62 92.34 161.47
-0.00 0.53 -0.44 384.73 103.85 162.35
0.09 0.73 -0.55 379.65 118.70 159.30
0.07 0.92 -0.62 363.02 130.95 144.96
-0.10 0.99 -0.63 341.37 133.73 124.12
-0.34 0.88 -0.59 327.33 125.98 105.59
-0.39 0.79 -0.58 324.03 113.13 88.95
-0.34 0.97 -0.70 313.04 102.96 60.67
-0.37 1.25 -0.79 283.74 92.73 26.43
-0.46 1.42 -0.81 245.66 79.69 0.44
-0.52 1.47 -0.79 210.03 67.54 -14.29
-0.60 1.49 -0.77 178.00 52.78 -25.66
-0.61 1.51 -0.77 146.20 37.33 -37.82
-0.61 1.48 -0.77 115.18 23.24 -51.01
-0.67 1.36 -0.75 92.21 9.28 -60.24
-0.63 1.24 -0.73 81.05 -0.72 -58.82
-0.53 1.27 -0.75 71.73 -4.26 -56.26
-0.46 1.33 -0.79 58.67 -2.00 -51.63
-0.44 1.36 -0.81 42.98 2.66 -48.70
-0.45 1.36 -0.77 27.92 6.92 -44.18
-0.50 1.36 -0.76 12.76 9.07 -40.15
-0.57 1.34 -0.73 -4.17 5.33 -45.07
-0.59 1.36 -0.71 -25.91 -2.58 -60.67
-0.60 1.32 -0.71 -48.31 -11.30 -80.21
-0.62 1.27 -0.68 -66.50 -19.07 -96.05
-0.65 1.20 -0.66 -78.89 -24.85 -103.86
-0.66 1.19 -0.63 -89.22 -29.91 -106.61
-0.68 1.22 -0.60 -101.16 -35.18 -109.97
-0.72 1.19 -0.57 -115.11 -42.06 -114.32
-0.74 1.16 -0.54 -128.40 -48.93 -119.68
-0.75 1.15 -0.54 -141.91 -57.79 -127.27
-0.78 1.14 -0.53 -158.58 -67.21 -135.66
-0.81 1.13 -0.51 -177.07 -79.02 -147.80
-0.85 1.13 -0.48 -195.97 -92.15 -162.35
-0.91 1.06 -0.43 -213.05 -108.35 -176.95
-0.92 1.01 -0.40 -227.25 -126.31 -190.92
-0.92 0.96 -0.36 -238.20 -141.47 -199.40
-0.90 0.92 -0.35 -248.72 -156.43 -205.40
-0.87 0.88 -0.34 -259.10 -169.50 -209.86
-0.87 0.83 -0.31 -270.53 -182.60 -218.17
-0.83 0.79 -0.32 -282.34 -194.93 -226.53
-0.77 0.67 -0.32 -290.06 -204.60 -228.98
-0.66 0.57 -0.33 -293.48 -205.71 -223.15
-0.58 0.57 -0.33 -300.47 -198.79 -218.14
-0.54 0.53 -0.31 -308.02 -195.07 -214.38
-0.47 0.43 -0.29 -309.69 -190.31 -211.13
