-0.03 -1.03 -0.11 13.05 -1.57 -0.73
-0.03 -1.06 -0.11 19.10 -4.00 1.31
-0.07 -1.11 -0.04 29.53 -8.37 2.05
-0.09 -1.20 -0.02 47.91 -15.04 4.43
-0.16 -1.25 0.07 66.26 -26.18 4.06
-0.17 -1.33 0.08 92.50 -39.63 10.64
-0.21 -1.28 0.09 115.69 -53.04 22.00
-0.17 -1.33 0.10 141.56 -63.62 17.24
-0.16 -1.29 0.04 164.95 -75.68 24.27
-0.20 -1.35 0.07 191.21 -88.98 28.67
-0.23 -1.53 0.12 224.92 -107.54 28.93
-0.16 -1.79 0.08 276.46 -126.99 26.38
-0.06 -1.94 -0.05 339.08 -136.35 28.49
-0.01 -2.02 -0.17 404.12 -138.81 26.61
-0.03 -2.21 -0.19 472.70 -144.85 13.33
-0.04 -2.53 -0.26 500.26 -148.81 -3.05
0.04 -2.72 -0.43 500.26 -140.00 -6.23
0.17 -2.60 -0.82 500.26 -114.31 18.55
0.12 -2.43 -0.96 500.26 -91.08 35.56
0.11 -2.26 -1.29 500.26 -72.34 48.32
0.12 -1.91 -1.56 500.26 -57.51 63.28
0.39 -1.40 -2.12 500.26 -27.13 55.22
0.40 -0.79 -2.28 500.26 -1.30 32.96
0.49 -0.30 -2.32 500.26 26.40 -28.21
0.24 0.10 -2.01 500.26 38.67 -94.93
0.06 0.06 -1.73 500.26 52.43 -120.60
-0.02 -0.12 -1.62 500.26 78.58 -133.68
-0.11 0.04 -1.67 500.26 103.01 -132.18
-0.15 0.52 -1.73 500.26 118.03 -122.85
-0.24 1.27 -1.67 500.26 119.88 -117.36
-0.34 1.90 -1.42 500.26 107.79 -126.66
-0.55 2.16 -1.15 499.01 86.29 -134.38
-0.74 2.12 -0.95 408.53 66.64 -122.89
-0.85 2.16 -0.83 339.57 47.39 -101.83
-0.87 2.40 -0.81 267.39 28.46 -95.36
-0.77 2.70 -0.78 172.87 11.18 -87.44
-0.53 2.64 -0.69 90.21 4.85 -81.79
-0.34 2.30 -0.60 46.27 16.34 -64.34
-0.28 2.10 -0.43 27.51 35.86 -39.21
-0.25 2.08 -0.23 10.90 52.70 -19.71
-0.26 2.09 -0.06 -11.27 62.38 -8.84
-0.35 2.08 0.11 -40.56 63.02 -6.82
-0.42 2.01 0.26 -71.69 57.27 -6.99
-0.47 1.91 0.32 -99.88 50.15 -11.05
-0.46 2.10 0.24 -142.58 45.73 -24.09
-0.49 2.35 0.16 -209.77 42.06 -30.89
-0.52 2.47 0.05 -291.71 35.83 -38.53
-0.55 2.51 -0.04 -375.63 24.87 -55.21
-0.65 2.63 -0.16 -472.92 7.63 -80.21
-0.83 2.94 -0.26 -500.27 -23.18 -120.66
-1.07 3.22 -0.47 -500.27 -76.55 -186.55
-1.22 3.05 -0.71 -500.27 -163.74 -275.07
-1.16 2.72 -1.10 -500.27 -265.48 -358.46
-0.81 1.76 -1.60 -500.27 -362.84 -437.74
-0.37 1.01 -1.97 -500.27 -447.11 -500.27
0.26 0.48 -2.35 -500.27 -485.10 -500.27
0.88 0.04 -2.45 -500.27 -454.23 -443.53
1.21 -0.19 -2.49 -500.27 -376.17 -372.60
1.32 -0.23 -2.28 -500.27 -299.40 -284.73
1.28 -0.66 -2.11 -500.27 -234.72 -189.18
1.16 -1.12 -1.75 -500.27 -169.45 -61.31
0.91 -1.44 -1.38 -500.27 -94.75 67.25
0.45 -1.67 -0.90 -424.85 -47.88 143.15
0.05 -1.65 -0.43 -312.64 -39.73 158.75
-0.16 -1.52 -0.16 -258.06 -37.54 137.74
-0.22 -1.20 -0.07 -277.83 -45.40 96.29
-0.09 -1.28 -0.04 -315.13 -64.79 34.76
0.20 -1.64 -0.17 -307.65 -82.06 -11.54
0.35 -1.88 -0.30 -249.10 -71.85 -24.43
0.34 -1.83 -0.31 -162.73 -47.74 -5.50
0.18 -1.49 -0.29 -91.85 -32.15 11.89
0.09 -1.15 -0.29 -52.47 -31.51 23.16
0.09 -0.95 -0.35 -36.31 -34.81 23.21
0.17 -0.89 -0.44 -35.40 -30.58 19.15
0.21 -0.88 -0.45 -41.37 -21.97 12.93
0.17 -0.93 -0.43 -44.32 -13.53 12.44
0.10 -1.00 -0.36 -39.68 -5.28 15.86
0.03 -1.07 -0.29 -34.63 -3.01 8.53
0.02 -1.12 -0.24 -32.05 -1.82 3.62
-0.02 -1.19 -0.17 -23.47 -2.26 -1.13
-0.06 -1.20 -0.13 -16.14 -5.65 -6.47
-0.05 -1.18 -0.14 -9.19 -9.05 -11.79
-0.03 -1.19 -0.15 3.56 -10.85 -10.18
-0.01 -1.10 -0.20 15.48 -10.18 -7.77
0.01 -0.98 -0.22 17.62 -7.60 -5.97
0.01 -0.94 -0.22 15.92 -4.67 -1.10
0.04 -0.95 -0.23 15.56 1.11 5.31
0.04 -0.92 -0.22 12.49 6.24 6.31
-0.02 -0.94 -0.17 5.05 7.37 6.79
-0.03 -0.98 -0.13 1.10 6.78 10.99
-0.04 -1.08 -0.12 5.88 4.58 11.13
-0.02 -1.10 -0.09 10.14 1.85 7.30
-0.02 -1.13 -0.09 14.67 -0.12 3.74
-0.02 -1.10 -0.11 20.89 -1.86 3.44
-0.01 -0.98 -0.15 19.85 -1.50 3.56
0.01 -0.88 -0.19 12.05 0.72 5.48
0.01 -0.83 -0.19 2.87 2.26 8.61
0.02 -0.87 -0.20 -4.58 4.64 11.40
0.04 -0.92 -0.20 -10.89 7.31 11.19
0.04 -0.98 -0.20 -13.68 9.24 11.89
