-0.14 -0.89 -0.01 -2.79 -7.98 -9.16
-0.02 -0.84 0.06 -6.66 -3.31 -11.45
0.09 -0.87 0.30 -13.62 7.97 -30.66
-0.20 -0.98 -0.17 -9.95 4.85 -34.79
-0.14 -0.80 -0.06 -17.24 -5.63 -24.58
-0.16 -0.86 -0.10 -20.96 -13.65 -12.24
-0.03 -0.83 0.01 -24.81 -16.60 -13.86
-0.11 -0.89 -0.03 -26.53 -19.98 -17.10
-0.18 -0.97 -0.07 -27.76 -22.43 -9.30
-0.10 -0.83 -0.06 -29.18 -26.32 -0.60
-0.04 -0.83 -0.03 -36.43 -27.57 6.03
-0.05 -0.80 -0.04 -42.43 -26.70 1.69
-0.10 -0.80 -0.03 -50.98 -27.59 -4.58
-0.14 -0.87 -0.02 -58.11 -30.46 -4.96
-0.21 -0.97 0.00 -62.09 -37.54 -2.93
-0.24 -1.12 0.01 -59.83 -47.74 -0.52
-0.23 -1.34 0.04 -50.05 -60.60 5.01
-0.16 -1.56 0.04 -30.82 -69.16 19.48
-0.04 -1.76 0.02 -3.05 -69.50 42.26
0.11 -1.86 0.01 30.27 -62.17 66.95
0.22 -1.95 -0.00 65.79 -46.61 92.90
0.24 -1.96 -0.02 100.67 -28.09 121.97
0.09 -1.92 0.01 131.89 -18.35 146.44
-0.03 -1.91 0.04 163.16 -13.88 173.22
-0.12 -1.91 0.04 194.87 -13.08 195.92
-0.10 -1.87 0.05 225.60 -19.36 215.94
0.08 -1.78 -0.02 252.69 -18.63 220.46
0.23 -1.60 -0.10 271.63 -4.52 224.66
0.14 -1.55 -0.07 290.93 12.11 238.46
0.03 -1.54 -0.04 319.74 23.18 261.24
0.01 -1.37 -0.08 345.16 29.94 286.11
0.05 -1.09 -0.16 357.40 38.00 302.00
-0.00 -0.86 -0.18 356.95 42.44 303.48
-0.29 -0.78 -0.09 350.52 29.04 284.93
-0.47 -0.75 0.02 348.64 1.69 270.24
-0.34 -0.67 -0.00 350.02 -14.75 262.03
-0.16 -0.57 -0.07 350.49 -13.94 267.80
-0.02 -0.53 -0.07 350.58 -1.13 274.67
-0.04 -0.56 -0.03 354.47 8.70 270.40
0.01 -0.53 -0.05 359.97 18.23 259.83
-0.02 -0.39 -0.07 362.56 26.52 246.85
-0.03 -0.26 -0.09 359.69 34.70 238.44
-0.07 -0.17 -0.11 356.92 41.04 222.93
-0.17 -0.17 -0.07 355.56 42.05 202.52
-0.23 -0.25 -0.04 360.60 36.38 183.94
-0.13 -0.22 -0.10 370.20 37.37 164.64
-0.11 -0.11 -0.15 376.98 46.27 147.31
-0.04 -0.00 -0.23 381.40 57.69 143.04
-0.01 0.14 -0.30 384.17 74.63 138.81
-0.06 0.33 -0.33 378.85 87.89 131.19
-0.14 0.42 -0.36 367.62 95.21 119.02
-0.19 0.43 -0.39 358.18 100.18 101.08
-0.31 0.29 -0.38 358.79 105.65 86.90
-0.32 0.15 -0.39 370.17 100.85 79.15
-0.21 0.21 -0.48 379.71 102.92 56.17
-0.12 0.49 -0.66 374.40 117.63 23.69
-0.27 0.74 -0.67 355.97 126.06 10.12
-0.35 0.80 -0.65 341.01 131.71 20.84
-0.33 0.84 -0.65 329.71 139.04 39.79
-0.37 0.90 -0.70 317.65 145.02 49.77
-0.45 0.87 -0.70 303.51 142.79 52.11
-0.50 0.84 -0.74 288.56 133.33 36.63
-0.58 0.82 -0.77 273.73 121.69 15.08
-0.63 0.80 -0.83 263.08 109.86 -3.22
-0.66 0.77 -0.89 257.16 99.51 -17.97
-0.69 0.93 -0.98 246.66 91.19 -32.35
-0.69 1.23 -1.07 223.01 88.17 -42.37
-0.80 1.48 -1.06 190.90 83.04 -36.05
-0.90 1.63 -1.05 156.53 76.70 -17.94
-1.01 1.68 -1.01 120.29 50.90 -18.41
-1.05 1.57 -1.05 88.99 28.08 -24.15
-1.00 1.44 -1.08 64.35 13.05 -29.31
-1.06 1.40 -1.09 41.80 -6.60 -46.17
-1.03 1.45 -1.10 17.37 -25.42 -64.92
-1.01 1.49 -1.08 -5.83 -39.60 -73.59
-0.95 1.52 -1.05 -27.37 -47.48 -69.13
-0.92 1.54 -1.00 -49.95 -53.86 -62.61
-0.90 1.46 -0.96 -71.62 -59.80 -59.28
-0.91 1.38 -0.88 -91.94 -68.73 -61.53
-0.92 1.28 -0.83 -110.41 -79.39 -65.18
-0.95 1.23 -0.78 -126.26 -92.72 -73.28
-0.92 1.21 -0.75 -143.08 -105.83 -81.59
-0.88 1.17 -0.74 -159.08 -116.95 -88.66
-0.84 1.15 -0.75 -176.15 -125.82 -97.48
-0.79 1.18 -0.77 -198.69 -132.17 -112.56
-0.78 1.21 -0.77 -225.56 -137.74 -128.26
-0.80 1.18 -0.75 -249.80 -145.01 -138.09
-0.84 1.09 -0.72 -268.58 -157.36 -149.83
-0.89 1.08 -0.69 -289.89 -172.73 -163.86
-0.88 1.06 -0.69 -315.04 -194.09 -184.98
-0.82 0.97 -0.67 -336.67 -212.78 -202.14
-0.74 0.79 -0.69 -347.57 -224.90 -205.85
-0.68 0.62 -0.68 -350.73 -227.77 -201.54
-0.63 0.50 -0.64 -350.53 -227.18 -197.11
-0.54 0.40 -0.60 -347.62 -223.65 -194.47
-0.48 0.35 -0.52 -345.51 -215.53 -184.81
-0.43 0.30 -0.46 -342.09 -205.34 -169.25
-0.37 0.23 -0.44 -335.79 -190.63 -151.27
-0.37 0.25 -0.40 -337.59 -182.20 -148.15
-0.43 0.23 -0.36 -347.39 -184.43 -166.90
