-0.01 -1.59 -0.12 132.99 -35.13 1.82
0.03 -1.74 -0.22 167.02 -40.21 8.23
0.11 -1.91 -0.38 212.44 -41.53 23.34
0.21 -1.99 -0.56 250.13 -37.98 38.74
0.31 -2.00 -0.75 250.13 -31.10 44.55
0.40 -2.00 -0.94 250.13 -19.85 37.89
0.48 -1.98 -1.15 250.13 -1.18 25.69
0.48 -1.91 -1.28 250.13 22.60 13.44
0.36 -1.81 -1.35 250.13 45.98 -3.67
0.20 -1.77 -1.38 250.13 65.05 -17.63
0.04 -1.72 -1.39 250.13 82.50 -26.22
-0.13 -1.65 -1.43 250.13 96.10 -32.17
-0.23 -1.63 -1.45 250.13 105.92 -31.23
-0.32 -1.59 -1.47 250.13 107.90 -28.58
-0.24 -1.27 -1.63 250.13 132.94 -30.67
-0.25 -0.93 -1.61 250.13 123.63 -54.63
-0.36 -0.64 -1.52 250.13 126.17 -61.61
-0.40 -0.43 -1.44 250.13 130.44 -53.98
-0.40 -0.27 -1.45 250.13 132.92 -34.62
-0.41 0.27 -1.49 250.13 129.26 -37.23
-0.80 0.89 -1.16 250.13 109.38 -47.07
-0.79 1.38 -1.00 250.13 93.79 -62.40
-0.78 1.65 -0.85 250.13 83.85 -72.02
-0.88 2.00 -0.75 250.13 66.04 -91.60
-0.87 2.00 -0.62 250.13 47.82 -107.05
-0.76 2.00 -0.52 250.13 42.81 -111.57
-0.64 2.00 -0.43 250.13 43.20 -109.82
-0.51 2.00 -0.33 250.13 48.66 -110.48
-0.58 2.00 -0.05 188.47 46.97 -109.40
-0.56 2.00 0.11 113.28 34.98 -92.01
-0.54 2.00 0.19 41.93 25.19 -75.44
-0.43 2.00 0.25 -25.63 17.39 -65.33
-0.32 2.00 0.27 -88.77 14.76 -56.38
-0.26 2.00 0.30 -138.17 13.92 -45.44
-0.23 2.00 0.36 -176.89 12.65 -32.05
-0.21 2.00 0.38 -212.47 13.95 -19.29
-0.26 2.00 0.41 -250.14 16.03 -16.24
-0.40 2.00 0.46 -250.14 12.55 -17.07
-0.59 2.00 0.49 -250.14 -0.05 -24.88
-0.70 2.00 0.44 -250.14 -16.66 -29.19
-0.78 1.91 0.40 -250.14 -36.08 -32.76
-0.84 1.68 0.34 -250.14 -58.34 -38.51
-0.86 1.47 0.23 -250.14 -81.63 -46.16
-1.02 1.37 0.17 -250.14 -109.54 -60.80
-0.99 1.14 -0.03 -250.14 -143.72 -69.17
-0.96 0.82 -0.22 -250.14 -179.14 -84.05
-0.88 0.63 -0.42 -250.14 -216.05 -109.07
-0.74 0.52 -0.68 -250.14 -247.09 -141.43
-0.55 0.41 -0.94 -250.14 -250.14 -170.30
-0.33 0.29 -1.23 -250.14 -250.14 -191.18
-0.13 0.04 -1.45 -250.14 -250.14 -190.60
0.05 -0.30 -1.60 -250.14 -250.14 -165.04
0.29 -0.47 -1.67 -250.14 -250.14 -117.71
0.49 -0.73 -1.71 -250.14 -250.14 -63.06
0.58 -0.92 -1.65 -250.14 -238.92 -13.69
0.72 -0.95 -1.62 -250.14 -201.84 12.86
0.76 -0.99 -1.55 -250.14 -163.41 27.15
0.56 -0.92 -1.39 -250.14 -135.50 22.13
0.39 -0.76 -1.30 -250.14 -126.22 15.47
0.45 -0.80 -1.32 -250.14 -112.02 18.29
0.44 -0.87 -1.29 -250.14 -93.02 27.59
0.33 -1.11 -1.19 -243.09 -76.28 45.29
0.19 -1.29 -1.03 -207.69 -64.17 59.89
0.08 -1.44 -0.90 -176.16 -56.06 68.71
0.00 -1.68 -0.78 -148.58 -49.10 70.60
-0.01 -1.99 -0.70 -111.47 -44.19 65.89
0.10 -2.00 -0.70 -69.01 -35.67 59.17
0.16 -2.00 -0.64 -30.05 -25.44 44.66
0.21 -1.85 -0.63 -3.98 -13.75 28.17
0.24 -1.57 -0.59 6.72 -2.27 17.81
0.21 -1.40 -0.53 10.31 8.98 14.39
0.20 -1.28 -0.46 12.19 14.36 16.00
0.20 -1.20 -0.42 11.88 21.34 18.02
0.19 -1.24 -0.35 13.47 26.11 17.55
0.17 -1.31 -0.27 22.82 28.36 13.85
0.12 -1.28 -0.27 29.08 25.50 13.09
0.04 -1.33 -0.17 39.05 24.03 8.24
0.09 -1.19 -0.18 41.67 21.84 3.09
0.14 -1.04 -0.17 35.12 23.30 -6.92
0.12 -1.01 -0.16 28.02 24.26 -8.74
0.09 -0.97 -0.12 22.29 23.70 -5.97
0.05 -0.97 -0.10 18.62 20.19 -0.38
0.07 -1.00 -0.09 17.34 17.20 6.14
0.09 -1.03 -0.09 15.27 15.23 7.99
0.12 -1.10 -0.10 15.16 13.40 4.42
0.13 -1.12 -0.11 15.87 12.82 -1.56
0.12 -1.08 -0.11 14.66 11.96 -7.84
0.12 -1.06 -0.11 13.79 11.56 -11.97
0.10 -1.04 -0.10 13.87 10.89 -12.63
0.09 -0.97 -0.12 12.27 9.37 -10.84
0.11 -0.94 -0.13 9.73 8.95 -6.25
0.12 -0.96 -0.12 11.11 9.48 0.02
0.13 -0.95 -0.11 11.85 9.08 4.07
0.12 -0.94 -0.10 11.02 7.94 4.11
0.14 -0.95 -0.10 10.24 8.37 2.10
0.13 -0.96 -0.09 8.39 8.12 -1.31
0.12 -0.95 -0.08 6.93 7.89 -3.09
0.09 -0.95 -0.07 6.26 6.69 -3.21
0.10 -0.98 -0.08 7.63 6.03 -0.71
0.11 -0.98 -0.09 10.74 6.72 3.74
