0.19 -1.21 -0.06 48.08 -3.91 -8.18
0.18 -1.34 -0.07 62.64 -5.24 -8.82
0.13 -1.48 -0.07 84.95 -7.51 -7.75
0.12 -1.61 -0.11 115.33 -11.88 -1.92
0.15 -1.69 -0.17 152.25 -14.85 2.22
0.20 -1.69 -0.26 186.72 -14.76 8.18
0.18 -1.74 -0.34 221.86 -16.13 5.75
0.22 -1.80 -0.46 250.13 -12.52 9.20
0.16 -1.95 -0.52 250.13 -15.15 8.52
0.26 -2.00 -0.70 250.13 -9.59 2.03
0.30 -2.00 -0.84 250.13 0.03 1.64
0.29 -2.00 -1.01 250.13 12.73 9.60
0.29 -2.00 -1.17 250.13 24.32 21.95
0.19 -2.00 -1.29 250.13 33.27 34.33
0.08 -2.00 -1.40 250.13 33.73 41.07
0.08 -2.00 -1.59 250.13 37.13 49.30
0.03 -2.00 -1.78 250.13 36.58 65.08
-0.05 -1.89 -1.94 250.13 31.48 74.77
-0.17 -1.55 -2.00 250.13 20.97 72.12
-0.27 -1.46 -2.00 250.13 2.20 75.70
-0.30 -1.23 -2.00 250.13 -17.31 92.97
-0.25 -0.83 -2.00 250.13 -39.56 102.79
-0.21 -0.22 -2.00 250.13 -64.69 102.02
-0.04 0.57 -2.00 250.13 -81.84 51.73
0.02 1.30 -2.00 250.13 -89.15 -20.73
0.13 1.74 -2.00 250.13 -87.21 -96.77
0.16 1.93 -2.00 250.13 -76.83 -156.80
0.37 1.98 -2.00 250.13 -57.29 -186.74
0.41 2.00 -1.95 250.13 -28.76 -203.14
1.00 2.00 -2.00 250.13 1.06 -199.14
0.29 2.00 -1.56 250.13 3.89 -184.20
0.09 2.00 -1.45 213.25 17.02 -155.85
0.02 2.00 -1.33 131.97 32.02 -142.31
-0.16 2.00 -1.15 55.44 45.92 -137.21
-0.35 2.00 -0.99 -14.96 55.69 -127.72
-0.53 2.00 -0.81 -84.86 57.82 -116.52
-0.74 2.00 -0.58 -170.14 45.44 -114.05
-0.73 2.00 -0.44 -250.14 26.73 -94.11
-0.66 2.00 -0.35 -250.14 8.55 -71.95
-0.56 2.00 -0.28 -250.14 -8.90 -52.69
-0.41 2.00 -0.27 -250.14 -21.41 -43.62
-0.36 2.00 -0.28 -250.14 -34.19 -39.81
-0.33 2.00 -0.28 -250.14 -47.44 -34.24
-0.32 2.00 -0.32 -250.14 -58.61 -29.71
-0.32 1.90 -0.37 -250.14 -66.93 -11.37
-0.49 1.76 -0.38 -250.14 -82.59 5.40
-0.55 1.68 -0.47 -250.14 -98.67 19.71
-0.65 1.53 -0.59 -250.14 -118.21 26.37
-0.72 1.20 -0.69 -250.14 -138.56 26.08
-0.70 0.96 -0.87 -250.14 -152.89 19.56
-0.73 0.87 -0.99 -250.14 -176.37 -3.63
-0.56 0.73 -1.25 -250.14 -198.30 -31.69
-0.36 0.49 -1.55 -250.14 -212.37 -68.57
-0.15 0.45 -1.78 -250.14 -225.37 -94.36
0.06 0.11 -2.00 -250.14 -232.69 -94.78
0.29 -0.24 -2.00 -250.14 -228.54 -80.38
0.54 -0.57 -2.00 -250.14 -214.31 -53.93
0.84 -0.96 -2.00 -250.14 -179.44 -15.52
0.97 -1.18 -2.00 -250.14 -136.61 19.69
1.04 -1.16 -1.90 -250.14 -90.80 29.39
0.77 -0.94 -1.61 -250.14 -62.55 15.52
0.52 -1.00 -1.38 -250.14 -54.59 -2.33
0.35 -1.32 -1.15 -250.14 -57.23 -13.83
0.25 -1.45 -1.01 -250.14 -64.54 -12.79
0.24 -1.45 -1.01 -250.14 -62.02 14.79
0.13 -1.28 -0.97 -204.60 -60.40 55.74
0.28 -1.19 -1.05 -159.66 -51.16 93.44
0.37 -1.06 -1.07 -149.66 -32.95 102.06
0.30 -1.33 -0.95 -151.28 -17.15 90.04
0.26 -1.85 -0.81 -134.16 0.45 71.17
0.20 -2.00 -0.65 -100.68 12.27 49.87
0.10 -2.00 -0.50 -67.95 17.59 32.77
0.10 -1.95 -0.42 -42.73 21.79 22.04
0.11 -1.80 -0.34 -18.27 25.50 23.82
0.09 -1.63 -0.28 6.73 28.23 34.29
0.07 -1.37 -0.24 14.57 28.93 41.98
0.06 -1.29 -0.21 11.15 29.37 39.28
0.12 -1.35 -0.19 5.84 31.81 33.21
0.12 -1.39 -0.14 4.24 34.91 23.18
0.08 -1.42 -0.11 5.61 37.04 13.47
-0.00 -1.43 -0.01 12.98 29.47 7.39
-0.26 -1.41 0.09 26.63 37.27 1.12
-0.03 -1.16 0.01 26.08 17.40 7.28
0.04 -1.13 -0.02 24.94 11.11 0.27
0.05 -1.10 -0.05 15.67 8.99 -3.33
0.07 -1.07 0.02 12.36 8.35 -6.69
0.06 -1.12 -0.03 12.82 7.11 -5.39
0.08 -1.11 -0.04 16.10 5.74 -1.66
0.08 -1.11 -0.05 20.34 2.19 0.84
0.12 -0.96 -0.09 16.07 1.81 1.76
0.17 -0.96 -0.13 10.74 2.82 -1.13
0.20 -0.97 -0.15 5.95 5.87 -4.54
0.17 -0.98 -0.14 3.34 8.12 -6.65
0.12 -0.99 -0.12 1.07 7.16 -9.95
0.12 -1.01 -0.09 0.21 5.62 -10.69
0.14 -1.04 -0.10 5.00 4.47 -8.11
0.16 -1.00 -0.11 8.08 4.43 -5.04
0.17 -0.99 -0.12 9.95 4.41 -2.88
0.18 -1.01 -0.11 13.66 5.73 1.62
0.17 -1.01 -0.12 19.40 6.64 5.79
