0.23 -0.99 -0.18 1.45 -7.48 8.78
0.26 -1.00 -0.19 1.69 -6.15 8.98
0.22 -1.02 -0.20 3.51 -5.74 10.24
0.23 -1.05 -0.20 6.09 -5.94 11.08
0.24 -1.07 -0.20 9.16 -6.37 11.60
0.27 -1.11 -0.21 14.95 -5.57 16.23
0.31 -1.19 -0.23 25.15 -2.26 25.27
0.33 -1.24 -0.23 37.60 2.44 34.98
0.40 -1.34 -0.24 54.76 10.34 49.97
0.39 -1.41 -0.24 74.73 18.00 56.95
0.40 -1.47 -0.23 92.49 24.06 51.11
0.41 -1.48 -0.25 108.03 29.16 35.13
0.38 -1.39 -0.24 119.79 35.54 20.61
0.31 -1.30 -0.22 127.69 39.40 13.68
0.27 -1.21 -0.20 133.31 41.77 12.89
0.24 -1.21 -0.18 139.42 43.89 17.60
0.23 -1.32 -0.18 151.48 46.49 29.85
0.23 -1.40 -0.15 169.88 50.06 36.81
0.21 -1.43 -0.14 190.40 53.01 43.65
0.19 -1.41 -0.14 209.11 54.00 42.02
0.17 -1.32 -0.12 221.08 55.31 33.34
0.15 -1.23 -0.11 227.85 56.64 22.96
0.10 -1.13 -0.08 231.48 57.56 16.56
0.06 -1.09 -0.06 235.82 57.59 17.19
0.01 -1.07 -0.01 240.92 58.23 23.11
-0.01 -1.12 0.03 255.22 52.92 30.26
-0.01 -1.06 0.04 267.13 52.46 35.28
-0.04 -0.99 0.10 275.63 46.21 33.36
-0.03 -0.90 0.09 279.68 39.95 23.63
0.00 -0.81 0.10 279.66 36.24 13.85
0.01 -0.71 0.12 274.61 34.69 4.76
0.06 -0.70 0.12 269.79 36.43 -1.08
0.08 -0.73 0.14 267.65 41.33 -6.76
0.05 -0.83 0.19 275.57 45.88 -6.29
-0.00 -0.82 0.23 291.86 46.99 -2.84
-0.01 -0.75 0.24 308.72 46.95 6.24
0.01 -0.73 0.24 328.35 46.44 15.40
0.06 -0.57 0.19 339.76 48.63 24.14
0.13 -0.49 0.19 342.05 52.81 22.40
0.15 -0.48 0.16 342.29 58.84 14.17
0.13 -0.40 0.16 341.57 65.71 7.56
0.09 -0.37 0.21 344.24 70.67 9.62
0.10 -0.40 0.21 356.93 76.11 16.08
0.08 -0.43 0.24 376.26 80.55 22.73
0.13 -0.44 0.19 396.27 86.89 18.47
0.16 -0.28 0.09 408.41 96.41 15.01
0.19 -0.16 0.05 411.08 106.64 5.68
0.17 -0.11 0.03 412.98 119.30 -4.00
0.09 0.05 0.00 415.47 129.13 -6.47
0.06 0.12 -0.02 420.64 138.56 -0.66
0.08 0.13 -0.09 432.78 152.46 6.89
0.07 0.21 -0.18 438.95 158.63 -10.38
-0.06 0.10 -0.18 448.18 164.72 -39.59
-0.29 0.13 -0.24 468.15 162.00 -59.65
-0.41 0.49 -0.34 480.60 154.52 -53.18
-0.38 1.18 -0.43 458.05 150.79 -41.07
-0.38 1.76 -0.34 399.37 143.08 -47.65
-0.41 2.14 -0.20 323.94 137.92 -65.05
-0.63 1.99 -0.09 259.76 129.68 -61.19
-0.85 1.59 -0.07 229.16 113.22 -45.77
-0.87 1.40 -0.07 212.27 95.56 -31.66
-0.77 1.41 -0.11 191.28 82.41 -36.11
-0.72 1.44 -0.10 167.31 73.98 -43.34
-0.75 1.53 -0.11 142.90 67.68 -44.23
-0.76 1.67 -0.07 117.31 61.65 -33.95
-0.76 1.79 -0.03 86.06 54.02 -25.24
-0.79 1.79 -0.00 50.50 43.50 -24.29
-0.84 1.65 0.03 19.30 28.52 -31.74
-0.86 1.48 0.05 -4.95 13.44 -42.43
-0.86 1.25 0.08 -14.72 -0.24 -44.27
-0.79 1.13 0.08 -13.18 -7.27 -39.16
-0.72 1.28 0.09 -19.27 -11.40 -35.28
-0.67 1.36 0.10 -35.10 -11.42 -31.89
-0.67 1.34 0.12 -48.84 -11.51 -22.27
-0.67 1.32 0.13 -62.37 -12.96 -12.49
-0.67 1.33 0.15 -80.66 -16.06 -10.50
-0.65 1.27 0.14 -97.80 -20.31 -13.80
-0.66 1.27 0.15 -116.56 -25.65 -18.81
-0.67 1.23 0.15 -134.23 -31.44 -24.76
-0.62 1.20 0.12 -150.76 -36.50 -29.88
-0.61 1.20 0.12 -167.54 -39.47 -31.63
-0.57 1.25 0.09 -187.82 -42.37 -35.01
-0.54 1.30 0.08 -212.37 -44.29 -37.05
-0.52 1.27 0.09 -236.72 -45.60 -37.69
-0.49 1.28 0.07 -262.50 -44.32 -43.02
-0.50 1.30 0.03 -293.53 -46.58 -49.59
-0.50 1.21 0.00 -324.82 -49.01 -55.83
-0.49 1.03 -0.01 -349.08 -50.82 -61.25
-0.46 0.84 -0.03 -364.52 -50.38 -67.04
-0.43 0.74 -0.02 -374.06 -48.64 -70.64
-0.41 0.66 -0.01 -381.51 -47.68 -74.08
-0.45 0.66 0.01 -392.61 -49.66 -81.42
-0.46 0.66 -0.01 -406.72 -51.85 -82.18
-0.61 0.48 0.08 -412.00 -59.74 -72.26
-0.66 0.22 0.11 -402.66 -68.84 -50.37
-0.66 0.10 0.12 -386.60 -76.20 -30.63
-0.60 0.08 0.15 -378.03 -88.79 -28.15
-0.46 0.01 0.09 -377.82 -95.13 -41.42
-0.31 -0.09 0.04 -379.95 -94.75 -60.99
-0.29 -0.20 0.12 -377.11 -94.47 -83.19
