-0.20 -0.75 0.05 -33.10 -7.05 1.33
-0.23 -0.75 0.04 -40.82 -12.24 -1.13
-0.24 -0.74 0.02 -50.66 -17.39 -2.70
-0.23 -0.74 -0.01 -61.98 -21.85 -3.25
-0.23 -0.73 -0.03 -74.05 -26.00 -1.69
-0.23 -0.78 -0.06 -86.52 -29.45 -1.83
-0.29 -1.01 0.03 -88.89 -34.06 -2.69
-0.23 -1.16 0.05 -82.23 -37.48 0.79
-0.17 -1.29 0.06 -68.46 -37.89 6.75
-0.09 -1.38 0.06 -49.73 -33.97 13.97
-0.06 -1.39 0.03 -31.18 -26.67 20.84
-0.07 -1.37 0.02 -16.50 -20.49 23.71
-0.18 -1.41 0.04 -2.09 -20.60 22.41
-0.30 -1.54 0.10 18.41 -28.26 21.54
-0.33 -1.65 0.11 46.32 -35.54 32.66
-0.33 -1.73 0.12 79.02 -38.82 56.31
-0.27 -1.78 0.11 114.17 -37.24 88.98
-0.23 -1.72 0.07 146.21 -31.74 121.62
-0.20 -1.65 0.07 171.51 -27.91 145.60
-0.13 -1.54 0.04 190.81 -26.66 154.58
-0.05 -1.39 0.02 202.47 -23.44 151.19
-0.08 -1.29 0.03 209.71 -26.79 142.52
-0.02 -1.26 0.04 219.59 -20.49 138.27
-0.22 -1.33 0.12 235.27 -24.44 144.61
-0.37 -1.40 0.17 258.03 -32.41 164.23
-0.39 -1.44 0.17 283.86 -36.03 195.18
-0.34 -1.43 0.16 310.76 -39.44 226.92
-0.18 -1.27 0.11 330.56 -36.00 249.08
-0.03 -1.08 0.05 339.82 -30.47 254.15
0.12 -0.88 -0.00 340.31 -15.16 248.05
0.17 -0.72 -0.00 334.23 1.83 236.60
0.10 -0.64 0.03 330.31 18.75 235.33
0.05 -0.62 0.09 331.92 33.98 252.84
-0.13 -0.72 0.17 342.03 38.56 262.20
-0.19 -0.71 0.19 356.92 32.90 267.37
-0.11 -0.61 0.14 369.56 28.79 268.76
0.03 -0.44 0.03 377.01 33.22 270.03
0.18 -0.32 -0.05 375.25 46.31 256.02
0.17 -0.24 -0.06 372.72 61.50 239.86
0.22 -0.17 -0.11 371.69 87.45 218.17
0.02 -0.03 -0.12 369.65 99.31 204.47
-0.18 0.08 -0.08 367.80 101.89 201.27
-0.27 0.09 -0.07 370.02 98.67 212.08
-0.18 0.15 -0.14 374.93 97.15 223.21
-0.07 0.28 -0.23 373.15 98.60 220.29
-0.00 0.37 -0.31 364.02 104.89 202.72
-0.02 0.37 -0.32 354.98 110.05 180.61
-0.03 0.32 -0.35 352.72 114.63 158.73
-0.17 0.31 -0.38 354.82 117.54 135.74
-0.22 0.30 -0.39 361.15 115.31 126.73
-0.19 0.42 -0.48 368.70 115.25 125.56
-0.11 0.58 -0.56 369.59 120.43 129.53
-0.03 0.76 -0.67 360.60 129.50 124.27
-0.07 0.85 -0.72 344.46 136.53 106.93
-0.24 0.83 -0.69 325.95 132.06 80.41
-0.39 0.81 -0.65 308.24 116.03 45.95
-0.53 0.84 -0.64 288.32 92.14 11.07
-0.59 0.74 -0.63 279.50 70.64 -1.33
-0.42 0.78 -0.73 277.11 64.37 1.86
-0.33 1.01 -0.86 262.40 65.45 -5.59
-0.33 1.17 -0.90 237.02 68.84 -13.24
-0.40 1.20 -0.89 213.05 68.35 -13.50
-0.41 1.20 -0.90 193.37 68.96 -8.40
-0.45 1.12 -0.93 178.38 69.71 -5.27
-0.52 1.03 -0.98 169.25 67.07 -10.53
-0.60 1.05 -1.01 159.15 59.16 -26.60
-0.71 1.14 -1.02 145.98 45.68 -44.78
-0.77 1.27 -1.02 128.50 29.11 -53.44
-0.77 1.41 -1.05 106.67 14.43 -56.02
-0.75 1.54 -1.09 78.90 3.68 -55.73
-0.72 1.59 -1.09 49.56 -3.40 -49.40
-0.69 1.56 -1.08 23.86 -4.64 -39.71
-0.67 1.46 -1.07 4.08 -3.60 -27.53
-0.69 1.28 -0.99 -7.54 -5.42 -17.77
-0.69 1.18 -0.98 -15.34 -6.85 -19.07
-0.72 1.12 -0.95 -22.31 -12.08 -28.60
-0.72 1.17 -0.92 -32.69 -19.82 -44.35
-0.72 1.19 -0.88 -44.96 -26.61 -54.06
-0.70 1.19 -0.85 -55.30 -32.06 -55.01
-0.68 1.20 -0.83 -65.05 -35.11 -48.92
-0.66 1.19 -0.81 -74.92 -36.03 -39.59
-0.67 1.16 -0.83 -84.79 -36.17 -32.06
-0.70 1.14 -0.84 -96.44 -40.00 -34.20
-0.74 1.14 -0.83 -111.24 -48.02 -46.00
-0.76 1.10 -0.81 -126.17 -57.82 -57.31
-0.78 1.09 -0.79 -140.84 -69.47 -69.33
-0.78 1.08 -0.77 -156.98 -83.83 -82.60
-0.77 1.03 -0.76 -171.54 -97.25 -94.93
-0.75 0.97 -0.74 -183.80 -108.96 -106.41
-0.73 0.93 -0.73 -194.09 -119.39 -116.50
-0.72 0.93 -0.72 -205.39 -127.39 -127.91
-0.70 0.92 -0.69 -218.17 -135.66 -138.69
-0.66 0.88 -0.67 -229.88 -144.23 -153.95
-0.66 0.85 -0.62 -241.95 -150.21 -164.87
-0.67 0.77 -0.59 -249.68 -157.10 -175.86
-0.68 0.73 -0.56 -257.44 -164.79 -188.03
-0.73 0.74 -0.50 -266.96 -175.33 -200.21
-0.68 0.68 -0.49 -277.68 -184.56 -212.81
-0.68 0.71 -0.46 -293.27 -198.21 -237.86
-0.68 0.67 -0.44 -311.44 -213.65 -268.17
