-0.19 -1.02 -0.14 -7.19 -0.76 0.79
-0.18 -1.01 -0.14 -6.34 -0.76 -1.95
-0.18 -1.03 -0.12 -4.43 -0.66 -1.44
-0.19 -1.04 -0.13 -0.44 -0.95 0.18
-0.21 -1.05 -0.12 3.91 -2.40 2.24
-0.21 -1.08 -0.12 9.56 -4.29 3.22
-0.24 -1.20 -0.08 18.32 -10.56 -1.86
-0.27 -1.31 -0.07 32.31 -16.72 -9.13
-0.33 -1.43 -0.04 58.14 -24.90 -12.99
-0.43 -1.55 -0.02 98.85 -35.73 -2.24
-0.55 -1.60 0.02 147.18 -53.34 17.25
-0.63 -1.68 0.01 204.44 -77.02 43.48
-0.52 -1.73 -0.11 262.31 -93.80 67.76
-0.42 -1.85 -0.22 315.27 -109.30 84.43
-0.22 -1.91 -0.34 365.59 -114.58 84.60
-0.21 -1.95 -0.41 419.24 -117.76 79.18
-0.24 -2.14 -0.47 480.05 -123.24 63.89
-0.28 -2.20 -0.57 500.26 -132.34 59.62
-0.27 -2.22 -0.82 500.26 -133.83 69.63
-0.24 -2.15 -1.06 500.26 -144.75 102.60
-0.10 -2.13 -1.40 500.26 -145.25 151.56
0.19 -1.99 -1.81 500.26 -134.63 192.75
0.27 -1.89 -2.13 500.26 -121.47 219.95
0.24 -1.63 -2.33 500.26 -114.47 228.90
0.13 -1.42 -2.46 500.26 -119.77 214.29
0.02 -1.02 -2.56 500.26 -136.09 180.47
0.13 -0.56 -2.57 500.26 -138.73 164.14
0.17 -0.35 -2.52 500.26 -139.56 147.34
0.14 -0.21 -2.46 500.26 -134.81 138.26
0.50 0.24 -2.66 500.26 -112.95 130.18
0.34 0.98 -2.67 500.26 -96.32 86.67
0.15 2.14 -2.44 500.26 -90.09 29.95
-0.03 3.23 -2.12 500.26 -92.40 -5.10
-0.29 3.95 -1.75 500.26 -112.12 -16.15
0.14 4.00 -1.85 336.55 -104.61 -4.15
0.65 4.00 -1.92 176.05 -73.76 13.54
1.07 3.92 -1.81 58.67 -18.46 42.41
1.09 3.01 -1.59 2.09 40.70 87.24
1.00 2.29 -1.26 -9.57 93.98 117.44
0.64 1.74 -0.85 -5.08 131.86 127.80
0.24 1.62 -0.42 -15.92 139.25 109.48
-0.06 1.53 -0.05 -37.60 125.56 79.98
-0.17 1.50 0.21 -62.87 103.19 59.68
-0.08 1.48 0.28 -88.84 86.56 50.14
0.06 1.48 0.23 -109.89 77.83 42.60
0.29 1.71 0.10 -140.14 82.66 36.23
0.38 1.96 -0.06 -184.34 92.41 24.63
0.45 2.20 -0.22 -252.29 110.66 9.39
0.36 2.26 -0.32 -330.81 123.50 -14.49
0.28 2.29 -0.42 -417.42 134.92 -50.64
0.12 2.43 -0.52 -500.27 129.13 -125.48
0.25 2.74 -0.75 -500.27 114.75 -242.40
0.33 2.75 -1.16 -500.27 88.12 -390.78
0.67 2.53 -1.68 -500.27 70.98 -500.27
0.84 2.09 -2.14 -500.27 40.78 -500.27
0.99 1.47 -2.50 -500.27 -3.27 -500.27
1.20 0.61 -2.75 -500.27 -37.50 -500.27
1.22 0.06 -2.89 -500.27 -61.68 -500.27
1.18 -0.06 -2.85 -500.27 -79.39 -500.27
1.30 -0.32 -2.94 -500.27 -62.35 -383.04
1.11 -0.85 -2.70 -500.27 -36.05 -211.80
0.83 -1.65 -2.29 -500.27 9.89 -36.12
0.53 -2.45 -1.61 -500.27 42.87 65.54
0.21 -2.83 -1.01 -499.89 46.52 59.10
0.02 -2.36 -0.69 -382.11 46.31 17.54
-0.43 -1.81 -0.36 -347.04 33.91 -29.19
-0.80 -1.46 -0.07 -339.85 -23.01 -86.17
-0.80 -1.43 -0.09 -310.00 -73.18 -82.66
-0.62 -1.54 -0.23 -235.66 -109.89 -29.42
-0.23 -1.47 -0.47 -156.05 -115.13 30.95
0.18 -1.30 -0.63 -117.45 -92.24 59.65
0.35 -1.33 -0.62 -106.78 -60.34 46.29
0.27 -1.37 -0.53 -103.77 -30.95 17.36
0.14 -1.35 -0.42 -100.99 -7.16 4.79
-0.15 -1.56 -0.24 -80.18 -2.76 -4.84
-0.31 -1.59 -0.14 -51.28 -8.06 -7.04
-0.34 -1.49 -0.12 -26.61 -19.33 -4.02
-0.23 -1.36 -0.19 -8.00 -25.53 0.49
-0.13 -1.24 -0.24 1.88 -24.72 1.11
-0.02 -1.11 -0.25 5.86 -17.65 -0.67
-0.03 -1.08 -0.25 6.58 -13.53 -6.09
-0.07 -1.08 -0.20 9.07 -9.44 -6.82
-0.05 -1.09 -0.18 16.38 -6.76 -3.16
-0.07 -1.07 -0.21 22.11 -5.62 -2.69
-0.05 -0.98 -0.22 18.02 -3.92 -7.92
-0.03 -1.00 -0.21 14.61 -2.26 -14.90
-0.04 -1.03 -0.20 16.90 1.83 -17.66
-0.07 -0.99 -0.19 18.17 4.87 -18.99
-0.10 -0.96 -0.15 20.96 8.38 -15.57
-0.15 -0.93 -0.13 24.23 8.66 -11.59
-0.20 -0.87 -0.12 21.01 5.88 -9.66
-0.23 -0.82 -0.08 16.18 1.80 -4.96
-0.21 -0.87 -0.09 15.89 -1.76 1.62
-0.19 -0.90 -0.10 17.18 -4.05 7.54
-0.16 -0.94 -0.13 19.89 -5.34 11.82
-0.13 -0.92 -0.15 17.74 -4.79 11.63
-0.13 -0.95 -0.15 14.64 -5.16 9.36
-0.10 -0.98 -0.17 14.23 -3.63 8.00
-0.08 -0.95 -0.18 9.05 -0.95 3.48
-0.08 -0.98 -0.19 4.46 0.18 -0.26
