0.27 -0.99 -0.05 1.57 6.97 -3.18
0.25 -0.98 -0.01 -0.14 7.22 -5.90
0.28 -0.99 0.00 -1.92 5.91 -2.17
0.29 -0.99 0.04 -1.73 3.28 1.07
0.33 -0.96 0.06 -6.37 1.08 1.49
0.36 -1.00 0.06 -11.37 -2.05 -0.90
0.41 -1.05 0.06 -14.99 -5.26 -1.93
0.45 -1.11 0.10 -15.57 -9.72 -2.27
0.49 -1.20 0.11 -14.83 -13.73 -5.50
0.59 -1.24 0.11 -14.30 -16.73 -10.21
0.67 -1.26 0.15 -15.50 -19.34 -17.11
0.79 -1.22 0.23 -20.66 -19.56 -27.23
0.88 -1.30 0.24 -17.08 -22.17 -32.57
0.87 -1.32 0.34 -12.45 -27.50 -35.84
0.94 -1.29 0.38 -6.66 -36.64 -38.26
1.00 -1.14 0.31 -8.82 -36.80 -43.25
1.10 -0.95 0.30 -4.56 -46.34 -41.75
1.20 -0.84 0.22 -9.92 -51.59 -42.86
1.28 -0.68 0.15 -20.76 -49.50 -41.82
1.32 -0.53 0.10 -38.73 -45.76 -41.66
1.31 -0.50 0.04 -56.15 -40.62 -42.24
1.24 -0.62 0.01 -64.50 -35.59 -39.22
1.19 -0.71 -0.03 -59.82 -29.65 -32.98
1.10 -0.72 -0.08 -49.92 -24.24 -27.28
0.87 -0.72 -0.09 -38.98 -23.53 -28.44
0.66 -0.70 -0.09 -25.77 -29.16 -27.34
0.51 -0.61 -0.20 -9.47 -32.34 -23.47
0.27 -0.48 -0.30 -3.00 -37.88 -20.69
0.07 -0.34 -0.40 2.85 -39.04 -5.40
0.04 -0.21 -0.59 9.84 -25.32 30.78
-0.13 -0.34 -0.74 20.56 -3.36 64.12
-0.47 -0.57 -0.72 22.64 16.48 73.41
-0.75 -0.89 -0.64 19.81 32.63 70.65
-0.84 -1.21 -0.63 35.90 55.73 72.02
-1.05 -1.16 -0.63 57.39 86.07 87.40
-1.52 -0.66 -0.36 45.30 91.27 98.04
-2.00 0.45 0.67 -16.48 66.26 103.82
-1.96 -1.00 -0.04 -48.37 78.08 114.09
-2.00 -1.67 0.12 -67.30 59.15 106.76
-2.00 -2.00 0.19 -61.88 35.21 78.17
-2.00 -2.00 0.22 -46.02 11.46 37.47
-1.81 -2.00 0.08 -20.34 -7.43 -2.44
-1.65 -1.87 -0.10 -5.27 -21.98 -37.02
-1.48 -1.30 -0.34 -5.92 -33.63 -57.47
-1.31 -0.82 -0.57 -26.76 -37.75 -69.02
-1.16 -0.67 -0.75 -51.25 -37.28 -78.89
-0.84 -0.62 -0.94 -69.79 -26.45 -80.86
-0.80 -0.84 -0.89 -62.34 -14.70 -75.37
-0.82 -0.98 -0.79 -47.00 -1.79 -72.52
-0.76 -1.02 -0.67 -23.44 4.16 -74.64
-0.76 -0.93 -0.51 -0.56 2.24 -74.74
-0.66 -0.77 -0.43 13.53 -2.53 -74.47
-0.53 -0.65 -0.35 21.44 -10.54 -71.68
-0.27 -0.55 -0.28 25.94 -15.48 -67.03
0.00 -0.45 -0.22 24.92 -16.11 -63.96
0.29 -0.39 -0.14 23.81 -10.22 -56.02
0.38 -0.36 0.01 18.53 -13.98 -44.76
0.50 -0.38 0.08 14.27 -20.23 -28.05
0.64 -0.52 0.15 14.67 -25.92 -6.34
0.83 -0.60 0.14 18.75 -32.06 12.67
1.05 -0.72 0.10 29.34 -33.50 30.74
1.27 -0.70 -0.00 42.04 -30.04 50.05
1.42 -0.72 -0.07 47.30 -21.98 60.49
1.55 -0.47 -0.07 43.37 -7.64 56.38
1.64 -0.71 -0.21 31.47 4.45 55.17
1.53 -0.75 -0.18 26.37 18.77 61.53
1.40 -0.75 -0.13 31.99 30.89 69.24
1.12 -0.81 -0.11 6.97 39.91 59.06
1.03 -1.06 0.06 -1.04 31.37 38.27
1.11 -1.25 0.04 -5.54 39.07 29.19
0.90 -1.39 0.15 9.01 36.48 27.42
0.79 -1.41 0.20 25.74 34.60 27.27
0.61 -1.04 0.29 24.28 30.30 15.13
0.61 -1.11 0.16 11.01 25.59 6.21
0.62 -1.27 0.12 8.08 22.49 3.57
0.64 -1.27 0.06 19.04 23.44 6.34
0.55 -1.30 0.05 33.35 19.45 7.86
0.51 -1.09 0.02 25.28 20.61 -1.78
0.43 -1.03 0.03 12.40 15.15 -17.87
0.42 -1.04 -0.02 5.53 11.20 -26.27
0.39 -1.07 -0.04 6.63 15.05 -20.94
0.30 -1.08 -0.02 13.27 13.40 -14.31
0.27 -1.06 -0.03 19.69 10.42 -9.79
0.24 -1.00 -0.04 21.57 7.56 -10.54
0.25 -0.95 -0.08 20.31 6.15 -10.01
0.26 -0.93 -0.09 19.01 6.92 -8.67
0.26 -0.87 -0.10 13.96 9.00 -7.83
0.27 -0.85 -0.13 9.02 11.82 -8.42
0.23 -0.85 -0.11 3.15 14.01 -6.92
0.18 -0.90 -0.09 0.34 13.41 -4.82
0.19 -0.94 -0.09 -0.02 12.37 -1.89
0.19 -0.96 -0.09 1.50 13.19 0.33
0.17 -0.96 -0.07 1.17 12.53 1.21
0.18 -0.99 -0.06 2.27 12.15 1.44
0.16 -0.97 -0.06 2.67 11.14 0.82
0.14 -0.98 -0.03 2.46 9.10 0.42
0.15 -0.99 -0.04 4.93 8.37 1.68
0.18 -0.96 -0.06 6.72 8.43 3.62
0.16 -0.92 -0.05 4.97 8.13 5.27
0.16 -0.94 -0.03 3.76 6.92 6.70
