0.12 -1.06 -0.16 2.93 -4.56 14.18
0.20 -1.15 -0.13 3.25 2.78 15.48
0.20 -1.22 -0.08 0.66 4.95 15.16
0.17 -1.35 -0.08 2.67 6.47 12.56
0.14 -1.44 -0.02 5.39 -0.96 10.78
0.18 -1.55 -0.06 11.65 -2.75 5.15
0.31 -1.53 -0.08 22.64 -10.35 8.61
0.50 -1.59 -0.18 36.14 -9.65 8.73
0.76 -1.49 -0.28 50.12 -4.09 13.28
0.95 -1.39 -0.34 57.07 4.47 17.62
1.17 -1.26 -0.41 55.76 18.98 19.34
1.24 -1.10 -0.45 44.06 36.96 6.44
1.26 -0.94 -0.45 20.37 57.69 -6.29
1.21 -0.93 -0.40 -1.48 75.30 -16.50
1.15 -0.98 -0.31 -17.28 93.60 -17.68
0.98 -1.16 -0.14 -19.45 98.84 -18.24
0.88 -1.30 -0.04 -9.83 98.78 -17.94
0.78 -1.32 0.00 3.79 98.05 -13.86
0.63 -1.32 0.04 21.05 89.83 -19.48
0.57 -1.17 -0.00 34.21 81.34 -15.10
0.51 -1.02 -0.10 41.51 81.33 -6.89
0.38 -0.83 -0.23 47.79 82.38 7.65
0.25 -0.47 -0.41 44.14 87.79 32.60
-0.05 -0.24 -0.50 36.12 86.38 53.31
-0.34 -0.16 -0.59 28.23 81.08 79.71
-0.54 -0.14 -0.69 28.32 77.19 90.03
-0.92 -0.23 -0.70 38.06 65.22 90.56
-1.40 -0.10 -0.66 42.29 46.31 103.89
-1.90 -0.18 -0.52 43.33 24.18 117.18
-2.20 -0.17 -0.53 48.44 4.89 149.40
-2.26 -0.24 -0.60 55.28 3.59 187.51
-1.76 -0.22 -0.61 82.66 24.73 205.98
-1.97 -0.39 -0.31 36.40 36.60 210.05
-1.90 -0.67 -0.32 -51.07 61.48 132.41
-1.86 -1.35 -0.10 -112.40 81.19 41.39
-2.12 -1.80 0.29 -116.11 69.91 -26.61
-2.28 -1.91 0.62 -75.98 52.75 -59.27
-2.47 -1.56 0.71 -3.77 14.40 -51.79
-2.50 -1.01 0.52 51.37 -36.00 -33.47
-2.34 -0.46 0.08 68.29 -88.52 -20.14
-1.92 -0.08 -0.43 54.23 -116.49 -8.85
-1.40 0.03 -0.88 23.73 -110.15 -14.84
-1.00 0.02 -1.19 -26.03 -80.32 -48.09
-0.85 -0.11 -1.24 -72.92 -44.64 -96.70
-0.91 -0.27 -1.08 -105.92 -21.79 -142.49
-1.00 -0.48 -0.87 -112.87 -14.32 -166.17
-1.14 -0.69 -0.57 -95.36 -25.92 -163.21
-1.15 -0.84 -0.36 -62.15 -53.11 -149.04
-0.92 -0.86 -0.33 -25.27 -76.99 -122.15
-0.54 -0.76 -0.48 3.92 -85.91 -100.52
-0.22 -0.38 -0.55 7.91 -85.07 -85.68
0.04 -0.19 -0.57 -11.34 -74.40 -78.37
0.32 -0.24 -0.56 -29.44 -60.85 -67.68
0.51 -0.41 -0.48 -37.31 -47.91 -60.49
0.59 -0.54 -0.33 -43.18 -37.08 -48.47
0.61 -0.75 -0.17 -45.48 -29.53 -38.70
0.56 -0.94 -0.03 -37.57 -33.24 -33.47
0.60 -1.14 0.06 -25.85 -39.04 -26.11
0.68 -1.23 0.12 -9.59 -45.57 -19.36
0.83 -1.24 0.16 5.01 -48.81 -10.38
0.98 -1.23 0.08 22.64 -45.62 0.69
1.02 -1.08 0.11 27.34 -39.85 8.99
0.98 -1.01 0.12 19.63 -40.79 11.68
1.00 -1.12 0.05 13.31 -41.39 13.77
0.98 -1.24 -0.08 16.24 -33.83 14.92
0.86 -1.21 -0.10 16.61 -26.21 12.63
0.73 -1.15 -0.15 11.45 -21.56 12.44
0.58 -1.07 -0.19 2.31 -17.07 11.77
0.41 -1.04 -0.13 -12.99 -17.68 12.20
0.29 -1.08 -0.14 -26.79 -21.25 20.06
0.12 -1.23 -0.05 -33.74 -31.88 21.97
0.10 -1.30 -0.07 -36.46 -41.77 29.42
0.13 -1.50 -0.16 -24.73 -41.47 24.61
0.21 -1.53 -0.21 -8.00 -35.37 22.23
0.33 -1.49 -0.35 2.37 -15.94 15.85
0.31 -1.41 -0.37 5.86 2.08 -1.97
0.21 -1.21 -0.37 -0.61 11.45 -14.85
0.13 -1.08 -0.35 -10.52 17.69 -21.51
0.08 -1.05 -0.31 -17.10 28.52 -20.14
0.06 -1.16 -0.37 1.16 34.03 -11.54
-0.10 -0.99 -0.16 -7.39 34.00 2.32
-0.05 -1.03 -0.17 -16.23 38.76 -1.08
-0.12 -1.19 -0.10 -12.66 36.53 -6.21
-0.16 -1.18 -0.10 -8.84 28.99 -12.93
-0.19 -1.05 -0.07 -6.72 22.26 -19.28
-0.24 -0.98 -0.07 -8.64 15.74 -21.89
-0.23 -0.91 -0.11 -7.37 10.31 -19.19
-0.23 -0.93 -0.10 -0.40 5.28 -13.59
-0.21 -0.88 -0.09 3.71 2.46 -7.11
-0.16 -0.88 -0.12 2.61 -0.37 -4.32
-0.16 -0.92 -0.11 0.61 -5.30 -2.50
-0.10 -0.94 -0.13 0.43 -5.56 -1.21
-0.10 -0.99 -0.15 3.48 -7.30 -0.40
-0.05 -0.97 -0.21 5.71 -6.55 0.35
-0.02 -0.96 -0.24 7.11 -3.80 0.72
-0.01 -0.93 -0.26 4.98 0.03 0.26
-0.03 -0.93 -0.23 2.85 2.72 0.75
-0.07 -0.94 -0.21 3.01 2.03 4.08
-0.10 -0.94 -0.18 3.95 0.61 9.66
-0.12 -0.96 -0.18 5.98 -3.48 15.31
