0.35 -1.00 0.05 -4.33 3.27 1.51
0.40 -1.04 0.06 -6.48 2.44 1.04
0.46 -1.05 0.09 -8.53 1.37 -0.79
0.47 -1.08 0.11 -12.39 1.75 -3.56
0.44 -1.12 0.16 -14.98 -3.67 -7.05
0.51 -1.19 0.18 -15.19 -8.23 -7.75
0.64 -1.26 0.16 -13.66 -12.81 -7.67
0.71 -1.30 0.16 -10.20 -10.69 -10.08
0.74 -1.25 0.27 -5.62 -22.69 -19.19
0.84 -1.16 0.21 -11.18 -13.92 -27.31
0.89 -1.11 0.23 -7.95 -19.66 -35.00
0.99 -0.93 0.18 -12.49 -20.92 -36.19
1.13 -0.83 0.14 -19.88 -16.93 -33.50
1.23 -0.69 0.12 -29.25 -13.51 -34.44
1.26 -0.70 0.14 -37.55 -9.75 -28.69
1.28 -0.55 0.18 -46.90 -8.40 -27.47
1.06 -0.51 0.41 -60.62 -40.86 -40.51
0.98 -0.54 0.46 -87.52 -13.24 -31.82
0.95 -1.03 0.30 -73.87 -24.02 -33.88
0.93 -1.02 0.24 -61.34 -30.67 -29.30
0.95 -0.87 0.12 -46.11 -25.27 -27.89
0.91 -0.70 -0.02 -40.69 -22.09 -26.57
0.79 -0.55 -0.10 -40.81 -13.02 -15.07
0.44 -0.48 -0.11 -41.92 -17.54 -12.69
0.28 -0.52 -0.24 -42.73 -18.21 1.25
0.05 -0.68 -0.33 -33.44 -17.87 14.55
-0.25 -0.84 -0.34 -18.62 -19.66 25.55
-0.43 -0.91 -0.39 2.60 -10.42 45.70
-0.40 -0.98 -0.58 24.47 0.72 61.47
-0.47 -0.96 -0.65 42.55 21.69 77.35
-0.50 -0.94 -0.79 56.40 49.56 84.10
-0.71 -0.75 -0.78 54.99 76.89 89.05
-1.11 -0.65 -0.63 36.45 88.98 88.54
-1.39 -0.71 -0.46 13.77 91.18 89.55
-1.47 -0.75 -0.36 -8.60 82.58 89.60
-1.73 -0.98 -0.10 -17.53 68.59 98.79
-1.68 -1.21 -0.05 -25.76 58.07 99.47
-1.67 -1.42 0.03 -33.52 36.01 88.89
-1.62 -1.58 0.02 -38.00 7.62 66.06
-2.00 -0.09 1.51 -41.71 16.72 9.57
-1.43 -2.00 -0.24 -61.47 -22.51 -14.88
-0.25 -1.91 -1.00 -53.28 -9.34 -19.63
-0.86 -1.48 -0.55 -43.37 -25.66 -47.82
-0.81 -1.30 -0.64 -34.10 -23.16 -52.89
-0.69 -1.08 -0.77 -30.97 -17.33 -56.31
-0.69 -1.04 -0.77 -26.01 -13.59 -56.88
-0.69 -1.00 -0.76 -19.81 -8.48 -55.09
-0.67 -1.04 -0.72 -10.64 -4.00 -54.85
-0.65 -0.99 -0.66 -3.43 -0.13 -57.15
-0.64 -0.87 -0.54 5.95 10.90 -59.85
-0.68 -0.98 -0.47 4.71 3.95 -68.55
-0.48 -0.67 -0.40 13.71 2.12 -70.40
-0.48 -0.86 -0.44 16.45 -4.96 -58.13
-0.26 -0.63 -0.31 14.94 -5.23 -52.38
-0.17 -0.71 -0.28 23.24 -8.02 -49.59
-0.02 -0.62 -0.23 18.37 -4.63 -45.90
0.01 -0.70 -0.12 17.97 -6.30 -45.57
0.13 -0.68 -0.05 14.85 -5.51 -43.37
0.13 -0.76 0.03 17.00 -7.07 -37.33
0.17 -0.80 0.13 21.13 -13.85 -29.98
0.31 -0.80 0.12 26.05 -19.27 -23.51
0.50 -0.74 0.07 28.21 -17.80 -15.54
0.64 -0.68 0.05 29.31 -15.40 -6.36
0.74 -0.65 0.04 30.10 -11.89 7.45
0.75 -0.61 0.04 29.30 -8.20 22.42
0.69 -0.64 0.15 28.18 -12.57 31.38
0.84 -0.90 0.04 24.66 -1.34 38.77
0.86 -0.93 0.09 27.41 -9.65 27.18
0.96 -0.75 0.00 18.67 -5.48 18.61
1.05 -0.92 -0.07 17.35 2.94 15.66
0.93 -0.80 0.02 18.15 10.04 20.54
0.91 -0.89 -0.04 19.80 16.95 25.92
0.79 -0.92 0.03 19.44 20.97 33.50
0.73 -1.07 0.11 21.22 19.62 37.31
0.70 -1.20 0.16 23.86 16.50 34.16
0.72 -1.21 0.13 28.34 13.77 24.63
0.72 -1.15 0.08 24.85 15.02 12.62
0.73 -1.13 -0.02 14.85 17.75 3.65
0.69 -1.07 -0.03 7.84 22.03 0.37
0.65 -1.02 -0.05 1.64 25.02 -0.02
0.54 -1.18 0.01 3.46 23.81 8.60
0.45 -1.26 0.07 13.24 20.21 12.24
0.57 -1.13 0.01 16.17 27.69 2.98
0.44 -1.26 0.06 31.08 7.87 -6.82
0.50 -0.97 -0.05 16.63 16.55 -13.77
0.47 -1.09 -0.05 25.78 6.66 -22.58
0.44 -1.00 -0.05 21.64 13.43 -13.69
0.31 -0.91 0.01 18.45 13.04 -14.80
0.35 -0.82 -0.02 8.34 15.80 -14.50
0.29 -0.92 -0.01 5.11 14.45 -9.21
0.32 -0.90 -0.03 8.17 15.15 -1.32
0.26 -0.88 -0.01 6.30 14.05 0.34
0.22 -0.92 0.01 3.31 9.24 -2.09
0.27 -0.99 -0.01 6.89 7.19 -1.56
0.29 -0.97 -0.04 13.14 8.63 1.60
0.25 -0.87 -0.04 10.57 9.03 0.95
0.21 -0.83 -0.03 3.42 8.36 0.11
0.23 -0.88 -0.05 -0.17 8.57 1.56
0.21 -0.88 -0.05 -2.21 10.88 5.84
0.18 -0.90 -0.03 -6.21 9.99 7.02
