-0.02 -0.99 -0.02 -8.69 -1.53 2.50
-0.02 -0.99 -0.03 -8.37 -1.42 2.60
-0.03 -1.00 -0.00 -7.97 -1.92 3.02
-0.02 -1.00 -0.01 -6.87 -2.56 4.14
-0.03 -1.01 0.01 -5.31 -3.22 5.48
0.00 -1.01 -0.00 -3.73 -3.42 7.18
-0.01 -0.99 -0.00 -2.99 -3.22 7.77
-0.01 -0.98 -0.01 -3.33 -3.59 6.99
-0.00 -0.98 -0.00 -4.02 -3.82 5.63
-0.01 -0.98 0.00 -4.75 -4.06 4.14
-0.03 -0.97 0.00 -5.77 -4.87 2.40
-0.04 -0.97 0.00 -6.60 -5.80 1.21
-0.04 -0.99 0.01 -6.60 -6.78 1.40
-0.04 -1.01 0.02 -4.43 -7.63 2.79
-0.04 -1.01 0.01 -2.85 -8.29 4.08
-0.03 -1.00 0.01 -1.95 -8.43 5.07
-0.02 -1.00 0.00 -1.88 -9.31 5.68
-0.02 -1.00 0.01 -2.32 -9.88 6.03
-0.01 -0.99 0.01 -3.24 -10.56 7.16
-0.02 -0.98 0.01 -4.18 -11.63 7.98
-0.00 -1.01 0.01 -4.58 -11.91 9.94
-0.01 -1.03 0.02 -3.57 -12.61 10.41
-0.01 -1.06 0.04 -0.90 -13.57 11.11
0.01 -1.08 0.05 2.93 -13.42 11.47
0.01 -1.07 0.03 5.74 -13.22 9.65
0.00 -1.02 0.02 6.49 -13.54 6.69
-0.01 -1.00 0.01 5.30 -14.18 4.53
-0.00 -0.98 -0.00 3.85 -13.94 4.52
-0.00 -0.98 0.02 3.31 -14.21 6.50
0.01 -0.97 0.00 3.36 -13.36 10.32
0.00 -0.98 -0.00 2.17 -12.56 12.27
-0.02 -1.02 0.02 1.91 -12.92 12.87
-0.03 -1.06 0.02 3.97 -13.59 14.02
0.01 -1.06 0.03 6.79 -12.95 15.18
0.02 -1.04 0.03 9.02 -11.97 15.39
0.04 -1.03 0.02 10.78 -11.07 15.47
0.05 -1.00 0.02 11.62 -9.30 16.03
0.07 -0.97 0.02 11.71 -7.98 18.00
0.08 -0.95 0.01 11.36 -6.20 20.17
0.10 -0.93 0.01 10.44 -3.97 22.41
0.10 -0.93 0.04 9.89 -1.54 24.98
0.10 -0.93 0.03 9.21 1.51 26.76
0.07 -0.92 0.04 7.13 3.85 26.29
0.04 -0.97 0.02 5.83 5.98 23.65
-0.01 -1.01 0.02 6.12 7.33 19.10
-0.04 -1.02 0.02 6.78 7.16 13.13
-0.07 -1.02 0.03 7.48 7.07 6.99
-0.09 -0.98 0.03 6.41 5.63 1.19
-0.09 -0.96 0.02 4.26 3.97 -3.16
-0.08 -0.93 0.03 2.50 2.49 -4.43
-0.03 -0.91 0.00 1.05 2.67 -2.53
0.04 -0.88 -0.03 -1.56 6.21 0.52
0.07 -0.87 -0.07 -5.48 13.10 3.50
0.01 -0.87 -0.07 -9.28 19.15 7.54
-0.09 -0.86 -0.06 -13.63 20.79 9.56
-0.15 -0.87 -0.04 -18.15 18.41 9.51
-0.15 -0.87 -0.06 -22.18 15.56 11.07
-0.16 -0.93 -0.04 -23.65 12.72 14.27
-0.14 -1.05 -0.00 -17.77 10.64 18.53
-0.06 -1.09 -0.01 -7.56 11.27 24.17
-0.00 -1.04 -0.05 0.35 15.31 26.09
-0.00 -0.97 -0.10 1.54 19.83 20.43
-0.04 -0.92 -0.12 -2.67 21.86 10.44
-0.07 -0.92 -0.15 -7.62 21.92 0.15
-0.09 -0.93 -0.15 -11.37 22.02 -5.33
-0.14 -0.93 -0.14 -13.11 21.88 -3.22
-0.21 -0.93 -0.13 -13.34 19.53 4.50
-0.28 -1.00 -0.11 -9.91 14.46 14.98
-0.20 -1.05 -0.14 -2.93 13.53 24.69
-0.12 -1.05 -0.21 2.49 17.24 30.49
-0.06 -1.02 -0.24 3.82 23.74 28.32
-0.16 -1.04 -0.24 2.69 25.42 17.73
-0.21 -1.06 -0.21 0.14 22.00 2.72
-0.23 -1.07 -0.20 -0.89 16.87 -13.30
-0.22 -1.05 -0.21 -1.25 13.66 -22.46
-0.24 -0.99 -0.22 -3.31 10.67 -25.71
-0.29 -0.99 -0.20 -4.20 6.37 -20.70
-0.33 -1.00 -0.18 -2.43 0.50 -9.57
-0.24 -1.00 -0.18 0.47 -2.64 3.13
-0.00 -0.98 -0.29 1.11 4.98 10.34
0.08 -0.98 -0.32 0.27 17.85 9.98
-0.00 -0.98 -0.29 -1.85 24.82 5.33
-0.12 -0.99 -0.27 -4.40 24.53 -2.02
-0.18 -0.99 -0.24 -5.65 22.31 -5.54
-0.22 -1.00 -0.22 -5.68 19.37 -5.53
-0.26 -1.05 -0.20 -2.93 14.96 -3.39
-0.26 -1.06 -0.20 1.30 10.24 -0.81
-0.21 -1.03 -0.25 2.76 7.59 -1.47
-0.16 -0.99 -0.28 0.41 8.27 -4.05
-0.18 -0.99 -0.29 -2.84 8.49 -7.10
-0.24 -1.00 -0.27 -6.09 6.09 -9.73
-0.24 -1.02 -0.27 -6.37 4.03 -9.42
-0.26 -1.01 -0.25 -6.41 2.21 -8.03
-0.26 -0.98 -0.26 -7.51 -0.90 -6.90
-0.26 -0.98 -0.26 -8.92 -4.56 -6.20
-0.24 -1.01 -0.25 -8.84 -7.82 -4.66
-0.19 -1.04 -0.25 -5.89 -9.71 -1.95
-0.11 -1.02 -0.26 -3.04 -8.32 -0.98
-0.09 -1.01 -0.25 -1.89 -7.02 -1.91
-0.10 -0.99 -0.23 -1.71 -6.03 -5.01
