-0.08 -1.14 -0.07 2.50 -2.90 1.77
-0.01 -1.12 -0.12 6.49 -4.69 -1.77
0.09 -1.05 -0.17 7.37 -3.98 -5.37
0.24 -1.00 -0.20 5.53 -0.55 -7.76
0.38 -1.00 -0.30 4.63 3.54 -4.79
0.57 -0.98 -0.29 8.90 7.15 1.36
0.79 -0.98 -0.27 14.32 14.50 17.01
0.99 -0.96 -0.25 23.68 15.16 33.92
1.18 -0.96 -0.24 29.63 21.05 52.47
1.34 -0.98 -0.24 32.61 25.56 60.29
1.53 -1.01 -0.21 17.33 40.26 61.31
1.62 -1.17 -0.15 -2.64 59.08 53.86
1.59 -1.31 -0.07 -18.61 72.70 44.98
1.52 -1.42 0.02 -23.77 79.02 42.31
1.45 -1.48 0.03 -15.51 86.27 42.53
1.31 -1.39 0.02 -3.07 92.18 47.28
1.17 -1.26 -0.02 7.13 99.39 56.20
1.00 -1.10 -0.02 10.70 107.83 63.89
0.79 -1.01 -0.01 9.11 113.24 71.73
0.59 -0.93 -0.01 8.14 115.50 78.32
0.42 -0.88 -0.09 9.15 119.95 85.45
0.15 -0.76 -0.14 9.54 122.09 93.02
-0.12 -0.71 -0.24 16.31 117.05 95.91
-0.53 -0.59 -0.31 24.12 102.40 97.01
-0.94 -0.43 -0.31 23.18 70.53 94.89
-1.15 -0.31 -0.48 22.89 43.73 100.20
-1.33 -0.25 -0.67 34.46 30.03 121.74
-1.41 -0.19 -0.76 46.56 49.25 150.55
-1.42 -0.10 -1.23 66.40 28.27 186.23
-1.69 -0.46 -0.79 75.82 27.71 179.91
-1.75 -0.49 -0.71 38.67 27.05 168.14
-1.92 -0.66 -0.70 77.97 -1.80 135.01
-1.81 -0.78 -0.44 21.51 49.85 112.41
-1.55 -0.79 -0.59 2.03 75.63 56.55
-1.73 -0.86 -0.16 -24.24 89.11 16.49
-1.99 -0.90 0.10 -39.79 68.98 -28.46
-2.10 -0.86 0.24 -44.44 38.34 -62.58
-2.17 -0.73 0.28 -38.60 1.18 -77.01
-2.18 -0.59 0.19 -39.18 -36.87 -80.26
-2.11 -0.50 -0.03 -32.58 -72.56 -83.71
-2.01 -0.37 -0.20 -35.65 -102.58 -93.08
-1.85 -0.32 -0.42 -51.15 -114.14 -111.89
-1.77 -0.28 -0.49 -73.53 -121.86 -141.24
-1.57 -0.27 -0.52 -94.31 -127.73 -167.89
-1.30 -0.34 -0.63 -100.50 -120.98 -180.78
-1.11 -0.46 -0.65 -82.17 -107.74 -175.51
-0.94 -0.57 -0.63 -53.04 -94.96 -157.98
-0.77 -0.56 -0.62 -30.37 -86.23 -141.54
-0.64 -0.41 -0.51 -24.61 -86.02 -131.94
-0.40 -0.30 -0.48 -34.20 -88.20 -119.89
-0.15 -0.37 -0.46 -41.59 -83.94 -109.07
0.06 -0.49 -0.40 -43.34 -80.34 -101.53
0.29 -0.59 -0.35 -46.35 -73.80 -87.18
0.68 -0.80 -0.37 -44.95 -52.76 -73.07
0.86 -0.99 -0.42 -35.85 -28.38 -63.89
0.82 -1.01 -0.32 -30.15 -13.48 -60.21
0.79 -0.97 -0.19 -32.53 -4.85 -52.58
0.78 -0.98 -0.11 -31.19 -0.82 -39.60
0.80 -0.97 0.02 -26.76 -3.71 -15.40
0.88 -1.05 0.05 -16.24 -11.56 7.94
0.97 -1.16 0.05 -2.96 -19.51 28.24
1.16 -1.32 0.01 13.77 -20.56 43.44
1.21 -1.37 -0.04 29.85 -24.23 49.34
1.24 -1.33 -0.11 36.93 -23.94 47.07
1.22 -1.24 -0.15 35.10 -22.72 37.53
1.14 -1.14 -0.18 25.97 -24.66 21.24
1.04 -1.05 -0.23 14.84 -25.91 7.98
0.90 -1.01 -0.25 3.91 -23.76 2.63
0.81 -1.02 -0.30 -1.83 -16.11 8.96
0.66 -1.05 -0.32 -1.76 -6.02 17.33
0.49 -1.10 -0.26 -0.63 0.29 26.21
0.36 -1.16 -0.21 0.44 2.70 28.78
0.24 -1.21 -0.17 -0.55 3.21 21.53
0.14 -1.20 -0.14 -5.02 1.62 10.61
0.03 -1.21 -0.11 -9.22 -1.40 -1.76
-0.04 -1.19 -0.08 -13.98 -4.27 -10.21
-0.04 -1.22 -0.10 -14.52 -4.82 -13.07
-0.06 -1.20 -0.12 -8.41 -4.90 -11.40
-0.04 -1.08 -0.13 -11.21 -0.38 -9.57
-0.04 -1.17 -0.22 5.47 -2.41 -7.04
-0.12 -0.96 -0.06 -4.18 -9.10 -0.58
-0.02 -1.00 -0.22 -13.85 -0.43 -6.87
-0.11 -1.03 -0.17 -15.97 0.50 -12.26
-0.15 -1.05 -0.17 -19.10 -4.87 -16.12
-0.16 -1.06 -0.15 -15.16 -5.39 -17.39
-0.17 -1.06 -0.12 -11.36 -10.64 -15.91
-0.12 -1.10 -0.18 -3.94 -10.26 -15.16
-0.08 -1.07 -0.18 4.60 -10.44 -15.22
-0.06 -0.97 -0.20 6.00 -9.16 -15.10
-0.03 -0.90 -0.22 1.48 -7.65 -14.73
0.02 -0.86 -0.26 -3.48 -5.21 -15.19
0.03 -0.89 -0.26 -2.26 -3.88 -11.44
0.03 -0.90 -0.24 -2.35 1.22 -6.84
-0.01 -0.94 -0.21 -2.11 -0.23 -5.68
0.02 -0.99 -0.22 2.69 -2.43 -3.59
0.03 -0.99 -0.24 9.71 -1.30 -0.58
0.05 -0.95 -0.23 12.21 1.30 0.43
0.06 -0.93 -0.27 10.29 3.83 -2.12
0.04 -0.89 -0.26 4.99 7.15 -5.79
0.01 -0.90 -0.23 -0.72 8.29 -6.84
