-0.10 -0.92 0.05 -7.05 0.61 -0.21
-0.10 -0.93 0.05 -7.74 0.21 -0.40
-0.10 -0.92 0.06 -7.98 -0.37 -0.31
-0.09 -0.92 0.06 -7.79 -0.18 0.47
-0.08 -0.92 0.06 -7.66 -0.17 0.63
-0.08 -0.91 0.05 -8.70 -0.03 0.50
-0.09 -0.91 0.06 -10.79 -0.70 -0.43
-0.11 -0.94 0.09 -11.80 -2.79 -0.37
-0.08 -0.95 0.09 -10.37 -3.37 1.82
-0.06 -0.96 0.10 -8.40 -2.84 4.67
-0.05 -0.94 0.10 -7.74 -2.75 5.92
-0.03 -0.94 0.12 -9.10 -2.89 5.21
-0.02 -0.95 0.13 -11.13 -2.75 3.02
0.04 -0.98 0.13 -12.81 0.03 -1.24
0.02 -1.02 0.16 -12.66 2.82 -4.58
-0.01 -1.03 0.18 -12.66 1.89 -8.52
-0.04 -1.02 0.20 -13.91 -0.79 -10.18
-0.06 -1.03 0.22 -15.51 -5.37 -9.88
-0.02 -1.08 0.28 -15.21 -9.04 -6.79
0.00 -1.15 0.29 -10.50 -12.03 -4.69
0.06 -1.20 0.31 -4.06 -13.68 -5.24
0.09 -1.20 0.31 3.07 -13.73 -6.29
0.10 -1.18 0.31 8.87 -13.21 -7.05
0.11 -1.15 0.30 14.34 -12.66 -6.96
0.12 -1.10 0.29 19.88 -13.63 -7.62
0.18 -1.06 0.25 22.79 -12.50 -8.55
0.25 -1.03 0.24 23.85 -7.33 -8.99
0.23 -1.01 0.23 23.97 -2.15 -11.01
0.17 -0.93 0.21 19.95 -0.84 -15.86
0.12 -0.86 0.17 8.05 -1.79 -22.44
0.05 -0.88 0.14 -5.86 -4.79 -27.57
-0.01 -0.99 0.20 -13.98 -11.28 -29.74
0.02 -1.12 0.24 -11.40 -16.11 -25.85
0.08 -1.19 0.25 0.00 -15.04 -16.99
0.09 -1.18 0.22 15.15 -11.60 -6.53
0.10 -1.10 0.18 24.89 -9.22 0.37
0.14 -1.01 0.14 29.42 -6.56 0.67
0.14 -0.93 0.07 27.51 -4.75 -5.65
0.13 -0.86 0.04 19.85 -2.34 -12.12
0.11 -0.81 0.01 10.31 0.72 -14.95
0.05 -0.76 -0.03 -4.03 3.44 -13.31
-0.04 -0.84 0.02 -14.14 1.37 -7.71
-0.08 -0.98 0.08 -14.32 -3.56 -0.52
-0.02 -1.10 0.09 -4.85 -5.13 6.92
0.04 -1.14 0.11 10.95 -4.50 14.20
0.10 -1.08 0.07 23.83 -0.32 18.84
0.15 -0.95 0.03 28.02 4.29 17.86
0.14 -0.83 -0.05 24.09 7.62 9.45
0.09 -0.68 -0.16 7.11 13.63 0.79
-0.01 -0.63 -0.18 -17.13 17.04 -6.47
-0.13 -0.71 -0.11 -37.88 14.46 -10.06
-0.13 -0.88 -0.03 -46.52 12.66 -4.64
-0.12 -1.04 0.02 -41.25 13.22 6.31
-0.16 -1.11 0.07 -27.39 10.24 14.29
-0.10 -1.08 0.02 -13.82 8.60 18.70
-0.08 -0.92 -0.05 -7.80 9.15 19.59
-0.03 -0.81 -0.12 -9.63 12.14 19.39
-0.04 -0.73 -0.15 -15.24 16.60 17.33
-0.09 -0.68 -0.19 -23.73 19.22 12.67
-0.22 -0.63 -0.30 -41.54 20.52 7.82
-0.37 -0.73 -0.30 -64.70 15.30 2.47
-0.40 -0.94 -0.28 -76.55 8.63 -0.60
-0.42 -1.15 -0.21 -76.40 3.83 3.21
-0.42 -1.37 -0.09 -60.63 -0.95 9.86
-0.35 -1.53 -0.05 -29.48 -3.73 16.76
-0.26 -1.48 -0.09 5.45 -1.11 22.09
-0.22 -1.27 -0.17 28.63 2.43 23.83
-0.18 -1.00 -0.29 33.62 5.33 17.89
-0.19 -0.76 -0.39 18.40 8.15 6.90
-0.27 -0.66 -0.40 -5.71 6.81 -3.85
-0.32 -0.74 -0.37 -25.18 4.23 -7.53
-0.35 -0.91 -0.33 -33.08 2.92 -5.27
-0.34 -1.06 -0.27 -30.29 2.55 -0.40
-0.34 -1.19 -0.24 -18.73 1.31 1.80
-0.27 -1.21 -0.20 -4.89 0.96 -0.09
-0.24 -1.11 -0.19 4.90 0.37 -6.66
-0.23 -0.98 -0.22 7.77 -1.33 -15.10
-0.21 -0.84 -0.28 1.65 -0.93 -21.01
-0.24 -0.77 -0.31 -8.61 -1.28 -24.18
-0.25 -0.77 -0.32 -20.18 -2.03 -22.78
-0.24 -0.85 -0.29 -28.63 -2.05 -18.20
-0.27 -0.97 -0.27 -31.94 -4.34 -15.05
-0.26 -1.07 -0.23 -31.51 -4.84 -11.10
-0.25 -1.20 -0.18 -22.92 -3.94 -6.73
-0.25 -1.28 -0.11 -6.26 -4.92 -6.29
-0.26 -1.23 -0.11 12.76 -6.21 -5.11
-0.24 -1.07 -0.18 25.92 -7.42 -4.20
-0.21 -0.83 -0.23 22.93 -7.62 -6.43
-0.20 -0.73 -0.20 9.40 -11.34 -9.30
-0.13 -0.72 -0.15 -2.89 -14.50 -10.92
-0.08 -0.76 -0.14 -10.24 -15.66 -9.37
-0.05 -0.85 -0.08 -9.66 -15.53 -4.32
-0.03 -0.93 -0.07 -0.99 -15.83 2.44
0.05 -0.95 -0.11 10.12 -12.15 10.32
0.11 -0.88 -0.12 17.18 -5.44 15.50
0.08 -0.78 -0.17 13.86 -1.66 11.08
0.05 -0.76 -0.17 1.25 -1.98 -1.11
0.02 -0.81 -0.08 -11.50 -2.49 -9.33
0.04 -0.89 -0.08 -16.50 -1.40 -12.18
0.02 -0.96 -0.04 -15.73 1.33 -9.18
