-0.18 -0.93 0.06 0.72 -0.50 5.74
-0.22 -0.93 0.07 -2.15 -1.76 6.58
-0.23 -0.94 0.09 -5.98 -3.69 6.84
-0.25 -1.00 0.09 -8.18 -6.32 6.50
-0.23 -1.05 0.07 -8.18 -8.60 5.62
-0.22 -1.10 0.06 -6.47 -10.31 4.05
-0.20 -1.11 0.06 -4.69 -11.44 2.41
-0.19 -1.09 0.05 -4.35 -12.79 -0.09
-0.19 -1.11 0.02 -5.05 -13.71 -1.85
-0.15 -1.12 0.01 -3.22 -12.60 -3.54
-0.14 -1.08 -0.01 -1.30 -11.16 -3.92
-0.11 -1.06 -0.06 0.11 -8.85 -2.49
-0.08 -1.00 -0.09 0.73 -4.70 -0.72
-0.09 -0.99 -0.14 -0.92 -1.27 1.53
-0.04 -1.02 -0.16 -0.82 3.45 3.82
-0.01 -1.06 -0.18 2.11 8.79 6.87
0.05 -1.09 -0.18 4.49 17.31 9.92
0.07 -1.14 -0.08 6.99 24.24 10.79
0.11 -1.17 0.02 10.70 27.10 9.40
0.21 -1.16 0.09 13.08 30.78 7.24
0.29 -1.15 0.21 13.88 31.89 4.41
0.49 -1.16 0.29 10.44 29.42 5.22
0.72 -1.28 0.38 4.90 23.77 -6.41
1.02 -1.34 0.50 -6.85 14.46 -14.47
1.35 -1.54 0.51 -22.60 5.44 -21.13
1.72 -1.78 0.55 -35.63 -0.40 -40.29
1.98 -1.99 0.59 -44.12 -4.73 -61.40
2.01 -2.20 0.65 -41.82 -18.37 -75.24
2.18 -2.42 0.53 -30.92 -13.22 -100.40
2.08 -2.44 0.53 -2.12 -9.01 -123.60
2.03 -2.20 0.48 34.38 0.50 -138.50
1.83 -1.64 0.45 69.34 11.34 -144.78
1.67 -0.84 0.35 80.29 18.44 -145.33
1.60 0.03 0.22 47.42 23.16 -137.16
1.56 0.81 -0.02 9.28 31.01 -127.40
1.48 1.18 -0.33 -63.31 51.66 -94.99
1.13 1.22 -0.75 -124.52 79.39 -45.79
0.44 0.80 -1.17 -165.74 106.26 26.29
-0.88 -0.25 -1.18 -153.80 103.42 71.74
-1.69 -0.96 -1.19 -113.98 91.76 115.27
-2.35 -1.16 -1.28 -68.52 90.66 135.76
-2.91 -1.01 -1.12 -35.11 83.01 159.76
-3.13 -0.86 -0.99 -7.48 90.72 192.66
-3.29 -0.68 -0.59 -11.92 105.21 214.09
-3.22 -0.64 -0.24 -38.47 120.99 189.82
-3.24 -0.68 0.34 -83.48 123.88 174.73
-2.96 -0.84 0.75 -128.87 98.29 136.08
-2.71 -1.36 0.91 -157.15 50.06 91.95
-2.20 -1.78 0.79 -170.55 2.63 39.77
-1.71 -2.31 0.48 -149.39 -41.53 -29.31
-1.21 -2.58 0.03 -98.64 -57.68 -85.53
-0.97 -2.33 -0.38 -31.36 -60.89 -125.15
-0.77 -1.68 -0.71 26.85 -49.92 -139.92
-0.73 -0.90 -0.95 64.87 -41.82 -139.94
-0.72 -0.20 -1.09 78.35 -34.08 -125.22
-0.63 0.42 -1.09 65.16 -23.60 -103.19
-0.70 0.78 -0.97 32.52 -17.44 -88.43
-0.86 0.96 -0.82 -24.60 -8.09 -72.87
-1.23 0.67 -0.66 -82.24 -4.17 -62.06
-1.62 0.14 -0.53 -124.66 -10.52 -68.02
-2.00 -0.32 -0.48 -137.10 -16.78 -62.37
-2.48 -0.83 -0.42 -128.87 -26.17 -56.43
-2.70 -1.16 -0.44 -93.30 -47.92 -60.84
-2.78 -1.30 -0.36 -62.37 -75.02 -65.42
-2.58 -1.28 -0.40 -21.71 -103.85 -79.85
-2.12 -1.11 -0.49 13.98 -123.15 -90.15
-1.44 -0.76 -0.56 36.93 -125.65 -95.80
-0.65 -0.50 -0.60 50.24 -106.73 -87.63
0.01 -0.30 -0.48 65.89 -84.69 -60.32
0.50 -0.24 -0.29 81.91 -62.14 -20.00
0.88 -0.32 -0.04 93.19 -47.74 26.44
1.12 -0.45 0.08 93.18 -32.73 60.12
1.13 -0.72 0.20 76.66 -28.99 68.98
1.20 -1.16 0.20 62.06 -36.63 54.43
1.36 -1.53 0.07 56.14 -47.13 42.72
1.70 -1.82 -0.24 66.17 -41.85 32.53
1.91 -1.85 -0.47 93.01 -22.69 26.34
1.95 -1.52 -0.50 116.93 5.30 35.66
1.81 -1.17 -0.43 126.53 23.18 55.31
1.66 -0.96 -0.35 116.89 34.66 65.31
1.57 -0.87 -0.33 87.73 44.81 58.84
1.37 -1.00 -0.25 55.50 53.66 51.68
1.22 -1.39 -0.21 43.53 58.79 42.40
0.98 -1.58 -0.19 45.19 64.69 30.31
0.73 -1.53 -0.07 45.98 65.77 21.69
0.49 -1.53 0.04 45.31 63.21 13.21
0.26 -1.41 0.20 38.66 56.66 3.22
0.09 -1.29 0.33 31.98 45.28 -3.30
-0.03 -1.20 0.38 28.66 32.17 -3.65
-0.16 -1.11 0.38 25.33 14.66 -4.82
-0.15 -1.06 0.26 19.19 1.33 -6.18
-0.06 -1.07 0.12 15.15 -4.50 -10.92
-0.03 -0.98 0.02 13.45 -4.31 -13.59
-0.07 -0.92 0.03 9.47 -3.47 -10.40
-0.09 -0.89 0.06 4.52 -5.07 -8.38
-0.09 -0.85 0.08 -3.39 -4.17 -6.23
-0.13 -0.86 0.12 -12.00 -3.94 -6.99
-0.17 -0.88 0.18 -18.44 -6.29 -6.17
-0.20 -0.93 0.19 -18.60 -11.66 -7.04
-0.14 -0.94 0.15 -19.56 -15.48 -7.80
