0.07 -0.95 0.08 -17.48 -0.79 7.25
0.10 -0.98 0.07 -15.22 2.00 8.41
0.07 -0.97 0.08 -13.36 2.14 8.09
0.07 -0.95 0.09 -13.79 1.62 6.72
0.07 -0.98 0.09 -13.65 -0.11 4.99
0.08 -0.99 0.09 -13.53 -0.92 4.98
0.09 -0.99 0.12 -13.47 -0.78 6.03
0.11 -0.99 0.13 -14.15 -0.43 6.78
0.12 -0.99 0.14 -15.24 -1.22 6.79
0.13 -1.03 0.16 -15.94 -0.75 6.61
0.13 -1.05 0.17 -15.86 -1.95 4.18
0.18 -1.10 0.17 -14.60 -1.18 1.85
0.19 -1.14 0.20 -10.03 1.04 -0.52
0.17 -1.13 0.21 -5.44 2.27 -1.79
0.15 -1.09 0.22 -2.35 2.73 -2.41
0.14 -1.06 0.21 -0.82 2.17 -1.92
0.13 -1.03 0.22 -0.03 2.37 -0.44
0.12 -0.99 0.23 0.52 1.50 2.58
0.14 -0.93 0.21 0.31 1.31 6.53
0.17 -0.86 0.18 -4.21 3.33 11.73
0.20 -0.80 0.16 -12.52 5.13 12.96
0.15 -0.85 0.19 -21.53 4.29 10.69
0.08 -0.98 0.24 -25.40 -1.34 4.55
0.09 -1.13 0.25 -20.90 -5.92 -2.09
0.08 -1.20 0.25 -11.05 -8.78 -5.34
0.10 -1.17 0.22 -1.28 -8.90 -6.26
0.10 -1.08 0.19 4.50 -6.78 -5.27
0.14 -1.02 0.15 8.31 -5.40 -2.35
0.14 -0.92 0.12 6.87 -2.38 -0.46
0.15 -0.83 0.09 1.44 -1.08 -0.06
0.14 -0.73 0.06 -8.73 1.04 0.89
0.11 -0.62 0.03 -23.04 1.71 3.74
0.07 -0.62 -0.01 -40.20 1.50 4.85
0.02 -0.77 0.02 -50.31 -2.78 4.70
-0.05 -1.11 0.14 -42.84 -11.91 4.35
0.12 -1.26 0.13 -21.69 -13.65 7.47
0.23 -1.14 0.06 -6.75 -7.89 7.92
0.24 -1.06 0.01 3.88 -3.56 2.05
0.20 -0.85 -0.07 -1.59 1.59 -6.11
0.11 -0.79 -0.10 -15.01 2.27 -16.17
0.13 -0.77 -0.12 -28.12 5.25 -19.21
0.14 -0.82 -0.14 -35.77 10.85 -10.99
0.07 -0.83 -0.09 -41.54 13.18 -0.43
0.03 -1.03 -0.03 -40.81 10.76 10.09
0.05 -1.25 -0.00 -25.66 9.25 21.73
0.14 -1.29 -0.03 -7.89 11.50 25.74
0.21 -1.25 -0.09 8.26 17.36 25.79
0.25 -1.08 -0.16 14.29 24.43 19.02
0.23 -0.94 -0.20 11.60 30.49 9.34
0.18 -0.85 -0.19 3.50 33.98 1.39
0.10 -0.76 -0.23 -8.37 36.53 -2.66
0.02 -0.71 -0.24 -22.95 40.06 1.76
-0.08 -0.79 -0.23 -35.34 41.57 10.66
-0.21 -1.03 -0.16 -35.82 35.39 17.39
-0.17 -1.21 -0.15 -25.88 29.66 20.75
-0.15 -1.31 -0.13 -8.12 23.82 20.14
0.00 -1.21 -0.23 5.97 26.63 19.62
0.02 -1.03 -0.32 8.58 32.26 15.71
-0.07 -0.91 -0.35 2.58 36.96 12.26
-0.17 -0.83 -0.38 -8.96 36.14 10.46
-0.21 -0.80 -0.39 -23.50 31.56 9.15
-0.20 -0.94 -0.39 -33.07 28.76 9.98
-0.24 -1.09 -0.34 -31.82 23.80 11.44
-0.24 -1.19 -0.34 -27.68 19.16 12.64
-0.19 -1.30 -0.32 -16.35 17.24 12.84
-0.16 -1.29 -0.32 -5.11 16.73 8.38
-0.19 -1.19 -0.34 -0.20 13.33 -0.52
-0.20 -1.08 -0.36 -1.66 8.03 -8.50
-0.17 -1.04 -0.36 -2.76 4.73 -9.28
-0.10 -1.03 -0.38 -1.76 6.93 -3.88
-0.12 -1.01 -0.36 -0.56 7.79 1.28
-0.14 -0.97 -0.33 -0.46 5.54 3.44
-0.12 -0.96 -0.32 -1.11 2.81 4.32
-0.09 -0.98 -0.32 -1.13 0.96 2.87
-0.07 -1.00 -0.30 -0.78 -0.18 -0.05
-0.09 -1.04 -0.28 3.33 -2.40 -2.89
-0.06 -1.01 -0.29 7.97 -3.30 -1.98
-0.03 -0.94 -0.30 9.85 -2.38 2.24
-0.01 -0.87 -0.28 7.60 -0.15 5.68
-0.01 -0.82 -0.25 2.29 0.27 6.79
-0.01 -0.82 -0.24 -4.23 -0.76 3.53
-0.05 -0.85 -0.22 -8.56 -3.66 -0.61
-0.07 -0.90 -0.23 -11.69 -6.31 -3.19
-0.06 -0.99 -0.22 -10.90 -8.92 -2.61
-0.00 -1.05 -0.25 -6.31 -6.72 1.50
0.05 -1.04 -0.26 -2.49 -1.08 7.01
0.03 -1.03 -0.22 0.00 3.65 10.84
-0.03 -1.01 -0.16 -0.05 3.80 8.14
-0.07 -0.98 -0.14 -1.73 -0.11 3.92
-0.06 -0.97 -0.14 -3.53 -4.11 0.85
-0.03 -0.97 -0.17 -5.80 -6.47 0.38
0.03 -1.05 -0.20 -5.27 -5.08 1.48
0.06 -1.09 -0.20 -1.97 -1.50 4.18
0.03 -1.11 -0.19 2.72 3.13 7.27
-0.01 -1.08 -0.18 3.62 5.92 7.18
-0.09 -1.04 -0.11 3.22 4.87 5.27
-0.12 -1.04 -0.08 2.87 0.90 4.43
-0.10 -1.02 -0.07 3.66 -3.28 4.84
-0.03 -1.01 -0.10 4.34 -4.95 6.11
0.02 -0.98 -0.13 3.34 -4.44 5.19
