0.03 -1.03 -0.14 1.82 2.38 3.89
0.01 -1.00 -0.15 1.89 2.76 3.15
0.01 -1.02 -0.13 2.43 3.01 2.61
0.00 -1.01 -0.16 2.52 3.34 1.97
-0.02 -1.00 -0.14 2.79 3.50 1.73
-0.02 -1.00 -0.13 4.49 2.92 2.72
-0.02 -1.00 -0.13 6.29 1.92 3.48
-0.01 -0.99 -0.12 7.48 1.48 3.66
-0.01 -0.99 -0.11 8.29 0.27 4.23
0.01 -0.98 -0.11 9.50 0.03 5.73
0.02 -0.95 -0.13 9.73 0.47 6.70
0.04 -0.94 -0.14 7.44 2.31 5.73
0.04 -0.94 -0.13 3.39 4.06 2.78
0.02 -0.94 -0.11 0.27 4.34 2.60
0.00 -0.95 -0.11 -0.38 3.88 4.14
0.00 -0.97 -0.09 0.44 3.50 6.43
-0.01 -0.97 -0.08 1.05 2.49 8.82
0.02 -0.97 -0.07 -0.53 1.45 9.15
0.02 -0.98 -0.06 -2.56 1.07 7.98
0.05 -1.01 -0.05 -5.33 1.11 6.47
0.05 -1.01 -0.07 -8.50 1.65 5.50
0.04 -1.01 -0.08 -11.63 2.31 3.56
0.04 -1.03 -0.07 -13.31 1.88 3.79
0.05 -1.06 -0.08 -12.29 1.82 5.30
0.05 -1.05 -0.08 -11.36 1.74 6.95
0.08 -1.05 -0.09 -10.32 2.15 9.19
0.12 -1.05 -0.10 -10.15 3.95 8.41
0.17 -1.05 -0.11 -11.51 6.24 7.92
0.24 -1.06 -0.13 -12.32 9.56 6.12
0.31 -1.07 -0.12 -12.02 12.96 4.09
0.36 -1.06 -0.11 -11.79 14.03 3.54
0.44 -1.06 -0.12 -11.47 12.29 9.28
0.59 -1.12 -0.17 -6.76 14.67 19.53
0.69 -1.17 -0.19 -3.05 20.40 25.56
0.77 -1.19 -0.16 -8.26 28.67 28.05
0.81 -1.28 -0.09 -16.63 33.37 21.57
0.87 -1.43 -0.02 -21.92 34.75 12.56
0.97 -1.58 0.03 -18.84 37.57 4.60
1.05 -1.62 0.09 -6.14 39.71 1.48
1.12 -1.57 0.11 8.31 43.10 0.27
1.09 -1.44 0.16 16.14 43.16 -0.81
1.08 -1.34 0.17 20.50 44.53 3.82
1.10 -1.26 0.14 27.66 50.84 12.78
1.01 -1.24 0.18 39.85 53.51 25.22
0.99 -1.16 0.12 56.05 52.76 37.16
0.96 -1.06 0.03 69.33 57.82 45.04
0.91 -1.00 -0.09 77.02 66.61 43.74
0.75 -0.87 -0.20 72.69 75.39 37.11
0.54 -0.76 -0.34 59.08 84.15 25.89
0.30 -0.69 -0.43 45.51 90.82 20.09
0.05 -0.63 -0.48 37.79 94.60 26.18
-0.47 -0.59 -0.41 36.60 83.82 36.50
-1.14 -0.52 -0.21 34.58 49.01 48.43
-1.48 -0.53 -0.21 37.83 16.38 72.85
-1.69 -0.65 -0.30 58.70 -9.30 104.63
-2.71 0.47 0.09 75.94 -60.29 123.39
-1.77 -0.68 -0.74 75.86 -10.31 186.70
-1.62 -0.57 -0.57 73.63 7.91 185.37
-1.46 -0.69 -0.63 44.24 14.89 171.53
-1.24 -0.73 -0.65 19.21 39.47 112.98
-1.21 -0.86 -0.37 -9.39 71.74 72.20
-1.28 -0.89 -0.29 -34.11 103.21 40.21
-1.58 -0.88 -0.12 -43.31 120.09 15.25
-1.84 -0.75 0.11 -51.88 117.74 -13.33
-2.11 -0.60 0.25 -62.31 91.76 -33.98
-2.12 -0.51 0.13 -78.70 60.34 -44.99
-2.09 -0.46 -0.01 -94.18 32.70 -57.77
-2.02 -0.44 -0.21 -103.08 3.44 -69.22
-1.95 -0.47 -0.35 -107.76 -22.17 -84.05
-1.85 -0.59 -0.44 -109.57 -50.69 -111.50
-1.67 -0.67 -0.51 -111.83 -78.15 -142.31
-1.40 -0.73 -0.68 -107.82 -88.02 -163.65
-1.21 -0.65 -0.79 -95.19 -88.11 -171.30
-1.12 -0.53 -0.77 -83.30 -86.20 -167.01
-0.99 -0.45 -0.73 -70.38 -93.31 -158.11
-0.78 -0.43 -0.65 -59.86 -101.76 -144.79
-0.54 -0.47 -0.60 -50.96 -105.15 -124.17
-0.24 -0.63 -0.60 -36.24 -102.06 -107.60
0.04 -0.70 -0.54 -21.82 -95.94 -91.85
0.37 -0.72 -0.50 -11.24 -82.43 -69.69
0.65 -0.71 -0.42 -5.33 -65.92 -47.95
0.86 -0.73 -0.32 -5.88 -47.54 -26.05
1.02 -0.87 -0.14 -3.65 -27.08 -8.69
1.01 -1.01 0.01 4.55 -17.27 0.69
0.98 -1.05 0.11 10.84 -14.85 13.31
0.97 -1.12 0.15 18.15 -16.32 22.99
0.89 -1.13 0.22 24.11 -31.95 27.05
0.95 -1.17 0.20 27.47 -49.77 36.53
1.09 -1.27 0.10 41.13 -62.84 48.38
1.27 -1.31 -0.03 59.47 -64.23 60.40
1.46 -1.28 -0.13 72.32 -55.19 64.27
1.54 -1.24 -0.25 74.15 -40.50 57.47
1.47 -1.12 -0.37 64.67 -23.19 38.56
1.29 -0.94 -0.42 38.76 -11.83 12.82
1.08 -0.80 -0.44 0.84 1.73 -16.66
0.77 -0.85 -0.36 -33.95 8.26 -31.21
0.56 -1.09 -0.30 -51.33 17.54 -32.50
0.37 -1.29 -0.18 -39.59 24.03 -22.49
0.15 -1.28 -0.06 -25.36 24.85 -3.77
0.01 -1.32 -0.00 -9.21 16.72 10.95
