0.06 -0.95 0.03 -8.50 0.89 6.50
0.08 -0.96 0.05 -7.30 -0.02 7.95
0.11 -0.95 0.05 -6.50 0.43 10.34
0.13 -0.95 0.05 -6.99 1.22 10.69
0.14 -0.94 0.05 -8.67 1.50 10.00
0.15 -0.97 0.06 -10.76 2.03 7.92
0.15 -1.00 0.09 -11.33 2.02 6.38
0.13 -1.01 0.10 -12.35 0.95 5.28
0.17 -1.07 0.10 -11.40 1.74 5.37
0.14 -1.06 0.12 -10.95 1.31 4.34
0.14 -1.07 0.12 -10.40 0.35 2.96
0.14 -1.09 0.13 -9.68 -0.26 0.72
0.15 -1.11 0.14 -8.35 -0.81 -0.14
0.15 -1.14 0.16 -4.50 -0.79 -1.22
0.17 -1.15 0.16 1.51 -0.66 0.73
0.21 -1.10 0.16 6.23 2.29 4.11
0.21 -1.07 0.17 10.44 3.95 9.02
0.21 -1.07 0.17 13.27 7.66 16.32
0.26 -0.97 0.16 15.97 6.78 16.93
0.22 -0.94 0.14 13.54 9.13 15.82
0.19 -0.98 0.14 12.78 8.69 11.83
0.15 -0.98 0.13 12.53 7.10 5.79
0.12 -0.93 0.11 7.74 5.69 -0.56
0.08 -0.92 0.11 2.03 4.06 -5.77
0.08 -0.92 0.10 -2.40 2.55 -5.82
0.10 -0.93 0.10 -6.31 3.04 0.02
0.08 -1.05 0.15 -2.03 3.11 10.58
0.13 -1.12 0.15 9.65 5.18 24.43
0.17 -1.10 0.13 22.92 10.89 36.15
0.17 -1.02 0.09 33.45 16.21 45.10
0.14 -0.88 0.06 35.73 17.79 45.69
0.13 -0.78 0.01 26.46 16.73 34.08
0.12 -0.74 0.00 10.35 12.75 15.82
0.13 -0.78 -0.01 -4.29 10.89 -0.56
0.10 -0.78 -0.03 -20.70 10.47 -12.75
0.08 -0.83 -0.03 -32.87 13.50 -13.15
-0.02 -0.95 0.04 -36.35 14.84 -7.98
-0.08 -1.11 0.09 -28.61 12.23 2.37
-0.02 -1.17 0.11 -13.16 12.87 14.29
0.06 -1.13 0.08 0.05 16.56 21.50
0.11 -1.03 0.04 7.51 19.37 19.54
0.11 -0.91 -0.02 6.18 20.26 9.30
0.09 -0.81 -0.05 -4.31 18.34 -4.11
0.09 -0.80 -0.08 -14.92 19.24 -9.37
0.06 -0.78 -0.11 -24.99 22.17 -6.09
-0.00 -0.80 -0.10 -33.60 23.31 2.20
-0.11 -0.99 -0.03 -31.07 21.68 13.71
-0.16 -1.21 0.06 -15.37 14.95 26.50
-0.09 -1.26 0.04 4.44 10.81 35.30
0.02 -1.18 -0.04 20.29 9.71 36.12
0.14 -1.02 -0.15 23.05 15.11 30.00
0.19 -0.91 -0.20 15.66 22.96 17.02
0.14 -0.87 -0.23 5.05 27.92 0.02
0.05 -0.83 -0.26 -11.16 29.16 -21.25
-0.07 -0.85 -0.25 -27.42 27.85 -33.97
-0.12 -0.93 -0.24 -33.86 28.61 -29.01
-0.21 -1.04 -0.23 -31.74 29.97 -13.30
-0.31 -1.21 -0.15 -21.24 25.59 1.42
-0.27 -1.28 -0.13 -5.18 19.50 11.25
-0.19 -1.19 -0.19 6.23 18.26 15.27
-0.15 -1.06 -0.25 7.27 17.59 11.74
-0.14 -1.00 -0.27 1.98 16.31 3.39
-0.15 -0.97 -0.29 -4.85 14.47 -4.37
-0.13 -0.98 -0.29 -9.73 14.49 -6.09
-0.13 -0.98 -0.29 -12.73 15.69 -3.18
-0.16 -1.01 -0.25 -14.08 14.85 -1.42
-0.20 -1.03 -0.23 -14.38 11.21 -1.98
-0.18 -1.06 -0.24 -12.37 8.79 -0.73
-0.17 -1.06 -0.25 -10.11 7.24 -0.09
-0.16 -1.03 -0.30 -10.55 6.35 -0.66
-0.14 -1.03 -0.30 -12.09 4.99 -2.00
-0.12 -1.08 -0.28 -9.91 4.31 -1.85
-0.11 -1.10 -0.28 -4.34 4.38 0.40
-0.07 -1.06 -0.29 -0.23 6.12 1.60
-0.09 -1.01 -0.29 1.25 7.27 0.00
-0.12 -0.97 -0.27 0.49 6.00 -2.73
-0.16 -0.95 -0.24 0.08 1.92 -3.77
-0.14 -0.96 -0.23 1.63 -1.97 -1.63
-0.08 -0.96 -0.24 3.44 -1.69 2.46
-0.05 -0.93 -0.25 3.53 0.61 5.57
-0.05 -0.89 -0.25 0.26 2.43 5.54
-0.08 -0.88 -0.24 -4.02 2.99 4.73
-0.10 -0.91 -0.23 -6.82 2.40 4.53
-0.10 -0.98 -0.20 -5.22 1.16 7.01
-0.08 -1.03 -0.19 -0.78 0.69 9.47
-0.08 -1.04 -0.19 2.34 0.18 9.71
-0.05 -1.03 -0.18 4.37 0.73 8.17
-0.06 -0.98 -0.18 2.26 0.70 2.09
-0.09 -0.95 -0.18 -3.37 -1.36 -4.81
-0.08 -0.95 -0.18 -6.53 -3.82 -8.84
-0.06 -0.97 -0.18 -5.62 -4.14 -6.89
-0.04 -0.96 -0.16 -3.60 -3.77 -1.36
-0.03 -0.93 -0.12 -3.39 -2.58 4.99
-0.04 -0.90 -0.11 -5.45 -2.08 11.04
-0.07 -0.90 -0.09 -12.20 -4.23 10.47
-0.07 -1.00 -0.03 -16.43 -7.91 5.48
-0.03 -1.08 -0.01 -13.77 -10.41 4.90
0.04 -1.10 -0.06 -8.72 -9.05 6.38
0.08 -1.09 -0.06 -3.68 -5.36 6.34
0.09 -1.06 -0.08 -0.44 0.00 2.50
