-0.06 -1.03 -0.06 8.73 10.14 -0.34
-0.07 -1.02 -0.05 7.33 8.75 -2.26
-0.07 -1.03 -0.05 6.12 6.56 -3.62
-0.05 -1.04 -0.04 4.82 4.60 -5.65
-0.08 -1.04 -0.06 2.69 0.50 -13.11
0.04 -1.06 -0.09 2.87 0.76 -9.18
0.04 -1.07 -0.07 2.72 5.16 -10.92
-0.01 -1.09 -0.08 4.44 4.14 -8.14
-0.01 -1.09 -0.07 7.10 4.95 -5.73
-0.07 -1.11 -0.04 9.92 1.95 -4.93
-0.07 -1.15 -0.04 15.24 -1.44 -0.90
-0.06 -1.14 -0.02 21.57 -3.34 4.56
-0.02 -1.12 -0.03 25.89 -4.43 7.82
0.03 -1.09 -0.05 27.33 -3.69 7.56
0.06 -1.05 -0.07 23.28 -2.55 -0.14
0.08 -1.02 -0.08 16.98 -0.75 -8.58
0.03 -1.02 -0.06 10.63 -0.34 -17.53
-0.00 -1.03 -0.04 6.75 -2.23 -24.06
0.02 -1.08 -0.02 8.52 -2.44 -21.60
0.01 -1.09 -0.04 15.77 0.90 -14.38
-0.05 -1.07 -0.02 22.76 1.91 -7.13
-0.13 -0.99 0.02 26.44 -1.97 -5.10
-0.11 -0.93 -0.03 25.27 -4.00 -1.22
-0.03 -0.85 -0.06 18.09 -2.15 0.79
-0.05 -0.86 -0.06 9.95 -1.27 -0.85
-0.06 -0.94 -0.01 8.41 -1.44 0.75
0.00 -0.98 -0.03 10.46 3.22 4.15
-0.01 -0.97 -0.04 12.44 8.73 3.88
-0.04 -0.95 -0.06 13.19 12.23 0.92
-0.10 -0.88 -0.04 11.31 13.16 0.24
-0.17 -0.85 -0.04 8.40 11.63 -0.50
-0.19 -0.81 -0.03 3.47 8.85 -0.37
-0.16 -0.77 -0.06 -4.37 9.54 -0.14
-0.12 -0.84 -0.07 -10.37 13.37 1.13
-0.16 -0.89 -0.06 -11.83 17.92 1.94
-0.21 -0.95 -0.03 -7.80 20.61 5.80
-0.24 -0.93 -0.02 -1.56 21.89 12.84
-0.21 -0.89 -0.05 1.04 24.60 17.65
-0.23 -0.91 -0.06 1.68 27.25 18.79
-0.24 -0.89 -0.08 0.84 30.15 17.69
-0.24 -0.87 -0.11 -1.66 36.08 18.46
-0.28 -0.83 -0.10 -6.17 40.75 20.08
-0.39 -0.84 -0.08 -11.51 40.37 17.65
-0.47 -0.97 -0.03 -9.98 37.13 16.75
-0.44 -1.11 0.04 0.23 36.29 15.27
-0.43 -1.09 0.01 9.54 36.96 9.63
-0.46 -1.04 -0.01 13.48 38.69 4.12
-0.54 -0.94 -0.03 13.24 38.38 2.53
-0.63 -0.87 -0.01 7.71 34.58 3.24
-0.64 -0.80 -0.02 -1.63 29.25 3.10
-0.64 -0.79 -0.04 -11.59 26.06 6.27
-0.68 -0.87 -0.01 -17.66 20.23 7.22
-0.68 -0.98 0.02 -16.27 14.64 8.15
-0.65 -1.04 0.03 -9.01 11.08 7.57
-0.65 -1.06 0.04 -0.05 8.00 5.82
-0.62 -1.01 0.01 9.31 6.44 8.11
-0.62 -0.89 -0.01 12.98 5.53 11.47
-0.62 -0.78 -0.03 9.39 2.26 9.76
-0.64 -0.74 -0.02 1.05 -3.44 6.44
-0.59 -0.72 -0.04 -8.64 -7.16 2.93
-0.57 -0.74 -0.03 -16.49 -10.06 1.21
-0.56 -0.78 -0.02 -20.49 -13.65 0.26
-0.52 -0.79 -0.04 -21.22 -15.25 -0.87
-0.48 -0.83 -0.03 -21.82 -17.07 -4.79
-0.47 -0.85 -0.05 -21.47 -18.66 -8.81
-0.48 -0.88 -0.04 -17.92 -20.14 -7.79
-0.44 -0.86 -0.03 -12.52 -22.66 -3.30
-0.41 -0.84 -0.07 -9.25 -20.76 5.95
-0.39 -0.80 -0.06 -11.66 -21.04 7.82
-0.37 -0.80 -0.06 -16.37 -20.27 7.50
-0.36 -0.85 -0.03 -20.69 -20.49 3.56
-0.32 -0.87 -0.06 -22.09 -19.66 -0.49
-0.31 -0.89 -0.06 -24.69 -17.92 -7.66
-0.35 -0.93 -0.03 -26.69 -19.85 -13.63
-0.34 -0.96 -0.02 -23.86 -21.82 -10.84
-0.30 -0.99 -0.02 -17.10 -21.40 -0.67
-0.29 -0.97 -0.04 -10.58 -21.48 5.51
-0.24 -0.95 -0.05 -7.76 -20.84 8.63
-0.19 -0.94 -0.06 -7.44 -19.07 6.72
-0.14 -0.94 -0.09 -11.66 -15.89 -0.23
-0.12 -0.90 -0.12 -21.51 -11.51 -8.93
-0.14 -0.91 -0.09 -29.92 -9.16 -15.47
-0.30 -0.97 -0.03 -34.60 -12.78 -18.21
-0.33 -1.05 0.04 -30.64 -17.91 -12.17
-0.28 -1.10 0.05 -20.47 -20.00 -0.81
-0.22 -1.11 0.02 -9.79 -20.24 11.31
-0.18 -1.07 -0.01 -4.58 -20.15 13.16
-0.11 -1.01 -0.06 -6.23 -18.76 8.52
-0.08 -1.00 -0.08 -10.84 -16.27 2.11
-0.12 -1.03 -0.05 -13.60 -14.98 -6.55
-0.14 -1.05 -0.04 -11.25 -14.27 -5.56
-0.20 -1.08 0.03 -4.78 -15.22 -2.87
-0.22 -1.03 0.02 1.66 -16.27 3.48
-0.25 -0.97 0.04 2.87 -19.01 4.84
-0.23 -0.94 -0.01 -1.28 -21.54 4.44
-0.18 -0.91 -0.03 -8.52 -23.11 2.52
-0.13 -0.95 -0.05 -16.50 -22.75 -1.25
-0.10 -0.99 -0.06 -21.16 -22.09 -6.06
-0.09 -1.02 -0.07 -21.79 -21.04 -7.95
-0.11 -1.07 -0.05 -15.89 -20.02 -5.92
