0.39 -0.99 0.02 4.34 3.01 0.47
0.44 -0.96 0.03 0.83 3.70 -1.08
0.44 -0.94 0.05 -5.65 3.72 -4.66
0.44 -0.96 0.09 -14.16 1.55 -7.19
0.47 -1.04 0.12 -19.73 -0.44 -9.45
0.48 -1.12 0.17 -20.84 -3.24 -12.35
0.51 -1.19 0.22 -19.28 -7.00 -15.41
0.55 -1.23 0.28 -14.50 -11.61 -19.82
0.58 -1.23 0.30 -8.30 -15.89 -26.36
0.62 -1.17 0.28 -3.78 -20.30 -33.26
0.74 -0.97 0.25 -7.67 -24.66 -47.10
0.81 -0.91 0.15 -10.69 -20.27 -38.86
0.88 -0.84 0.10 -16.86 -19.04 -39.11
0.78 -0.89 0.17 -23.79 -18.75 -38.37
0.77 -0.78 0.20 -28.80 -20.49 -39.44
0.78 -0.73 0.11 -40.22 -19.18 -31.65
0.96 -1.02 -0.14 -56.18 -16.95 -33.53
0.63 -0.93 0.14 -68.54 -16.73 -15.90
0.66 -1.10 0.17 -65.55 -18.88 -7.16
0.58 -1.20 0.24 -58.05 -17.31 -1.47
0.63 -1.25 0.24 -47.95 -24.56 -5.45
0.69 -1.23 0.21 -41.03 -25.21 -15.08
0.72 -1.19 0.17 -31.63 -25.18 -23.62
0.73 -1.01 0.12 -23.65 -22.64 -29.33
0.71 -0.81 0.10 -22.88 -24.34 -31.70
0.72 -0.56 0.02 -33.08 -19.77 -31.88
0.71 -0.46 -0.04 -40.51 -19.01 -24.78
0.66 -0.43 -0.10 -43.63 -17.46 -7.38
0.51 -0.48 -0.10 -41.05 -18.09 9.51
0.35 -0.58 -0.11 -33.11 -26.98 20.45
0.18 -0.65 -0.15 -26.88 -37.18 27.52
0.11 -0.84 -0.25 -7.86 -45.11 36.73
0.08 -0.85 -0.39 12.60 -44.60 44.27
-0.00 -0.80 -0.52 20.53 -39.26 35.68
-0.07 -0.74 -0.65 15.31 -29.39 22.58
-0.15 -0.78 -0.75 15.65 -11.87 9.93
-0.36 -0.79 -0.74 17.85 4.93 10.34
-0.54 -0.80 -0.74 26.18 22.49 28.90
0.95 -0.28 -1.49 47.95 91.79 79.46
-1.30 -0.78 -0.33 45.56 57.36 95.27
-0.93 -0.70 -0.62 41.11 61.05 105.69
-1.09 -0.81 -0.50 19.30 70.72 106.99
-1.27 -0.90 -0.32 -3.47 65.82 95.44
-1.46 -1.15 -0.16 -30.64 52.68 77.57
-1.55 -1.48 -0.04 -41.97 31.81 56.72
-1.55 -1.62 0.05 -47.90 12.13 41.12
-1.38 -1.78 -0.01 -30.10 -13.40 20.06
-1.16 -1.58 -0.17 -22.18 -22.13 4.34
-1.03 -1.39 -0.30 -21.66 -30.33 -13.82
-0.87 -1.12 -0.46 -28.55 -35.56 -30.89
-0.75 -0.93 -0.59 -45.31 -34.67 -46.18
-0.66 -0.88 -0.69 -62.09 -26.46 -54.98
-0.63 -0.99 -0.72 -64.93 -20.04 -60.31
-0.61 -1.13 -0.66 -54.31 -15.27 -62.37
-0.57 -1.27 -0.59 -29.77 -10.88 -61.24
-0.51 -1.17 -0.55 -5.09 -4.08 -58.85
-0.51 -1.00 -0.46 9.12 -4.53 -60.95
-0.42 -0.79 -0.38 9.82 -6.29 -64.47
-0.34 -0.62 -0.34 2.24 -9.64 -66.53
-0.26 -0.62 -0.29 -7.53 -12.08 -64.26
-0.18 -0.73 -0.24 -8.02 -17.01 -62.71
-0.02 -0.83 -0.20 0.05 -16.90 -52.03
0.15 -0.86 -0.16 15.89 -16.12 -37.97
0.24 -0.76 -0.14 24.51 -12.75 -22.99
0.32 -0.69 -0.08 23.94 -10.99 -11.74
0.39 -0.69 -0.02 18.34 -9.79 -6.14
0.43 -0.58 -0.05 7.27 -8.22 -4.53
0.43 -0.68 -0.01 -3.90 -8.13 -4.85
0.40 -0.92 0.04 0.05 -14.53 -4.91
0.53 -1.14 0.02 22.19 -19.70 1.84
0.66 -1.07 -0.03 49.42 -18.80 12.66
0.70 -0.91 -0.03 65.00 -15.38 22.46
0.93 -0.68 -0.23 65.53 -1.86 29.79
0.84 -0.52 -0.12 39.24 1.61 25.07
0.82 -0.60 -0.09 12.88 9.18 20.31
0.96 -0.83 -0.13 6.91 18.54 21.14
0.82 -1.00 -0.07 10.99 14.34 21.18
0.81 -1.05 -0.05 12.69 18.17 26.14
0.73 -1.21 0.02 23.47 18.95 26.31
0.69 -1.29 0.10 40.22 17.96 25.90
0.72 -1.21 0.06 48.70 16.58 20.15
0.78 -0.99 -0.02 44.90 17.45 12.86
0.72 -0.94 0.02 34.27 20.24 12.16
0.69 -0.96 0.03 30.39 17.27 14.87
0.72 -0.93 -0.03 28.67 17.80 22.27
0.72 -0.89 -0.06 22.48 20.82 29.05
0.69 -0.89 -0.03 10.43 22.18 28.44
0.63 -1.05 -0.05 10.86 34.27 16.24
0.37 -1.23 0.18 11.11 18.38 13.60
0.63 -1.19 -0.03 11.72 22.60 1.13
0.60 -1.23 -0.08 22.12 20.98 -5.20
0.54 -1.17 -0.03 31.41 23.37 -1.60
0.47 -0.97 -0.05 29.10 26.01 -3.82
0.45 -0.90 -0.10 17.95 21.66 -8.61
0.40 -0.81 -0.05 0.33 24.72 -8.37
0.34 -0.97 -0.03 -3.52 24.04 -6.52
0.30 -1.05 -0.02 -1.89 25.17 -3.50
0.21 -1.14 0.05 8.12 19.73 -1.97
0.17 -1.15 0.05 19.71 12.21 -2.62
0.21 -1.01 0.01 26.32 9.01 -1.69
