0.91 -1.11 0.22 12.37 -19.66 -37.77
0.88 -0.96 0.23 24.44 -15.46 -36.76
0.90 -0.65 0.24 5.90 -9.44 -47.98
0.86 -0.64 0.24 -8.33 -10.94 -51.92
0.87 -0.13 0.31 -21.64 21.53 -30.79
0.66 -0.42 0.34 -60.28 5.00 -24.39
0.69 -0.42 0.25 -61.57 2.52 5.08
0.58 -0.47 0.31 -81.23 3.82 25.94
0.38 -0.78 0.44 -88.76 -9.34 24.21
0.47 -1.09 0.40 -82.79 -25.71 14.43
0.53 -1.30 0.35 -63.11 -32.64 3.69
0.72 -1.24 0.17 -35.82 -32.29 -5.11
0.60 -1.02 0.12 -14.27 -29.66 -8.88
0.41 -0.71 0.03 -7.43 -31.06 -9.57
0.33 -0.36 -0.12 -10.16 -30.33 4.89
0.26 -0.09 -0.30 -20.88 -24.45 33.31
0.12 -0.01 -0.47 -34.39 -16.43 61.71
-0.28 -0.19 -0.44 -54.98 -17.37 69.95
-0.48 -0.65 -0.44 -58.95 -24.79 74.37
-0.61 -1.14 -0.46 -35.11 -26.37 79.30
-0.60 -1.34 -0.55 0.28 -18.95 79.46
-0.67 -1.40 -0.60 23.29 -3.97 65.37
-0.70 -1.34 -0.63 36.09 13.66 44.11
-0.71 -1.19 -0.65 40.34 36.95 28.87
-0.99 -0.82 -0.57 26.16 52.18 23.99
-1.26 -0.66 -0.43 0.21 50.76 37.95
-1.57 -0.68 -0.25 -32.46 36.26 44.88
-1.33 -1.00 -0.24 -45.26 28.34 68.86
-1.29 -1.42 -0.32 -49.01 26.16 63.73
-1.34 -1.67 -0.20 -47.63 10.56 37.87
-1.22 -1.82 -0.19 -37.89 0.45 10.77
-1.08 -1.83 -0.26 -14.81 -10.92 -17.34
-0.91 -1.51 -0.38 2.55 -15.46 -35.31
-0.83 -1.14 -0.47 6.01 -14.28 -45.24
-0.76 -0.82 -0.57 -5.97 -13.34 -52.31
-0.73 -0.69 -0.62 -19.58 -11.79 -50.63
-0.66 -0.73 -0.64 -28.20 -6.78 -41.31
-0.63 -0.86 -0.60 -25.07 -0.86 -35.15
-0.64 -0.97 -0.52 -18.22 2.01 -34.83
-0.61 -1.05 -0.43 -9.39 2.72 -44.47
-0.61 -1.04 -0.35 -0.09 2.29 -56.79
-0.59 -1.01 -0.27 8.46 -0.27 -62.10
-0.61 -1.00 -0.21 20.25 -8.64 -65.81
-0.55 -0.94 -0.17 30.58 -20.73 -67.14
-0.35 -0.83 -0.22 37.15 -26.89 -62.47
-0.11 -0.70 -0.24 39.60 -23.40 -57.56
0.05 -0.44 -0.22 23.03 -16.01 -55.16
0.11 -0.42 -0.12 -1.49 -11.15 -57.56
0.13 -0.69 0.02 -13.13 -11.66 -55.87
0.18 -0.93 0.07 -1.79 -15.11 -45.04
0.28 -0.99 0.08 18.15 -16.19 -28.17
0.72 -1.18 -0.33 34.76 -21.18 -10.34
0.50 -0.76 0.04 35.60 -15.07 1.94
0.66 -0.68 0.02 31.28 -14.07 10.77
0.75 -0.56 0.03 13.10 -12.28 14.15
0.85 -0.70 0.07 5.89 -12.24 13.73
0.97 -0.80 -0.01 3.35 -4.27 15.27
0.95 -0.98 0.04 11.72 -0.95 16.98
1.03 -1.05 0.00 27.61 4.92 25.30
1.02 -0.96 -0.01 40.18 11.66 29.85
0.98 -0.85 0.07 41.34 14.47 28.90
1.04 -0.83 -0.00 33.08 15.18 26.64
1.02 -0.74 0.01 18.92 23.50 27.87
0.94 -0.84 0.04 9.40 27.66 30.14
0.84 -0.98 0.12 4.87 29.23 34.55
0.76 -1.13 0.12 6.04 29.11 34.47
0.38 -1.30 0.45 15.06 26.74 37.31
0.57 -1.25 0.21 8.66 20.01 13.44
0.63 -1.32 0.13 15.76 17.38 2.50
0.62 -1.24 0.06 19.25 19.36 -7.36
0.55 -1.16 0.02 17.76 21.45 -10.23
0.50 -1.07 -0.00 18.21 21.31 -11.60
0.40 -0.92 0.01 10.60 24.79 -6.08
0.30 -0.89 0.02 0.59 22.50 -4.09
0.26 -1.02 0.02 -4.32 20.70 -1.54
0.22 -1.15 0.07 0.73 18.10 0.08
0.17 -1.18 0.09 11.63 13.76 -2.37
0.14 -1.14 0.09 17.92 9.49 -8.34
0.19 -1.04 0.04 21.11 7.48 -12.63
0.18 -0.95 0.00 21.50 6.43 -15.08
0.17 -0.86 -0.01 19.26 5.09 -12.67
0.16 -0.79 -0.02 13.27 4.60 -7.96
0.15 -0.78 -0.02 7.17 3.90 -1.23
0.14 -0.82 -0.01 3.85 3.41 6.52
0.15 -0.90 -0.02 2.88 3.53 11.61
0.16 -0.96 -0.03 4.17 2.82 10.72
0.14 -1.00 -0.02 3.67 2.34 5.80
0.18 -1.03 -0.02 4.64 2.73 1.50
0.17 -1.04 -0.02 10.16 3.32 0.44
0.14 -0.97 -0.00 11.08 3.18 1.03
0.15 -0.94 -0.01 9.05 3.38 0.32
0.17 -0.94 -0.02 7.95 4.27 1.69
0.14 -0.91 -0.01 5.83 5.26 5.05
0.13 -0.91 -0.00 1.53 4.82 7.62
0.16 -0.92 -0.01 -2.43 4.80 8.54
0.18 -0.96 -0.01 -3.54 6.61 9.17
0.14 -0.98 -0.00 -3.95 7.03 8.89
0.09 -1.03 0.03 -3.65 3.95 7.66
0.11 -1.08 0.03 1.10 0.84 6.36
0.14 -1.05 0.01 5.74 0.32 5.53
