-0.09 -0.95 -0.01 -4.17 -3.02 -3.59
-0.07 -0.95 -0.02 -3.28 -2.47 -2.99
-0.08 -0.94 -0.01 -2.15 -1.89 -1.82
-0.08 -0.91 -0.01 -3.01 -2.32 -0.99
-0.08 -0.90 -0.01 -4.89 -2.76 0.08
-0.07 -0.90 -0.01 -6.85 -3.28 0.20
-0.06 -0.93 0.01 -7.63 -3.73 -0.03
-0.05 -0.94 0.00 -6.95 -3.62 0.43
-0.06 -0.93 0.02 -7.02 -4.05 0.02
-0.06 -0.93 0.02 -8.82 -4.14 0.29
-0.06 -0.95 0.02 -10.92 -4.03 0.98
-0.07 -0.96 0.02 -11.76 -5.01 1.51
-0.07 -0.99 0.03 -11.42 -6.18 1.66
-0.07 -1.03 0.06 -10.92 -7.91 0.69
-0.08 -1.04 0.08 -10.03 -10.47 0.92
-0.07 -1.11 0.10 -7.88 -12.89 2.53
-0.04 -1.16 0.10 -3.56 -13.73 3.83
-0.02 -1.17 0.11 0.98 -14.43 4.60
0.00 -1.18 0.10 5.05 -14.69 4.73
0.01 -1.16 0.12 7.66 -16.05 2.87
0.05 -1.14 0.13 9.63 -16.63 0.12
0.06 -1.11 0.16 10.67 -17.53 -2.85
0.09 -1.09 0.17 12.52 -18.47 -6.12
0.10 -1.07 0.19 15.74 -18.85 -8.99
0.11 -1.00 0.16 17.39 -19.15 -10.92
0.10 -0.93 0.12 14.72 -18.50 -12.29
0.07 -0.89 0.11 6.31 -19.24 -15.63
0.06 -0.94 0.13 -1.31 -20.78 -19.02
0.06 -1.03 0.18 -3.05 -21.66 -20.75
0.08 -1.11 0.21 2.26 -22.02 -20.35
0.09 -1.13 0.22 12.49 -20.92 -17.47
0.10 -1.11 0.22 23.36 -19.82 -13.10
0.13 -1.06 0.19 33.45 -18.50 -10.14
0.13 -0.95 0.15 38.52 -17.98 -9.16
0.16 -0.83 0.09 35.54 -12.75 -7.13
0.12 -0.73 0.08 25.36 -8.99 -5.76
0.08 -0.74 0.10 18.11 -10.35 -6.55
0.08 -0.72 0.09 10.67 -9.51 -1.37
0.06 -0.77 0.10 4.49 -9.04 3.04
0.08 -0.84 0.09 3.69 -8.82 5.95
0.13 -0.86 0.06 4.37 -4.23 9.76
0.08 -0.91 0.09 10.41 -3.68 12.37
0.07 -0.88 0.05 16.32 -2.55 11.76
0.05 -0.78 -0.02 9.92 0.90 11.13
0.04 -0.74 -0.04 1.31 1.88 8.18
0.01 -0.73 -0.08 -9.19 3.91 7.86
0.00 -0.77 -0.10 -20.58 8.89 12.58
-0.05 -0.85 -0.10 -27.45 12.58 14.93
-0.12 -0.96 -0.09 -29.45 12.87 15.08
-0.18 -1.04 -0.06 -27.94 10.82 14.87
-0.19 -1.12 -0.04 -21.47 8.76 15.37
-0.17 -1.12 -0.05 -12.09 9.31 18.06
-0.17 -1.07 -0.09 -4.37 10.99 20.95
-0.20 -0.96 -0.15 -3.91 13.62 24.99
-0.26 -0.89 -0.19 -8.90 14.41 28.63
-0.25 -0.86 -0.22 -16.76 13.89 29.89
-0.21 -0.85 -0.25 -24.90 14.66 28.96
-0.22 -0.86 -0.25 -33.13 16.66 26.56
-0.28 -0.92 -0.23 -39.80 15.19 22.08
-0.31 -1.01 -0.22 -42.40 11.50 17.79
-0.32 -1.10 -0.23 -39.01 9.40 18.14
-0.33 -1.15 -0.23 -31.57 8.47 19.13
-0.30 -1.16 -0.23 -23.27 8.27 19.16
-0.30 -1.07 -0.25 -19.71 7.31 16.29
-0.31 -0.99 -0.25 -21.47 6.21 12.47
-0.33 -0.94 -0.27 -26.72 3.27 8.38
-0.35 -0.91 -0.32 -35.69 -0.44 3.45
-0.35 -0.98 -0.31 -44.66 -4.70 -2.20
-0.30 -1.09 -0.31 -46.15 -6.06 -5.08
-0.29 -1.18 -0.29 -42.47 -7.91 -7.11
-0.24 -1.27 -0.26 -32.40 -9.83 -11.11
-0.15 -1.30 -0.26 -17.37 -6.46 -10.21
-0.13 -1.22 -0.26 -4.53 -2.14 -11.56
-0.14 -1.10 -0.30 0.34 0.37 -14.72
-0.15 -1.00 -0.30 -0.70 2.26 -16.66
-0.18 -0.95 -0.33 -4.29 2.79 -17.34
-0.18 -0.94 -0.32 -8.78 3.04 -17.54
-0.17 -0.99 -0.29 -10.38 3.69 -17.21
-0.16 -1.03 -0.27 -8.64 4.89 -16.69
-0.16 -1.07 -0.24 -3.97 5.98 -15.85
-0.16 -1.07 -0.22 2.03 6.99 -14.27
-0.17 -1.06 -0.21 6.93 7.24 -12.17
-0.15 -1.04 -0.22 11.76 7.56 -8.93
-0.12 -1.02 -0.26 15.60 10.15 -5.62
-0.08 -1.00 -0.28 18.37 12.87 -5.59
-0.07 -0.97 -0.29 18.93 17.15 -5.47
-0.07 -0.94 -0.25 14.99 24.00 -4.78
-0.12 -0.95 -0.17 13.60 25.39 -8.95
-0.17 -0.93 -0.12 9.97 23.30 -14.96
-0.21 -0.94 -0.10 6.99 18.76 -17.21
-0.23 -0.97 -0.08 6.15 14.00 -16.24
-0.20 -1.00 -0.11 8.20 10.84 -12.50
-0.16 -1.01 -0.14 11.66 11.21 -8.61
-0.14 -0.99 -0.13 14.08 11.91 -6.49
-0.12 -0.94 -0.12 12.69 12.73 -6.90
-0.11 -0.89 -0.08 6.14 12.66 -10.27
-0.11 -0.91 -0.03 -0.81 10.67 -15.15
-0.11 -0.95 0.01 -3.34 7.30 -18.75
-0.08 -1.00 -0.00 -0.52 3.85 -18.96
-0.04 -1.01 -0.05 6.72 4.70 -13.40
