-0.33 -0.93 -0.04 15.25 2.41 10.78
-0.36 -1.00 -0.09 27.15 -2.75 16.79
-0.30 -1.02 -0.18 45.16 -8.14 24.27
-0.18 -1.01 -0.27 62.00 -7.60 30.85
-0.05 -0.89 -0.32 71.48 1.50 32.11
-0.01 -0.74 -0.26 69.21 12.90 31.33
-0.09 -0.69 -0.12 61.56 20.47 31.91
-0.14 -0.70 0.05 50.24 22.81 31.79
-0.19 -0.77 0.22 40.26 22.31 30.81
-0.19 -0.88 0.38 31.92 20.76 28.93
-0.17 -1.06 0.50 28.76 19.68 26.56
-0.13 -1.16 0.59 25.85 20.12 22.32
-0.04 -1.21 0.67 20.15 23.33 14.73
0.06 -1.34 0.68 12.03 29.89 5.11
0.02 -1.37 0.71 3.13 32.99 -6.58
-0.09 -1.36 0.77 -11.89 26.15 -15.60
-0.03 -1.48 0.78 -25.47 16.56 -24.87
0.11 -1.64 0.74 -26.78 11.82 -28.00
0.27 -1.81 0.63 -13.07 10.92 -27.66
0.43 -1.79 0.52 7.18 13.47 -24.76
0.56 -1.60 0.41 19.79 18.50 -22.52
0.65 -1.54 0.33 33.10 20.47 -11.34
0.84 -1.39 0.28 49.62 20.66 4.27
1.01 -1.17 0.15 53.57 33.07 13.86
1.13 -0.93 0.05 39.63 56.50 12.79
1.16 -0.72 -0.02 6.15 84.15 -2.35
1.03 -0.57 -0.03 -34.55 117.15 -16.46
0.41 -0.51 0.11 -70.63 129.25 -20.66
-0.45 -0.45 0.62 -116.93 89.71 -27.05
-0.64 -0.96 0.68 -138.67 38.52 -17.34
-0.61 -1.60 0.52 -92.56 -3.36 11.10
-0.30 -1.75 0.16 -9.71 -14.29 51.77
-0.09 -1.92 -0.48 80.23 -15.63 89.36
0.99 -0.52 -0.93 100.09 66.55 158.05
-0.13 -0.21 -0.85 69.63 55.76 96.38
-0.39 -0.06 -1.14 14.26 73.22 44.26
-0.78 -0.26 -1.35 -13.05 94.29 25.33
-2.14 -0.41 -0.82 3.37 101.51 13.66
-2.21 -0.31 -0.75 42.78 117.57 83.44
-2.55 -0.22 -0.54 80.46 109.76 135.47
-2.43 0.01 -0.33 41.45 78.26 161.82
-1.95 -0.32 -0.44 10.20 89.18 95.11
-1.89 -0.26 -0.30 -28.78 108.38 26.84
-1.98 -0.40 -0.19 -50.60 116.02 -15.88
-2.16 -0.38 0.00 -54.73 104.08 -25.45
-2.21 -0.37 0.10 -57.34 77.47 -34.96
-2.15 -0.53 0.13 -53.65 46.82 -37.45
-2.04 -0.59 0.10 -46.56 10.85 -47.83
-1.84 -0.50 -0.11 -44.31 -16.63 -52.31
-1.66 -0.54 -0.39 -31.18 -38.63 -60.03
-1.58 -0.40 -0.44 -25.42 -53.07 -57.30
-1.42 -0.28 -0.62 -27.48 -56.17 -66.82
-1.32 -0.17 -0.68 -35.11 -52.87 -80.79
-1.27 -0.11 -0.77 -46.34 -42.26 -97.56
-1.28 0.06 -0.78 -61.76 -28.76 -112.12
-1.43 0.17 -0.74 -83.31 -23.44 -124.55
-1.65 0.21 -0.55 -109.63 -34.82 -140.76
-1.73 0.03 -0.40 -127.22 -57.11 -145.02
-1.66 -0.21 -0.28 -121.83 -82.96 -136.18
-1.51 -0.54 -0.16 -89.11 -111.30 -110.47
-1.20 -0.75 -0.21 -38.76 -129.10 -78.12
-0.88 -0.79 -0.26 8.76 -137.85 -49.45
-0.58 -0.66 -0.18 37.69 -145.97 -36.72
-0.32 -0.47 -0.12 46.37 -156.76 -34.81
-0.01 -0.34 -0.03 41.31 -161.65 -28.90
0.26 -0.36 0.08 35.13 -165.02 -17.02
0.51 -0.54 0.20 37.57 -167.82 6.17
0.64 -0.79 0.12 42.92 -162.05 25.07
0.73 -0.97 0.09 51.62 -150.14 40.63
0.98 -1.08 0.03 40.85 -124.84 45.88
1.06 -1.31 0.02 29.19 -106.29 40.58
1.01 -1.65 -0.03 19.27 -93.15 25.44
1.06 -2.00 -0.04 30.23 -84.27 12.92
1.11 -2.20 -0.09 52.52 -70.38 10.79
1.18 -2.28 -0.21 82.96 -47.82 12.95
1.15 -2.08 -0.28 102.31 -23.10 3.44
1.00 -1.76 -0.29 102.00 -0.99 -11.42
0.83 -1.47 -0.25 84.87 16.14 -24.17
0.63 -1.28 -0.14 63.51 31.25 -31.34
0.38 -1.26 0.02 49.18 39.82 -31.01
0.21 -1.24 0.13 40.20 40.63 -29.08
0.05 -1.20 0.19 36.55 37.53 -25.98
-0.06 -1.09 0.27 31.74 29.36 -22.00
-0.11 -0.98 0.28 24.96 22.17 -17.22
-0.11 -0.89 0.25 14.21 18.78 -12.43
-0.11 -0.85 0.24 1.22 18.06 -12.89
-0.16 -0.84 0.23 -12.35 18.67 -13.04
-0.28 -0.85 0.25 -24.02 15.28 -12.41
-0.32 -0.99 0.27 -28.17 10.06 -10.09
-0.34 -1.08 0.28 -24.31 7.94 -7.47
-0.38 -1.09 0.30 -18.56 4.64 -6.92
-0.41 -1.06 0.28 -15.13 1.05 -8.84
-0.45 -1.00 0.28 -14.23 -3.80 -10.79
-0.44 -0.96 0.26 -14.02 -8.64 -9.05
-0.42 -0.93 0.26 -13.40 -12.43 -6.26
-0.38 -0.94 0.22 -12.40 -15.44 -3.47
-0.32 -0.95 0.19 -8.37 -15.05 0.29
-0.29 -0.93 0.16 -5.66 -13.05 2.92
-0.25 -0.90 0.13 -5.83 -9.31 2.34
-0.23 -0.86 0.13 -8.85 -6.46 -0.09
