-0.01 -1.05 0.06 -16.66 4.50 -0.52
-0.01 -1.07 0.09 -15.33 3.73 -0.64
-0.03 -1.08 0.11 -13.53 1.86 -1.50
-0.01 -1.10 0.12 -11.25 0.52 -1.60
0.02 -1.09 0.13 -7.33 0.12 1.63
0.03 -1.08 0.13 -2.53 0.58 6.75
0.07 -1.03 0.14 0.76 1.54 11.74
0.11 -0.96 0.14 1.80 3.65 15.68
0.10 -0.93 0.17 1.59 4.53 18.23
0.10 -0.93 0.20 2.49 4.08 20.70
0.08 -0.97 0.21 5.95 2.84 22.69
0.10 -0.97 0.20 8.56 2.95 21.77
0.11 -0.97 0.19 11.18 3.91 19.07
0.11 -0.92 0.19 11.60 4.64 15.33
0.10 -0.87 0.17 9.22 5.73 12.26
0.08 -0.83 0.16 5.16 6.78 11.82
0.02 -0.81 0.11 -2.49 7.63 10.73
-0.08 -0.86 0.12 -10.41 5.66 9.02
-0.13 -0.93 0.15 -14.75 3.37 8.00
-0.13 -0.97 0.16 -16.37 0.63 7.92
-0.10 -0.99 0.15 -15.71 -0.75 8.73
-0.06 -0.99 0.15 -13.60 -1.28 9.83
-0.05 -0.97 0.12 -11.92 -1.24 11.27
-0.04 -0.97 0.12 -8.98 -2.06 12.72
-0.01 -0.95 0.11 -5.44 -1.85 13.45
0.02 -0.93 0.10 -2.82 -1.74 13.45
0.07 -0.86 0.04 -4.82 0.40 8.98
0.03 -0.84 0.00 -11.97 1.24 0.82
-0.02 -0.92 0.02 -15.48 0.11 -5.19
-0.04 -1.00 0.04 -13.83 -1.16 -5.19
-0.05 -1.01 0.03 -10.24 -2.03 -1.44
-0.03 -1.00 0.03 -5.95 -3.68 3.15
0.04 -0.97 0.00 -3.89 -2.92 7.08
0.08 -0.97 -0.02 -1.44 0.00 8.43
0.12 -0.96 -0.08 -0.96 4.66 6.72
0.10 -0.94 -0.15 -5.16 11.79 0.43
0.02 -0.92 -0.19 -13.22 15.82 -10.82
-0.10 -0.93 -0.19 -23.39 14.49 -24.17
-0.18 -1.00 -0.17 -29.79 9.98 -31.04
-0.30 -1.10 -0.08 -27.24 2.76 -24.47
-0.29 -1.18 -0.04 -15.95 -2.87 -7.68
-0.19 -1.18 -0.07 -3.19 -4.84 9.66
-0.08 -1.10 -0.11 5.16 -1.71 18.66
-0.04 -0.98 -0.15 6.58 -0.75 16.60
0.07 -0.95 -0.20 1.36 1.97 4.37
0.12 -0.89 -0.23 -6.32 6.87 -8.99
0.10 -0.86 -0.23 -13.79 12.64 -15.48
0.02 -0.82 -0.25 -22.15 17.59 -11.92
-0.04 -0.81 -0.25 -30.52 21.13 -1.76
-0.12 -0.83 -0.21 -36.61 20.92 10.95
-0.24 -1.02 -0.11 -34.35 14.35 21.95
-0.13 -1.21 -0.11 -20.35 7.82 28.21
0.07 -1.22 -0.18 -6.26 11.37 28.24
0.17 -1.14 -0.25 0.87 19.08 14.79
0.15 -1.05 -0.29 0.69 24.31 -4.63
0.05 -0.97 -0.32 -5.51 28.29 -19.47
-0.10 -0.96 -0.33 -10.85 29.68 -22.85
-0.24 -0.96 -0.32 -14.66 26.99 -16.73
-0.34 -0.96 -0.31 -17.95 21.15 -6.18
-0.33 -0.97 -0.31 -20.99 14.87 3.91
-0.22 -1.01 -0.35 -23.07 13.05 10.56
-0.18 -1.12 -0.33 -20.35 13.40 11.82
-0.21 -1.24 -0.28 -10.49 10.09 11.13
-0.15 -1.23 -0.31 -0.98 8.26 8.23
-0.08 -1.15 -0.35 5.18 9.69 4.92
-0.10 -1.05 -0.40 6.21 11.68 2.00
-0.15 -1.01 -0.40 3.10 12.53 0.99
-0.21 -1.00 -0.38 0.47 11.08 3.08
-0.23 -1.01 -0.37 -0.12 7.86 7.48
-0.20 -1.00 -0.36 -0.44 6.55 10.37
-0.22 -1.02 -0.34 -0.05 3.59 9.65
-0.22 -1.03 -0.31 1.56 -1.54 6.93
-0.16 -0.99 -0.33 1.59 -4.75 3.02
-0.11 -0.97 -0.33 -0.08 -4.87 -0.41
-0.12 -0.95 -0.33 -2.84 -4.93 -1.42
-0.11 -0.95 -0.32 -6.29 -6.09 -1.53
-0.09 -0.97 -0.31 -9.15 -6.18 -1.01
-0.09 -1.02 -0.30 -8.75 -5.92 -1.80
-0.14 -1.08 -0.24 -3.97 -8.64 -0.67
-0.12 -1.12 -0.25 3.65 -11.80 0.47
-0.01 -1.08 -0.29 9.13 -8.89 2.06
0.03 -1.03 -0.32 11.76 -3.88 4.17
0.03 -0.97 -0.29 10.87 1.82 6.38
-0.00 -0.93 -0.25 8.69 4.96 8.15
-0.06 -0.90 -0.24 4.69 6.35 5.65
-0.17 -0.93 -0.18 1.62 2.12 0.23
-0.22 -0.99 -0.14 1.25 -4.26 -4.96
-0.22 -1.07 -0.15 4.79 -10.41 -9.13
-0.18 -1.13 -0.14 11.45 -14.18 -9.21
-0.04 -1.12 -0.18 19.51 -12.15 -4.99
0.03 -1.05 -0.20 23.42 -5.40 0.64
0.04 -0.97 -0.19 22.50 1.25 4.40
0.02 -0.91 -0.15 18.00 4.99 4.15
-0.03 -0.88 -0.10 11.33 5.48 0.46
-0.06 -0.88 -0.08 5.85 4.58 -1.95
-0.08 -0.90 -0.09 0.40 3.69 -6.08
-0.11 -0.96 -0.07 -3.36 1.63 -10.00
-0.09 -1.04 -0.04 -1.66 0.63 -10.82
-0.10 -1.09 -0.00 4.61 0.93 -8.29
-0.08 -1.05 0.02 9.07 1.01 -6.72
