0.25 -0.92 0.22 -6.70 -1.63 2.18
0.25 -0.92 0.24 -7.45 -3.04 3.13
0.28 -0.93 0.25 -7.15 -5.08 4.63
0.29 -0.96 0.28 -6.56 -6.60 5.51
0.32 -0.95 0.28 -6.55 -8.87 5.62
0.32 -0.95 0.30 -7.10 -12.50 4.53
0.36 -0.93 0.30 -8.75 -15.91 1.62
0.39 -0.90 0.29 -13.80 -19.51 -2.79
0.42 -0.91 0.29 -17.91 -22.23 -5.24
0.42 -0.91 0.32 -20.14 -24.96 -5.08
0.43 -0.94 0.34 -20.32 -28.15 -3.69
0.47 -0.98 0.36 -17.89 -30.72 -1.44
0.51 -1.02 0.39 -11.79 -33.04 0.24
0.53 -0.99 0.38 -4.03 -35.74 0.69
0.57 -0.94 0.35 0.24 -38.60 -0.96
0.58 -0.87 0.32 1.42 -42.53 -5.08
0.59 -0.79 0.26 -1.40 -45.27 -8.63
0.62 -0.72 0.19 -7.50 -42.82 -9.62
0.61 -0.69 0.18 -16.87 -42.23 -11.86
0.61 -0.71 0.17 -23.57 -40.50 -11.05
0.56 -0.74 0.16 -28.38 -39.28 -10.32
0.55 -0.81 0.18 -34.55 -39.19 -8.44
0.57 -0.61 0.35 -32.76 -17.86 -2.47
0.52 -1.02 0.23 -33.18 -31.56 -3.63
0.50 -1.02 0.25 -22.55 -28.37 2.99
0.46 -1.03 0.27 -14.53 -27.74 4.27
0.47 -0.95 0.23 -9.54 -27.33 4.50
0.53 -0.84 0.12 -8.64 -21.95 4.92
0.47 -0.74 0.07 -14.06 -19.28 2.27
0.41 -0.66 0.06 -25.50 -20.18 0.82
0.47 -0.70 -0.01 -33.37 -13.85 5.25
0.45 -0.68 -0.08 -41.51 -3.71 10.00
0.32 -0.74 -0.03 -52.27 3.45 12.32
0.21 -0.95 0.08 -53.50 2.76 14.75
0.17 -1.14 0.13 -39.33 2.12 19.60
0.16 -1.17 0.11 -19.53 5.07 26.63
0.13 -1.09 0.05 -6.29 6.95 30.90
0.12 -0.99 -0.00 2.70 10.41 31.57
0.08 -0.86 -0.05 -0.08 18.50 31.79
0.12 -0.84 -0.18 -5.16 17.04 28.84
0.04 -0.73 -0.20 -16.50 25.21 24.40
-0.04 -0.69 -0.24 -29.71 29.36 23.98
-0.17 -0.80 -0.17 -37.31 32.11 24.11
-0.29 -0.97 -0.11 -36.67 29.57 27.34
-0.33 -1.11 -0.09 -27.40 30.93 36.43
-0.37 -1.22 -0.05 -14.29 32.12 41.79
-0.41 -1.22 -0.09 -8.70 32.26 41.54
-0.48 -1.23 -0.09 -8.47 30.26 34.35
-0.56 -1.23 -0.08 -13.19 23.33 24.03
-0.57 -1.34 -0.03 -15.37 18.29 13.56
-0.55 -1.40 -0.07 -12.61 11.82 4.78
-0.62 -1.46 0.01 -4.96 9.11 -1.02
-0.59 -1.43 -0.01 3.42 3.22 -6.52
-0.51 -1.36 -0.06 14.61 0.92 -9.88
-0.47 -1.23 -0.12 20.56 -1.34 -13.71
-0.39 -1.12 -0.14 22.95 -0.70 -17.21
-0.37 -0.98 -0.16 17.76 -2.89 -23.69
-0.37 -0.90 -0.16 8.41 -4.58 -29.83
-0.37 -0.93 -0.11 1.77 -8.15 -34.14
-0.36 -1.01 -0.08 1.62 -11.22 -35.48
-0.28 -1.08 -0.09 8.53 -12.20 -33.60
-0.24 -1.04 -0.11 15.88 -12.26 -32.76
-0.32 -0.86 -0.07 6.32 -23.18 -38.81
-0.15 -0.97 -0.11 6.95 -16.21 -42.18
-0.11 -1.03 -0.08 9.47 -16.06 -43.48
-0.11 -1.02 -0.05 15.86 -17.21 -42.78
-0.07 -0.98 -0.05 16.63 -15.59 -44.12
0.02 -0.92 -0.07 18.31 -13.16 -45.31
0.04 -0.84 -0.06 15.98 -10.63 -46.00
0.07 -0.80 -0.07 14.43 -11.89 -43.25
0.07 -0.88 0.04 17.62 -9.98 -35.82
0.11 -0.88 0.07 23.28 -10.14 -28.75
0.17 -0.84 0.07 24.81 -9.71 -25.88
0.22 -0.80 0.08 24.49 -12.09 -24.35
0.30 -0.77 0.03 22.32 -10.64 -22.95
0.33 -0.75 0.04 16.72 -10.29 -22.58
0.41 -0.78 0.03 13.15 -8.11 -20.38
0.48 -0.85 0.05 14.93 -3.28 -17.91
0.53 -0.84 0.05 15.56 -0.02 -19.13
0.54 -0.75 0.06 10.81 4.05 -19.62
0.50 -0.72 0.08 4.58 6.52 -18.06
0.50 -0.78 0.13 0.67 9.71 -12.61
0.53 -0.84 0.16 5.65 13.76 -4.53
0.43 -0.74 0.22 9.33 12.76 -0.12
0.47 -0.84 0.18 16.67 17.07 3.97
0.57 -0.79 0.17 10.55 20.02 3.07
0.64 -0.82 0.16 16.21 25.76 4.32
0.64 -0.76 0.19 12.40 29.59 1.25
0.63 -0.65 0.20 2.81 28.20 -6.27
0.60 -0.58 0.18 -17.04 25.77 -14.27
0.57 -0.69 0.24 -30.38 24.11 -15.97
0.51 -0.90 0.31 -27.53 21.74 -8.23
0.35 -0.96 0.43 -18.40 18.89 4.79
0.48 -1.12 0.35 -4.98 15.07 10.50
0.55 -1.10 0.31 5.85 11.15 11.02
0.60 -1.07 0.25 10.89 10.98 8.02
0.55 -0.97 0.23 11.65 11.04 4.61
0.57 -0.93 0.21 12.03 9.91 3.27
0.61 -0.88 0.18 10.66 11.31 0.93
0.58 -0.80 0.16 4.78 12.29 0.21
