0.49 -0.96 0.31 -7.66 -5.54 -9.51
0.53 -0.95 0.34 -2.84 -10.87 -9.66
0.59 -0.91 0.33 -2.72 -13.85 -12.76
0.62 -0.91 0.30 -2.81 -14.99 -16.64
0.63 -0.86 0.25 -5.02 -14.73 -20.31
0.63 -0.82 0.23 -9.82 -12.93 -24.14
0.59 -0.74 0.27 -14.17 -15.88 -27.25
0.65 -0.82 0.13 -28.75 -9.54 -30.34
0.50 -0.87 0.31 -20.15 -8.82 -23.45
0.04 -0.86 0.58 -28.56 -6.81 -14.84
0.59 -1.00 0.27 -16.38 -6.76 -10.23
0.52 -0.95 0.31 -14.06 -2.09 -10.53
0.54 -0.87 0.26 -15.54 -2.44 -15.10
0.56 -0.82 0.21 -21.59 -1.85 -20.87
0.53 -0.81 0.21 -22.67 0.20 -20.00
0.56 -0.71 0.12 -25.63 11.76 -11.36
0.47 -0.63 0.08 -19.08 12.03 -0.53
0.33 -0.61 0.07 -25.50 5.60 -8.00
0.34 -0.67 0.03 -34.34 6.55 -1.92
0.36 -0.74 0.00 -37.63 11.98 1.34
0.28 -0.76 0.06 -43.95 14.31 1.74
0.22 -0.86 0.10 -43.69 12.63 4.08
0.24 -0.89 0.09 -36.66 16.73 12.26
0.19 -0.88 0.06 -20.31 20.38 27.42
0.12 -0.78 0.03 -11.79 23.77 37.88
0.08 -0.68 -0.04 -19.44 21.94 31.71
0.06 -0.62 -0.10 -37.54 18.47 21.68
0.03 -0.66 -0.11 -45.50 17.97 22.21
-0.01 -0.62 -0.16 -55.47 22.21 30.72
-0.12 -0.79 -0.12 -56.92 23.45 37.71
-0.20 -1.06 -0.03 -50.50 19.19 43.44
-0.14 -1.24 -0.07 -31.80 23.88 50.44
-0.26 -1.20 -0.07 -21.18 25.62 48.64
-0.34 -1.16 -0.12 -26.50 20.79 38.03
-0.39 -1.19 -0.16 -37.19 17.18 26.75
-0.40 -1.27 -0.18 -43.07 12.61 19.11
-0.46 -1.41 -0.18 -46.41 16.66 14.93
-0.56 -1.55 -0.12 -43.45 12.78 7.04
-0.52 -1.67 -0.11 -33.19 7.65 -0.35
-0.48 -1.72 -0.13 -18.38 5.73 -4.73
-0.47 -1.69 -0.10 2.84 5.24 -4.18
-0.15 -1.60 -0.46 15.86 8.00 -6.99
0.12 -1.35 -0.64 20.23 -6.24 -24.12
-0.33 -1.22 -0.30 15.47 -7.37 -32.15
-0.31 -1.09 -0.30 10.41 -6.15 -38.96
-0.24 -1.04 -0.37 6.00 -4.24 -43.30
-0.24 -0.95 -0.40 0.24 -2.05 -45.92
-0.22 -1.03 -0.34 1.05 -0.96 -45.94
-0.16 -1.13 -0.30 11.57 1.91 -45.77
-0.15 -1.20 -0.25 30.67 3.63 -44.29
-0.09 -1.13 -0.25 41.66 10.15 -42.92
-0.06 -1.02 -0.18 54.49 12.46 -44.40
-0.05 -0.85 -0.15 51.95 12.37 -50.14
0.03 -0.72 -0.11 45.02 11.44 -56.52
-0.01 -0.61 -0.07 34.89 8.76 -61.80
-0.04 -0.55 -0.01 17.92 2.46 -62.31
0.03 -0.64 0.04 10.15 -2.09 -57.21
0.12 -0.82 0.09 18.11 -1.86 -46.69
0.15 -0.93 0.17 36.34 -3.25 -37.22
0.27 -0.90 0.16 54.61 -1.82 -29.50
0.32 -0.69 0.14 60.44 -0.85 -25.11
0.39 -0.54 0.12 54.98 -1.95 -25.27
0.48 -0.47 0.13 45.63 -0.63 -22.93
0.52 -0.42 0.11 34.58 1.63 -15.98
0.59 -0.38 0.05 24.49 5.16 -6.75
0.56 -0.47 0.09 7.60 6.56 -0.56
0.62 -0.72 0.15 1.69 8.14 4.35
0.62 -0.94 0.26 9.82 7.51 10.79
0.68 -1.00 0.35 18.85 8.64 9.24
0.72 -0.93 0.33 26.58 12.32 10.53
0.70 -0.89 0.32 29.33 13.62 9.31
0.66 -0.79 0.31 25.21 11.66 5.10
0.67 -0.80 0.27 19.30 10.27 3.76
0.63 -0.72 0.22 12.46 12.24 5.57
0.59 -0.71 0.26 -0.84 11.18 8.14
0.66 -0.81 0.33 -5.60 10.78 9.92
0.68 -0.92 0.37 -1.01 10.79 11.89
0.68 -0.97 0.39 6.21 10.15 13.50
0.69 -0.92 0.35 10.23 10.89 11.66
0.64 -0.90 0.33 8.27 9.40 6.37
0.62 -0.91 0.33 5.53 7.07 3.10
0.63 -0.95 0.32 6.49 6.98 3.08
0.61 -0.89 0.27 6.06 7.82 2.53
0.61 -0.79 0.23 -1.57 7.80 2.24
0.54 -0.87 0.24 -8.98 8.67 1.76
0.48 -0.92 0.25 -9.83 8.55 4.26
0.48 -1.00 0.28 -5.18 8.50 7.24
0.46 -1.00 0.27 0.89 8.23 5.56
0.40 -0.92 0.26 -2.31 4.26 -2.12
0.41 -0.90 0.22 -6.32 2.53 -8.60
0.38 -0.91 0.20 -5.07 2.67 -8.78
0.35 -0.88 0.20 -2.93 3.08 -5.34
0.30 -0.80 0.17 -4.12 2.46 -1.94
0.29 -0.76 0.17 -11.05 0.05 -0.09
0.32 -0.82 0.16 -13.27 -0.24 3.42
0.29 -0.90 0.19 -12.29 -0.44 6.26
0.28 -0.95 0.19 -9.48 -2.14 6.50
0.26 -0.95 0.21 -8.69 -6.66 3.62
0.30 -1.00 0.18 -7.77 -4.96 2.14
0.28 -0.99 0.18 -4.90 -6.05 1.45
