0.14 -0.99 0.07 -7.47 10.56 8.46
0.11 -0.98 0.10 -4.15 14.50 11.19
0.07 -0.95 0.13 -3.42 14.73 13.68
0.04 -0.95 0.16 -4.21 11.48 13.25
0.05 -0.94 0.15 -8.24 7.80 11.48
0.06 -0.95 0.17 -13.51 4.18 8.29
0.06 -1.01 0.19 -16.75 0.63 5.10
0.08 -1.11 0.21 -14.76 -1.57 5.10
0.12 -1.16 0.24 -9.54 -1.39 7.27
0.16 -1.14 0.24 -5.77 0.93 10.96
0.18 -1.12 0.25 -4.52 3.19 13.50
0.20 -1.13 0.27 -3.02 5.80 15.53
0.18 -1.18 0.29 1.83 4.50 9.88
0.21 -1.18 0.29 7.18 4.90 7.16
0.21 -1.14 0.28 12.15 5.08 4.81
0.23 -1.08 0.28 15.21 5.88 3.86
0.21 -1.02 0.26 15.50 6.18 2.29
0.18 -0.97 0.23 10.40 5.30 -2.20
0.14 -0.98 0.22 4.24 3.73 -8.43
0.14 -1.01 0.22 -0.35 2.89 -12.87
0.14 -1.04 0.21 -1.80 5.30 -13.19
0.09 -1.06 0.23 0.23 7.07 -9.11
0.05 -1.08 0.25 4.27 5.27 -3.45
0.08 -1.08 0.22 9.91 4.73 2.69
0.09 -1.11 0.21 16.09 5.05 4.31
0.10 -1.07 0.17 21.05 4.92 1.82
0.10 -0.98 0.13 20.98 5.05 -2.32
0.15 -0.90 0.10 16.63 8.35 -2.95
0.13 -0.90 0.08 13.48 11.36 -8.32
0.04 -0.86 0.10 8.38 12.20 -10.32
0.00 -0.88 0.12 4.73 7.10 -11.27
0.04 -0.94 0.08 6.02 5.76 -8.02
0.03 -1.02 0.09 11.66 6.67 0.69
0.04 -1.07 0.08 20.08 7.42 5.79
0.06 -1.00 0.05 25.13 8.53 4.89
0.08 -0.94 0.04 25.27 10.27 0.50
0.05 -0.86 0.04 20.87 9.85 -8.92
0.03 -0.75 0.01 10.27 7.50 -18.26
0.03 -0.70 -0.03 -2.18 6.49 -20.34
0.00 -0.73 -0.07 -12.29 8.90 -8.53
-0.03 -0.85 -0.04 -15.95 9.65 6.05
0.01 -0.92 -0.05 -15.30 11.97 18.34
0.11 -0.99 -0.06 -12.40 16.90 21.95
0.20 -1.04 -0.07 -6.84 28.69 21.57
0.08 -1.00 -0.05 -4.49 32.78 11.27
-0.00 -0.95 -0.01 -6.43 27.79 -5.08
0.01 -0.88 -0.07 -10.67 23.21 -16.06
-0.02 -0.80 -0.17 -16.92 23.28 -12.41
-0.09 -0.80 -0.22 -24.34 24.99 4.08
-0.15 -0.88 -0.20 -29.07 23.62 18.81
-0.19 -0.99 -0.18 -32.43 18.67 20.31
-0.19 -1.17 -0.14 -28.20 13.21 14.23
-0.14 -1.25 -0.14 -19.16 8.49 5.18
-0.06 -1.24 -0.18 -8.12 10.46 -0.82
-0.04 -1.13 -0.24 -1.69 13.66 -3.33
-0.05 -1.00 -0.27 -1.68 15.59 -2.89
-0.06 -0.87 -0.30 -8.79 17.65 0.67
-0.12 -0.82 -0.30 -20.63 15.89 1.69
-0.13 -0.90 -0.30 -29.77 13.68 2.66
-0.16 -1.00 -0.29 -34.78 12.63 1.68
-0.24 -1.19 -0.22 -30.87 7.53 -1.56
-0.19 -1.28 -0.21 -17.97 3.83 -1.08
-0.13 -1.27 -0.24 -3.40 6.34 2.95
-0.16 -1.18 -0.25 7.66 7.48 5.66
-0.16 -1.04 -0.27 10.20 6.50 5.94
-0.12 -0.95 -0.29 7.94 5.86 4.02
-0.11 -0.89 -0.28 3.01 5.02 1.37
-0.10 -0.85 -0.26 -3.36 4.23 0.17
-0.08 -0.85 -0.24 -7.34 3.79 0.82
-0.09 -0.87 -0.21 -10.17 1.74 3.07
-0.07 -0.89 -0.17 -10.40 -0.60 5.25
-0.01 -0.94 -0.12 -7.50 -0.98 7.19
0.03 -0.94 -0.10 -4.47 0.35 7.94
0.03 -0.90 -0.11 -4.58 1.59 6.89
0.04 -0.87 -0.11 -8.14 0.46 7.04
0.06 -0.90 -0.13 -10.18 1.30 10.26
0.07 -0.97 -0.12 -9.33 3.50 14.98
0.08 -1.01 -0.11 -6.31 5.79 17.25
0.05 -1.00 -0.12 -5.57 8.26 14.21
0.01 -0.98 -0.10 -6.05 9.98 10.14
-0.00 -0.97 -0.09 -6.21 10.81 8.95
-0.01 -0.94 -0.09 -6.56 11.66 10.87
0.00 -0.94 -0.11 -8.61 12.34 12.66
-0.01 -0.95 -0.10 -10.64 11.19 14.85
0.04 -0.98 -0.10 -12.35 13.66 20.27
0.03 -1.01 -0.07 -12.90 17.73 23.10
-0.04 -1.03 -0.02 -14.79 17.42 18.41
-0.09 -1.06 0.02 -16.64 13.13 8.49
-0.10 -1.08 0.03 -15.33 9.40 2.29
-0.09 -1.10 0.02 -9.86 8.12 3.51
-0.07 -1.09 -0.01 -2.29 8.18 11.21
-0.03 -1.01 -0.05 2.41 10.09 20.11
-0.00 -0.91 -0.06 0.92 13.48 27.19
-0.04 -0.86 -0.07 -6.60 15.68 26.78
-0.13 -0.88 -0.03 -16.89 13.59 21.83
-0.18 -0.93 -0.02 -25.37 8.96 12.92
-0.22 -1.01 0.04 -29.60 2.23 6.92
-0.16 -1.07 0.06 -26.09 -1.07 8.52
-0.11 -1.06 0.02 -20.49 -1.69 13.08
-0.11 -1.06 0.03 -14.03 -3.11 16.00
