-0.08 -0.93 -0.12 -5.16 -0.29 -2.76
-0.08 -0.95 -0.11 -4.67 -0.58 -2.78
-0.08 -0.95 -0.11 -4.82 -0.84 -4.12
-0.07 -0.95 -0.09 -4.49 -1.18 -7.10
-0.08 -0.93 -0.11 -2.56 -0.84 -3.98
-0.10 -0.92 -0.10 -1.74 -2.40 -2.64
-0.07 -0.90 -0.10 -1.88 -2.79 -2.06
-0.08 -0.91 -0.11 -2.27 -3.60 -2.55
-0.07 -0.91 -0.12 -2.82 -3.83 -2.34
-0.06 -0.91 -0.12 -2.98 -3.63 -1.24
-0.04 -0.92 -0.13 -2.58 -3.36 -0.32
-0.05 -0.92 -0.14 -4.08 -3.04 -1.16
-0.05 -0.96 -0.14 -4.82 -3.40 -4.27
-0.04 -0.98 -0.13 -5.30 -3.51 -6.61
-0.07 -1.00 -0.14 -2.95 -4.84 -4.21
-0.04 -1.02 -0.13 0.50 -5.22 1.18
-0.03 -1.05 -0.14 3.89 -5.62 5.97
0.01 -1.08 -0.16 6.75 -4.78 10.66
0.02 -1.11 -0.15 10.23 -4.24 8.99
0.03 -1.09 -0.14 11.54 -4.32 8.17
0.05 -1.11 -0.16 12.18 -5.07 4.66
0.07 -1.11 -0.16 10.63 -4.85 -1.42
0.08 -1.13 -0.17 7.71 -4.85 -8.69
0.09 -1.14 -0.17 7.28 -4.89 -11.80
0.06 -1.15 -0.16 9.21 -5.63 -7.88
0.09 -1.15 -0.16 13.16 -5.79 -0.40
0.11 -1.18 -0.16 17.95 -3.77 2.34
0.11 -1.16 -0.13 21.94 -3.47 5.39
0.11 -1.15 -0.13 25.40 -2.76 6.09
0.12 -1.11 -0.13 25.73 -2.14 4.35
0.14 -1.07 -0.14 23.24 -1.10 0.09
0.12 -1.05 -0.15 18.53 -0.72 -6.29
0.05 -0.97 -0.13 12.72 -2.69 -9.27
0.13 -1.03 -0.12 8.93 -1.51 -11.37
0.09 -1.02 -0.12 6.46 -2.44 -10.93
0.07 -1.03 -0.11 6.52 -3.27 -7.40
0.04 -1.02 -0.09 8.15 -5.37 -3.63
0.11 -1.03 -0.11 8.81 -5.97 -2.67
0.15 -1.02 -0.14 6.93 -3.24 -5.62
0.16 -1.01 -0.13 5.33 -0.15 -10.27
0.08 -0.98 -0.12 3.08 -0.02 -14.76
0.10 -0.94 -0.09 -0.67 0.46 -17.57
0.14 -0.88 -0.12 -5.27 1.36 -19.18
0.09 -0.86 -0.11 -9.28 1.80 -17.19
0.08 -0.90 -0.10 -11.33 1.89 -14.29
0.07 -0.93 -0.13 -10.17 3.60 -8.18
0.08 -1.02 -0.09 -3.18 6.90 3.62
0.08 -1.05 -0.07 8.41 10.17 13.42
0.08 -1.02 -0.09 17.11 13.85 15.18
0.14 -1.00 -0.09 20.99 20.20 6.46
0.04 -0.90 -0.10 19.21 16.24 4.99
0.01 -0.82 -0.09 11.04 13.60 -2.78
0.01 -0.76 -0.12 -0.12 12.49 -8.08
0.01 -0.69 -0.12 -14.02 11.66 -7.79
0.01 -0.78 -0.10 -23.85 13.66 -3.73
-0.02 -0.90 -0.06 -23.11 18.52 5.30
-0.14 -1.04 0.02 -14.15 18.76 12.12
-0.10 -1.11 0.03 -1.98 15.73 18.61
-0.03 -1.09 -0.01 8.81 17.86 18.23
0.02 -1.02 -0.07 15.60 21.60 21.01
-0.02 -0.93 -0.10 17.24 24.05 24.67
-0.04 -0.85 -0.12 10.47 23.69 22.53
-0.08 -0.70 -0.13 -7.95 23.28 10.06
-0.09 -0.70 -0.11 -30.67 22.43 -0.58
-0.11 -0.75 -0.10 -48.61 23.57 -6.29
-0.16 -0.89 -0.06 -57.80 23.48 -7.56
-0.17 -1.08 -0.05 -53.65 22.41 -6.15
-0.08 -1.19 -0.06 -38.35 25.04 -1.54
-0.09 -1.19 -0.11 -20.78 29.01 7.19
-0.13 -1.09 -0.10 -7.71 31.01 17.56
-0.20 -0.98 -0.09 -3.63 29.65 24.72
-0.16 -0.93 -0.13 -6.43 29.68 24.29
-0.15 -0.90 -0.14 -14.64 30.52 22.27
-0.18 -0.92 -0.16 -23.59 31.19 15.86
-0.21 -0.99 -0.16 -31.50 30.85 4.41
-0.18 -1.05 -0.16 -35.71 31.16 -4.73
-0.23 -1.05 -0.17 -35.45 32.26 -5.74
-0.30 -1.05 -0.14 -34.75 29.04 -3.30
-0.32 -1.08 -0.15 -30.43 28.41 -0.08
-0.38 -1.12 -0.16 -25.27 26.40 0.18
-0.36 -1.13 -0.13 -18.37 24.44 3.02
-0.40 -1.14 -0.14 -9.91 24.31 8.17
-0.41 -1.13 -0.13 -3.40 23.31 9.27
-0.40 -1.11 -0.14 0.02 23.69 5.27
-0.54 -1.05 -0.11 -0.14 17.27 1.37
-0.57 -1.02 -0.08 0.08 8.09 -0.18
-0.53 -1.00 -0.10 -0.24 3.13 0.23
-0.52 -0.99 -0.09 -2.05 -2.34 -0.95
-0.49 -0.98 -0.13 -4.12 -4.64 -2.58
-0.47 -1.01 -0.14 -4.31 -7.07 -4.03
-0.49 -0.99 -0.13 -2.20 -10.63 -3.28
-0.44 -1.00 -0.13 2.15 -13.88 -1.15
-0.44 -0.98 -0.15 6.23 -17.34 0.12
-0.43 -0.93 -0.14 9.22 -21.36 2.27
-0.37 -0.88 -0.18 10.02 -22.93 4.32
-0.36 -0.84 -0.18 7.01 -24.78 4.63
-0.30 -0.80 -0.21 2.67 -24.82 4.05
-0.27 -0.83 -0.23 -0.55 -23.85 3.19
-0.30 -0.84 -0.19 -3.19 -25.27 1.28
-0.28 -0.90 -0.20 -1.82 -26.55 1.04
