-0.29 -1.01 0.09 -14.50 -8.09 3.27
-0.29 -1.01 0.07 -14.09 -11.50 5.19
-0.30 -1.04 0.06 -10.35 -14.64 8.17
-0.28 -0.98 0.02 -9.40 -17.39 13.73
-0.26 -0.95 -0.02 -8.08 -18.84 18.55
-0.28 -0.94 -0.02 -8.96 -18.43 26.78
-0.28 -0.95 -0.00 -10.66 -18.75 34.56
-0.30 -0.97 0.01 -13.44 -18.76 41.92
-0.25 -1.03 0.05 -17.69 -16.75 40.90
-0.26 -1.17 0.05 -16.98 -13.92 30.05
-0.19 -1.23 0.05 -14.06 -10.03 24.81
-0.23 -1.33 0.07 -1.42 -10.11 19.66
-0.20 -1.31 0.09 14.50 -11.62 14.72
-0.08 -1.26 0.04 29.65 -13.34 8.64
0.07 -1.10 -0.03 39.40 -10.40 4.00
0.23 -0.97 -0.04 41.56 -4.11 2.49
0.43 -0.88 -0.01 40.27 4.50 4.27
0.65 -0.86 0.07 36.60 12.95 6.06
0.84 -0.80 0.24 25.04 18.82 7.63
0.99 -0.84 0.43 3.15 17.94 8.27
1.04 -1.04 0.59 -22.18 6.18 1.56
1.19 -1.30 0.57 -48.15 -7.33 -11.04
1.36 -1.75 0.26 -33.88 -24.24 -41.36
1.41 -1.94 0.51 -63.19 -32.82 -66.37
1.67 -2.24 0.39 -61.08 -38.06 -87.25
1.71 -2.42 0.43 -47.24 -36.84 -108.76
1.76 -2.31 0.36 -20.66 -37.39 -129.10
1.76 -2.01 0.22 9.59 -31.31 -142.90
1.86 -1.44 0.01 29.04 -16.15 -134.49
1.67 -0.87 -0.09 31.65 0.90 -135.34
1.59 -0.28 -0.17 6.43 24.26 -133.24
1.44 0.10 -0.29 -28.09 43.74 -118.63
1.21 0.31 -0.40 -56.24 62.26 -98.78
0.89 0.28 -0.61 -79.30 76.06 -66.44
0.28 -0.03 -0.70 -82.14 81.60 -29.44
-0.39 -0.38 -0.79 -67.19 75.48 11.51
-0.89 -0.53 -0.98 -54.49 73.80 36.18
-1.45 -0.65 -1.08 -51.05 76.17 46.35
-1.91 -0.63 -1.14 -49.28 81.48 69.10
-2.10 -0.44 -1.20 -60.81 107.95 116.78
-2.26 -0.35 -1.18 -69.82 145.25 162.41
-2.38 -0.23 -0.94 -110.49 177.92 197.18
-2.97 -0.70 -0.43 -147.13 197.28 178.73
-2.97 -1.19 0.13 -195.08 177.37 159.27
-2.63 -1.98 0.35 -197.89 144.73 116.61
-2.31 -2.50 0.60 -168.92 99.08 71.10
-1.88 -2.79 0.61 -124.58 54.20 23.53
-1.49 -2.73 0.54 -82.89 21.85 -24.85
-1.28 -2.54 0.34 -45.97 -0.55 -70.93
-1.22 -2.23 0.05 -0.14 -18.49 -111.44
-1.15 -1.59 -0.27 45.01 -31.60 -124.38
-1.07 -0.85 -0.62 81.97 -46.53 -124.73
-0.81 -0.02 -0.96 85.45 -57.65 -118.17
-0.53 0.60 -1.17 54.96 -57.98 -100.20
-0.17 0.78 -1.26 11.57 -37.79 -72.27
-0.11 0.64 -1.29 0.61 -22.38 -53.11
-0.27 0.36 -1.07 -29.31 0.08 -29.79
-0.64 -0.19 -0.84 -46.23 19.13 -24.92
-1.32 -0.61 -0.47 -48.72 5.66 -23.76
-1.91 -1.09 -0.25 -31.22 -19.95 -26.82
-2.36 -1.44 -0.10 -7.95 -62.03 -51.94
-2.47 -1.50 -0.06 0.73 -97.10 -85.04
-2.36 -1.21 -0.13 -2.58 -112.37 -102.89
-2.19 -1.07 -0.21 -5.31 -116.56 -104.61
-2.05 -0.77 -0.19 -1.33 -127.13 -96.50
-1.79 -0.61 -0.20 3.63 -139.83 -73.91
-1.29 -0.68 -0.31 16.93 -151.95 -65.65
-0.81 -0.52 -0.28 27.83 -153.82 -52.66
-0.21 -0.64 -0.35 34.09 -135.60 -24.55
0.33 -0.75 -0.30 56.23 -109.71 0.50
0.78 -0.67 -0.28 72.50 -84.41 21.08
1.10 -0.54 -0.22 76.40 -62.44 38.52
1.30 -0.55 -0.20 75.21 -47.33 53.47
1.45 -0.57 -0.22 69.19 -36.90 66.52
1.67 -0.77 -0.37 64.44 -26.24 76.03
1.82 -0.98 -0.49 61.71 -13.18 73.27
1.95 -1.22 -0.61 68.50 4.37 64.90
1.98 -1.35 -0.62 84.27 24.26 56.72
1.88 -1.22 -0.62 98.27 42.81 55.04
1.69 -1.13 -0.52 98.52 62.43 62.58
1.39 -1.13 -0.32 91.28 71.94 62.63
1.14 -1.29 -0.20 80.87 78.78 55.36
0.72 -1.48 0.02 72.50 79.62 43.15
0.43 -1.63 0.19 65.88 74.18 25.10
0.20 -1.55 0.34 56.72 64.27 4.75
0.08 -1.42 0.42 45.53 49.19 -9.94
0.04 -1.33 0.44 38.61 34.49 -19.21
-0.00 -1.18 0.43 33.59 17.30 -20.02
0.04 -1.02 0.34 25.69 4.18 -15.92
0.05 -0.93 0.24 14.58 -4.56 -12.38
0.01 -0.96 0.19 4.72 -12.24 -8.09
0.01 -1.05 0.10 4.17 -18.98 -4.11
0.03 -1.06 0.01 2.38 -19.89 -3.53
0.02 -1.04 -0.01 -4.40 -16.79 -5.18
-0.02 -1.08 -0.05 -11.30 -12.73 -10.35
-0.05 -1.10 -0.03 -17.42 -8.32 -13.10
-0.08 -1.10 -0.00 -17.85 -9.51 -17.50
-0.08 -1.04 0.00 -14.93 -10.24 -17.42
-0.08 -1.03 0.06 -10.73 -11.94 -13.92
-0.05 -0.96 0.08 -6.84 -13.37 -10.69
