-0.11 -0.94 -0.06 -7.44 -2.40 1.60
-0.09 -0.94 -0.05 -7.92 -2.58 1.01
-0.10 -0.93 -0.05 -8.08 -3.21 0.96
-0.10 -0.93 -0.03 -7.82 -3.88 1.24
-0.10 -0.92 -0.03 -7.22 -4.72 1.80
-0.10 -0.92 -0.03 -6.23 -5.68 2.95
-0.09 -0.91 -0.03 -5.89 -5.98 4.89
-0.07 -0.89 -0.02 -6.67 -6.14 5.33
-0.07 -0.88 -0.04 -8.52 -6.35 5.42
-0.06 -0.87 -0.03 -10.69 -6.44 5.18
-0.07 -0.88 -0.03 -13.53 -6.95 4.76
-0.06 -0.90 0.00 -15.56 -8.02 4.93
-0.04 -0.93 0.02 -15.30 -8.53 6.56
-0.01 -0.97 0.03 -12.60 -7.71 9.24
-0.01 -0.98 0.02 -9.85 -6.64 10.05
-0.01 -0.97 -0.00 -11.71 -6.08 8.21
-0.02 -0.96 -0.01 -15.77 -6.38 4.69
-0.04 -0.98 -0.01 -21.92 -6.44 1.22
-0.04 -1.06 0.01 -25.42 -6.85 -0.98
-0.05 -1.13 0.07 -23.79 -7.42 -1.95
-0.05 -1.18 0.07 -18.29 -8.26 -1.31
-0.05 -1.18 0.10 -11.69 -8.99 0.31
-0.03 -1.17 0.09 -6.18 -9.40 1.57
-0.03 -1.15 0.09 -2.32 -10.64 0.41
-0.03 -1.13 0.08 -0.27 -12.32 -1.54
-0.02 -1.12 0.09 2.31 -14.60 -4.12
0.00 -1.10 0.08 5.57 -15.60 -4.79
0.02 -1.08 0.07 8.99 -16.12 -5.33
0.05 -1.04 0.06 11.40 -15.36 -5.05
0.05 -0.99 0.03 10.12 -14.50 -5.05
0.01 -0.97 0.02 4.49 -16.12 -7.88
-0.01 -0.98 0.02 -2.23 -18.32 -11.42
-0.00 -1.06 0.03 -4.34 -19.24 -13.19
0.01 -1.14 0.05 -1.60 -19.33 -13.48
0.01 -1.16 0.06 3.60 -18.66 -12.46
0.01 -1.14 0.06 6.82 -18.89 -12.67
0.01 -1.13 0.07 9.54 -19.85 -13.42
0.04 -1.10 0.07 12.58 -20.14 -12.75
0.05 -1.07 0.08 16.60 -19.22 -10.61
0.07 -1.02 0.07 20.67 -18.11 -7.44
0.10 -0.95 0.03 21.89 -15.66 -4.82
0.09 -0.85 -0.00 17.10 -14.56 -3.63
0.09 -0.80 0.01 7.25 -13.94 -3.88
0.12 -0.85 0.01 -1.74 -13.27 -5.36
0.09 -0.91 0.02 -6.96 -11.57 -5.76
0.06 -0.98 0.03 -10.40 -12.49 -7.45
0.07 -1.07 0.06 -8.47 -11.15 -5.94
0.08 -1.13 0.08 -0.92 -9.45 -4.12
0.10 -1.12 0.08 7.94 -6.82 -2.09
0.15 -1.04 0.07 15.66 -2.89 1.16
0.15 -0.91 0.06 18.17 0.60 3.36
0.14 -0.78 0.00 11.77 5.13 4.76
0.06 -0.73 -0.02 0.09 6.00 2.17
0.02 -0.70 -0.09 -14.26 4.56 -1.79
0.01 -0.76 -0.13 -29.65 8.34 0.44
-0.03 -0.85 -0.08 -37.97 10.49 3.34
-0.03 -0.97 -0.02 -40.35 9.66 3.86
-0.06 -1.10 0.08 -32.98 5.51 2.05
-0.01 -1.20 0.12 -15.16 3.57 5.16
0.02 -1.18 0.06 7.40 5.47 10.66
-0.04 -1.05 -0.01 21.24 4.20 9.73
-0.05 -0.90 -0.15 22.76 4.50 8.11
-0.07 -0.77 -0.22 14.47 8.58 11.08
-0.10 -0.72 -0.25 2.34 11.95 15.44
-0.10 -0.71 -0.21 -11.50 17.71 23.77
-0.13 -0.80 -0.20 -14.82 16.27 23.62
-0.17 -0.85 -0.17 -16.87 13.76 24.95
-0.18 -0.96 -0.14 -12.53 9.50 25.85
-0.13 -0.99 -0.16 -3.80 9.50 31.86
-0.07 -0.96 -0.19 3.82 13.44 34.70
-0.06 -0.91 -0.24 9.62 15.44 30.31
-0.08 -0.76 -0.31 2.05 20.67 26.58
-0.18 -0.68 -0.34 -13.44 21.31 20.52
-0.25 -0.67 -0.36 -31.94 19.57 16.03
-0.29 -0.73 -0.39 -51.04 19.16 15.40
-0.32 -0.95 -0.33 -60.93 16.79 14.49
-0.32 -1.19 -0.23 -57.22 11.28 12.60
-0.25 -1.35 -0.18 -40.41 10.98 16.05
-0.21 -1.37 -0.18 -18.00 13.57 18.31
-0.22 -1.25 -0.22 -0.90 15.13 14.41
-0.24 -1.04 -0.32 0.11 15.62 7.76
-0.27 -0.91 -0.36 -8.76 14.67 1.76
-0.31 -0.88 -0.38 -22.29 12.76 -2.29
-0.33 -0.97 -0.34 -33.48 9.66 -5.07
-0.33 -1.08 -0.32 -37.19 6.98 -8.89
-0.35 -1.18 -0.28 -36.44 4.99 -12.09
-0.35 -1.30 -0.22 -26.50 1.88 -15.28
-0.32 -1.33 -0.18 -10.27 -0.11 -15.21
-0.30 -1.26 -0.19 5.91 -0.78 -11.89
-0.29 -1.13 -0.21 16.43 -2.11 -9.33
-0.26 -0.99 -0.28 17.71 -3.37 -8.41
-0.22 -0.90 -0.32 11.34 -3.16 -9.98
-0.18 -0.88 -0.35 2.18 -1.66 -12.99
-0.17 -0.94 -0.33 -4.35 -0.31 -16.73
-0.16 -0.99 -0.29 -7.53 1.45 -18.84
-0.15 -1.05 -0.24 -4.90 2.35 -18.17
-0.14 -1.10 -0.19 2.23 2.95 -17.02
-0.15 -1.13 -0.18 12.14 2.56 -15.22
-0.14 -1.09 -0.22 19.76 3.34 -13.71
-0.12 -1.03 -0.26 23.92 4.95 -11.92
