-0.19 -1.03 0.04 -6.26 0.93 -0.72
-0.21 -1.05 0.04 -5.82 1.22 -0.70
-0.22 -1.07 0.05 -4.21 0.26 -1.33
-0.21 -1.06 0.05 -1.68 0.26 -0.99
-0.23 -1.05 0.06 0.06 -0.18 -0.75
-0.25 -1.02 0.07 0.38 -0.47 -0.99
-0.27 -1.00 0.07 0.20 -1.63 -0.58
-0.27 -0.99 0.07 0.69 -2.21 -0.27
-0.28 -1.00 0.05 2.55 -2.37 -0.38
-0.27 -0.96 0.03 6.00 -2.85 0.29
-0.25 -0.91 0.00 7.77 -1.60 1.71
-0.26 -0.85 0.02 7.02 -0.34 3.69
-0.25 -0.83 0.03 6.58 -0.20 6.69
-0.25 -0.82 0.01 5.69 0.66 9.66
-0.26 -0.81 0.02 2.34 0.89 11.39
-0.26 -0.87 0.05 -0.82 1.50 13.30
-0.27 -0.95 0.06 -2.67 0.72 14.18
-0.28 -1.02 0.06 -2.92 0.21 13.25
-0.28 -1.08 0.08 -1.95 0.41 13.59
-0.28 -1.16 0.09 2.05 -0.31 13.48
-0.26 -1.17 0.07 4.75 0.53 14.85
-0.24 -1.21 0.11 5.37 1.22 17.01
-0.18 -1.29 0.09 7.95 1.57 17.73
-0.09 -1.35 0.08 12.21 4.46 17.24
-0.02 -1.43 0.09 19.83 5.76 13.39
0.06 -1.45 0.07 27.95 7.45 10.44
0.15 -1.43 0.06 35.79 7.24 4.53
0.26 -1.34 0.04 38.78 6.18 -0.99
0.48 -1.25 0.02 38.81 7.94 -4.90
0.66 -1.15 0.09 36.20 10.31 -5.62
0.98 -0.97 0.28 25.37 11.24 -5.18
1.19 -0.93 0.48 7.02 8.03 -8.23
1.31 -0.96 0.67 -16.41 -7.48 -20.23
1.49 -1.03 0.72 -44.99 -21.56 -34.38
1.59 -1.19 0.68 -70.82 -31.62 -50.89
1.59 -1.46 0.70 -86.64 -42.06 -69.73
1.61 -1.79 0.67 -84.05 -56.14 -95.47
1.72 -1.91 0.54 -65.25 -64.87 -121.91
1.82 -1.73 0.39 -38.93 -64.47 -137.21
1.85 -1.35 0.15 -17.40 -57.44 -132.44
1.85 -0.82 0.01 -0.40 -39.76 -119.71
1.76 -0.26 -0.19 -0.47 -12.35 -94.67
1.51 0.20 -0.33 -19.65 14.23 -72.92
1.16 0.54 -0.52 -55.80 40.34 -53.66
0.61 0.60 -0.61 -101.01 65.36 -27.97
-0.15 0.16 -0.62 -128.52 77.42 12.31
-1.25 -0.64 -0.50 -112.72 54.99 45.73
-2.06 -1.12 -0.43 -74.73 13.39 73.19
-2.21 -0.97 -0.74 -55.18 -4.03 96.58
-2.11 -0.59 -1.13 -80.14 14.70 127.63
-1.81 -0.32 -1.38 -96.35 76.18 158.35
-2.01 -0.49 -1.31 -121.21 142.05 187.71
-2.17 -1.09 -0.94 -139.51 184.73 186.89
-2.63 -1.57 -0.61 -139.40 191.71 160.98
-2.41 -2.01 -0.16 -130.72 190.35 144.69
-2.26 -2.42 0.19 -84.32 175.30 97.85
-2.16 -2.23 0.51 -35.76 142.93 47.89
-2.14 -1.82 0.69 -22.73 97.19 2.78
-2.04 -1.45 0.63 -28.99 38.29 -34.21
-1.78 -1.25 0.33 -32.92 -13.66 -62.49
-1.41 -1.09 -0.10 -21.13 -46.49 -84.03
-1.20 -0.72 -0.46 -6.93 -61.19 -94.03
-0.89 -0.57 -0.99 17.19 -58.89 -94.87
-0.64 -0.16 -1.26 23.63 -43.60 -94.34
-0.68 0.46 -1.22 11.94 -29.85 -86.69
-0.82 0.74 -1.09 -13.21 -16.85 -61.19
-1.23 0.57 -1.01 -56.14 -0.72 -35.39
-2.03 -0.26 -0.71 -80.03 -13.68 -59.60
-2.56 -0.91 -0.31 -62.00 -44.92 -99.05
-2.78 -1.58 -0.28 -44.05 -85.19 -128.99
-2.52 -1.72 -0.42 2.79 -108.70 -147.76
-2.07 -1.23 -0.62 58.69 -116.90 -152.47
-1.50 -0.53 -0.73 89.08 -104.31 -130.06
-1.05 0.05 -0.74 91.57 -90.05 -107.04
-0.68 0.39 -0.62 68.58 -82.78 -76.70
-0.28 0.30 -0.50 37.59 -76.78 -44.55
0.19 -0.10 -0.41 19.37 -66.18 -15.25
0.61 -0.60 -0.29 27.01 -52.24 6.27
1.01 -0.84 -0.18 46.52 -31.89 29.60
1.20 -1.06 0.11 70.46 -13.63 49.53
1.21 -1.22 0.39 86.61 -18.34 55.59
1.22 -1.25 0.41 86.41 -36.00 48.84
1.43 -1.39 0.19 72.49 -43.92 35.79
1.67 -1.51 -0.07 57.50 -34.75 26.98
1.79 -1.60 -0.28 49.18 -6.31 22.82
1.61 -1.77 -0.30 63.47 19.42 27.86
1.34 -1.77 -0.23 85.34 33.95 29.79
1.18 -1.58 -0.20 94.23 39.36 20.93
0.97 -1.44 -0.18 93.85 45.69 10.15
0.79 -1.20 -0.12 84.50 48.23 1.39
0.67 -1.17 -0.07 70.18 50.75 -3.65
0.59 -1.11 -0.07 61.57 55.10 -6.96
0.48 -1.06 -0.02 54.52 59.33 -3.15
0.38 -1.05 0.03 54.24 62.63 3.82
0.20 -0.91 0.08 49.21 62.60 9.01
0.06 -0.84 0.14 40.23 58.93 13.82
-0.07 -0.93 0.19 35.02 51.05 19.10
-0.21 -1.04 0.25 36.02 36.66 17.40
-0.19 -1.09 0.20 41.82 20.66 12.58
-0.09 -1.08 0.14 46.34 13.16 10.53
