-0.05 -1.01 -0.11 -1.25 0.09 6.92
-0.06 -1.05 -0.11 1.34 0.38 8.50
-0.07 -1.07 -0.11 5.27 -0.69 9.42
-0.06 -1.05 -0.11 7.89 -0.63 8.98
-0.10 -1.07 -0.10 12.06 -2.00 11.47
-0.06 -1.04 -0.09 13.51 -5.51 10.70
0.03 -1.04 -0.12 13.47 -2.35 11.04
0.03 -1.05 -0.10 11.13 0.56 7.34
0.02 -1.05 -0.09 8.21 1.60 1.53
0.01 -1.06 -0.08 6.41 2.92 -3.33
-0.04 -1.07 -0.05 5.92 0.17 -4.32
-0.01 -1.06 -0.07 6.20 1.37 -4.26
-0.02 -1.09 -0.05 8.34 2.35 -3.36
-0.03 -1.08 -0.03 10.92 1.02 -2.76
-0.04 -1.06 -0.03 12.47 -0.52 -1.15
-0.06 -1.04 -0.03 12.95 -3.44 -0.66
-0.05 -0.99 -0.03 10.98 -5.89 -0.17
-0.01 -0.97 -0.05 7.60 -6.85 0.05
0.01 -0.95 -0.07 2.60 -7.13 -1.45
0.01 -0.97 -0.08 -0.14 -7.15 -1.37
0.01 -0.96 -0.09 -2.99 -7.74 -3.77
-0.00 -0.98 -0.08 -5.77 -9.85 -6.47
0.02 -0.98 -0.10 -6.69 -11.37 -9.42
0.08 -1.01 -0.10 -4.93 -9.33 -4.44
0.03 -1.04 -0.08 -0.35 -6.75 0.84
-0.14 -1.10 -0.05 6.02 -10.05 1.10
0.03 -1.07 -0.06 14.02 -6.60 14.17
0.03 -1.04 -0.08 18.84 -2.20 16.40
0.00 -1.02 -0.08 21.19 -0.24 18.81
-0.01 -0.94 -0.08 18.73 1.53 17.76
-0.03 -0.89 -0.10 14.93 2.60 16.26
-0.01 -0.85 -0.11 3.34 0.31 13.68
0.06 -0.90 -0.15 -3.76 3.47 10.21
0.04 -0.98 -0.12 -5.51 7.02 4.15
-0.03 -1.05 -0.08 -4.89 8.41 5.02
-0.10 -1.17 -0.02 6.20 10.67 9.34
-0.13 -1.16 0.01 22.15 11.07 15.30
-0.18 -1.08 -0.03 36.49 14.03 25.40
-0.13 -1.01 -0.02 42.58 16.82 33.62
-0.13 -0.90 -0.06 42.96 18.34 34.12
-0.07 -0.74 -0.08 30.34 19.95 32.69
-0.12 -0.78 -0.12 14.44 23.33 24.38
-0.14 -0.79 -0.08 -4.64 21.10 8.37
-0.13 -0.87 -0.11 -18.37 23.37 -1.01
-0.21 -0.99 -0.02 -19.86 24.90 -2.78
-0.29 -1.11 0.04 -8.79 25.39 5.48
-0.35 -1.20 0.08 13.88 25.89 22.53
-0.39 -1.12 0.05 35.82 24.84 37.01
-0.36 -1.05 0.06 48.95 24.72 46.08
-0.34 -0.91 -0.01 50.02 15.63 40.96
-0.19 -0.78 -0.09 39.22 27.28 39.57
-0.35 -0.76 -0.05 23.10 27.82 21.69
-0.32 -0.78 -0.04 4.52 27.51 10.70
-0.42 -0.87 0.01 -6.23 23.36 -0.79
-0.43 -0.97 0.03 -5.33 27.04 3.62
-0.52 -1.04 0.09 4.14 27.18 10.81
-0.52 -1.04 0.07 15.86 26.60 18.14
-0.53 -0.98 0.07 24.55 23.97 23.45
-0.56 -0.85 0.03 24.26 17.05 20.08
-0.51 -0.78 0.04 16.37 13.98 10.27
-0.45 -0.78 -0.02 5.65 14.43 6.49
-0.46 -0.78 -0.03 -4.72 11.80 0.79
-0.50 -0.90 0.02 -7.71 14.34 -0.90
-0.52 -0.93 0.02 -4.32 13.42 6.92
-0.53 -0.95 0.02 1.60 13.74 11.08
-0.55 -0.94 0.04 6.89 11.48 12.02
-0.53 -0.90 0.03 9.47 9.28 11.53
-0.55 -0.87 0.01 10.17 5.63 8.52
-0.51 -0.82 -0.01 5.82 4.08 6.35
-0.51 -0.79 -0.03 -0.11 2.03 0.81
-0.53 -0.78 -0.01 -6.69 -0.79 -2.79
-0.55 -0.83 0.02 -9.77 -4.03 -3.91
-0.55 -0.89 0.01 -7.51 -7.31 -2.41
-0.54 -0.88 -0.01 -4.63 -9.33 -1.88
-0.52 -0.85 -0.02 -5.68 -11.02 -4.00
-0.48 -0.84 -0.03 -7.47 -11.63 -5.22
-0.46 -0.84 -0.05 -9.04 -11.30 -4.98
-0.46 -0.84 -0.04 -10.00 -11.37 -4.53
-0.46 -0.84 -0.04 -9.15 -11.77 -2.69
-0.44 -0.82 -0.05 -8.53 -12.17 -2.55
-0.41 -0.78 -0.05 -11.80 -12.47 -3.59
-0.40 -0.78 -0.07 -15.77 -12.11 -5.37
-0.41 -0.81 -0.05 -20.18 -13.27 -9.57
-0.42 -0.85 -0.02 -21.51 -14.43 -11.01
-0.43 -0.90 0.01 -17.31 -15.60 -7.79
-0.43 -0.89 0.02 -13.27 -16.27 -4.79
-0.44 -0.87 0.02 -11.83 -18.44 -2.76
-0.40 -0.84 -0.02 -12.38 -20.18 0.70
-0.37 -0.84 -0.02 -13.83 -20.90 2.02
-0.35 -0.87 -0.02 -16.02 -21.60 1.25
-0.34 -0.88 -0.02 -17.45 -22.29 -1.28
-0.33 -0.92 -0.02 -17.68 -22.02 -0.56
-0.32 -0.97 0.00 -13.80 -20.73 1.53
-0.30 -0.96 0.00 -9.79 -19.16 3.74
-0.27 -0.96 -0.01 -6.05 -16.50 4.15
-0.28 -0.92 0.01 -4.00 -13.92 3.62
-0.32 -0.92 0.03 -3.04 -14.43 1.11
-0.33 -0.86 0.04 -5.37 -17.59 -0.72
-0.28 -0.83 0.02 -9.08 -18.70 1.53
-0.24 -0.83 -0.02 -15.37 -17.62 2.02
