-0.08 -0.88 -0.01 -7.27 -3.51 4.73
-0.09 -0.88 0.00 -8.96 -4.26 5.31
-0.07 -0.86 0.00 -10.14 -4.20 6.95
-0.06 -0.86 0.01 -11.04 -4.02 7.95
-0.06 -0.85 0.02 -12.90 -4.23 8.75
-0.06 -0.84 0.02 -15.83 -3.91 9.02
-0.07 -0.85 0.02 -19.80 -4.95 8.84
-0.06 -0.91 0.04 -21.34 -5.97 8.87
-0.04 -0.95 0.05 -20.46 -5.65 10.89
-0.03 -0.98 0.08 -18.35 -5.31 12.56
-0.02 -1.00 0.09 -17.47 -6.23 11.88
0.00 -1.04 0.09 -16.58 -5.42 9.42
0.04 -1.05 0.10 -16.99 -3.85 5.31
0.01 -1.08 0.12 -17.10 -3.50 1.05
0.02 -1.09 0.13 -18.12 -3.57 -1.37
0.07 -1.16 0.16 -14.17 -0.60 0.35
-0.03 -1.17 0.24 -8.84 -4.38 -0.47
0.00 -1.18 0.25 -2.50 -9.31 1.28
0.01 -1.15 0.27 4.75 -12.67 5.25
0.10 -1.16 0.26 13.02 -13.11 8.44
0.14 -1.08 0.23 17.37 -12.27 7.13
0.43 -0.99 0.12 17.13 -7.18 13.11
0.20 -0.98 0.18 14.98 -9.24 -1.04
0.19 -0.91 0.15 7.83 -9.63 -9.34
0.15 -0.90 0.14 -0.58 -10.23 -14.40
0.11 -0.94 0.14 -9.22 -11.77 -16.96
0.09 -1.06 0.16 -13.48 -12.93 -17.37
0.12 -1.19 0.20 -8.09 -11.79 -13.86
0.13 -1.22 0.19 2.26 -8.56 -10.50
0.14 -1.20 0.20 12.24 -6.31 -9.15
0.14 -1.14 0.19 20.56 -3.27 -10.11
0.14 -1.04 0.16 26.78 -1.39 -6.41
0.07 -0.90 0.13 27.28 3.24 -6.95
0.02 -0.83 0.02 20.49 0.44 -12.26
-0.02 -0.71 -0.05 -0.89 -1.15 -15.83
-0.00 -0.84 -0.05 -17.86 -2.17 -14.49
0.01 -0.98 -0.03 -24.93 1.34 -6.98
-0.00 -1.15 0.06 -18.73 -0.31 0.09
0.07 -1.25 0.09 -4.24 1.69 7.08
0.10 -1.27 0.11 15.27 3.98 10.56
0.06 -1.17 0.10 30.81 4.52 11.13
0.09 -1.00 -0.00 36.72 8.75 7.57
0.02 -0.77 -0.11 28.81 11.36 1.63
-0.04 -0.76 -0.12 15.48 12.81 -3.01
-0.08 -0.78 -0.11 2.61 11.77 -2.52
-0.05 -0.85 -0.10 -3.66 14.02 5.11
-0.04 -0.90 -0.09 -5.18 18.60 12.26
-0.04 -0.89 -0.08 -5.56 21.21 15.30
-0.06 -0.87 -0.04 -5.92 21.37 14.02
-0.05 -0.83 -0.05 -6.47 20.70 13.91
-0.11 -0.79 -0.05 -9.44 17.36 11.51
-0.18 -0.84 -0.05 -13.15 11.25 11.45
-0.20 -0.90 -0.12 -16.17 9.69 14.08
-0.24 -0.96 -0.15 -21.13 9.57 15.83
-0.27 -1.02 -0.16 -25.57 8.67 13.95
-0.25 -1.06 -0.14 -26.43 8.73 10.32
-0.26 -1.11 -0.10 -24.26 8.20 5.76
-0.26 -1.10 -0.07 -20.03 5.92 1.33
-0.24 -1.07 -0.10 -13.69 4.00 0.31
-0.23 -1.01 -0.13 -6.75 4.60 4.09
-0.20 -0.94 -0.20 -2.52 6.85 10.31
-0.19 -0.88 -0.25 -2.46 9.11 13.36
-0.20 -0.82 -0.27 -8.02 9.27 11.11
-0.19 -0.81 -0.25 -15.92 7.63 5.18
-0.17 -0.84 -0.26 -20.11 7.27 2.47
-0.20 -0.83 -0.28 -24.66 9.51 2.72
-0.26 -0.85 -0.30 -32.20 8.32 0.18
-0.30 -0.89 -0.32 -41.89 5.47 -3.79
-0.29 -1.00 -0.31 -46.92 2.67 -5.88
-0.32 -1.12 -0.26 -46.24 0.67 -7.68
-0.29 -1.23 -0.23 -36.85 -0.24 -5.50
-0.27 -1.27 -0.23 -24.87 0.92 -5.71
-0.28 -1.23 -0.24 -16.23 1.10 -8.82
-0.23 -1.19 -0.24 -9.01 1.37 -13.57
-0.21 -1.13 -0.27 -3.16 3.56 -15.86
-0.22 -1.07 -0.27 0.60 5.37 -14.46
-0.20 -1.01 -0.27 3.97 6.99 -9.47
-0.18 -0.95 -0.26 5.10 8.89 -5.62
-0.18 -0.89 -0.26 0.31 8.49 -6.34
-0.20 -0.90 -0.24 -6.43 6.26 -9.22
-0.20 -0.98 -0.20 -8.73 3.42 -10.73
-0.17 -1.06 -0.21 -5.57 3.39 -8.18
-0.15 -1.07 -0.21 0.50 5.44 -3.66
-0.11 -1.04 -0.22 4.69 7.65 -0.89
-0.09 -0.99 -0.19 4.73 9.62 -2.96
-0.14 -0.95 -0.20 -1.91 8.21 -12.06
-0.16 -1.00 -0.16 -6.46 4.61 -20.89
-0.19 -1.07 -0.13 -4.82 1.88 -24.79
-0.18 -1.09 -0.15 1.47 1.19 -22.44
-0.15 -1.05 -0.16 7.62 2.64 -18.60
-0.15 -0.98 -0.15 11.15 3.19 -16.52
-0.12 -0.91 -0.15 11.82 2.79 -14.69
-0.11 -0.85 -0.13 8.21 2.06 -10.34
-0.09 -0.85 -0.12 5.02 0.89 -7.25
-0.06 -0.91 -0.12 2.24 -0.18 -5.18
-0.00 -0.97 -0.15 0.72 1.88 -3.68
0.04 -1.01 -0.16 1.68 7.54 -3.05
0.04 -1.00 -0.10 1.11 12.64 -5.82
-0.04 -1.00 -0.05 0.67 11.66 -12.15
-0.10 -1.03 -0.01 2.60 6.72 -18.32
