0.11 -1.24 -0.36 328.05 97.74 96.87
0.11 -0.99 -0.41 352.56 108.78 108.92
0.14 -0.76 -0.48 368.76 120.75 117.39
0.09 -0.54 -0.51 374.23 128.24 117.48
0.06 -0.40 -0.51 371.21 134.40 116.26
0.02 -0.32 -0.46 362.34 140.79 118.87
-0.05 -0.36 -0.40 357.76 145.11 127.53
-0.06 -0.42 -0.33 359.30 148.44 135.11
-0.06 -0.44 -0.24 361.25 150.64 134.15
-0.01 -0.41 -0.21 359.54 153.25 123.80
0.00 -0.37 -0.20 355.91 158.64 113.13
-0.04 -0.28 -0.20 350.60 166.14 108.00
-0.17 -0.17 -0.16 345.79 172.89 122.53
-0.30 -0.11 -0.10 348.06 177.89 157.66
-0.26 -0.21 -0.05 370.11 186.92 221.22
-0.27 -0.27 -0.03 399.73 191.85 260.72
-0.25 -0.15 0.01 416.08 188.84 266.00
-0.30 0.18 -0.00 401.56 174.23 220.38
-0.29 0.58 -0.02 351.62 160.60 146.43
-0.38 0.83 0.04 283.98 153.01 69.97
-0.59 0.87 0.19 219.27 146.96 19.30
-0.78 0.61 0.37 183.22 143.83 17.42
-0.97 0.33 0.54 180.05 139.88 42.00
-1.02 0.30 0.66 185.21 127.33 67.37
-0.77 0.41 0.60 182.20 120.67 72.95
-0.55 0.61 0.54 159.91 127.48 64.76
-0.58 0.66 0.58 129.48 133.89 47.30
-0.74 0.61 0.66 101.51 133.44 28.93
-0.96 0.53 0.76 76.89 122.40 8.26
-1.22 0.45 0.86 54.31 100.47 -17.56
-1.21 0.36 0.89 39.91 80.06 -35.13
-1.15 0.32 0.88 34.09 68.99 -39.59
-1.05 0.28 0.84 35.98 65.92 -32.63
-0.99 0.29 0.82 38.69 67.31 -23.15
-0.98 0.35 0.82 38.27 76.79 -10.85
-1.15 0.46 0.85 37.66 71.74 0.40
-1.26 0.65 0.89 14.64 65.74 -2.78
-1.49 0.61 0.96 -10.47 46.18 -13.18
-1.58 0.48 1.04 -27.77 23.13 -23.11
-1.51 0.37 1.07 -34.92 2.87 -28.69
-1.40 0.36 1.03 -39.66 -8.82 -29.24
-1.37 0.34 1.02 -42.67 -18.03 -26.69
-1.37 0.35 1.01 -47.02 -28.02 -25.76
-1.32 0.30 0.99 -51.10 -37.18 -25.86
-1.28 0.29 0.96 -54.26 -44.92 -27.18
-1.25 0.32 0.92 -61.08 -53.02 -32.14
-1.22 0.36 0.88 -74.70 -62.85 -43.65
-1.23 0.35 0.86 -90.38 -75.77 -57.27
-1.18 0.30 0.81 -102.41 -87.89 -69.68
-1.15 0.37 0.75 -119.69 -101.01 -89.89
-1.14 0.43 0.70 -143.65 -116.06 -108.47
-1.02 0.38 0.65 -161.66 -122.41 -111.15
-0.97 0.28 0.62 -171.60 -126.76 -105.22
-0.88 0.20 0.59 -177.44 -127.95 -97.51
-0.82 0.12 0.54 -183.66 -129.33 -95.36
-0.76 0.03 0.50 -189.27 -130.56 -98.87
-0.72 0.00 0.46 -196.81 -133.34 -112.32
-0.67 0.04 0.44 -210.98 -137.89 -126.82
-0.65 -0.05 0.42 -219.77 -139.44 -131.76
-0.71 -0.14 0.44 -220.99 -142.89 -128.52
-0.75 -0.17 0.44 -219.33 -149.25 -116.06
-0.68 -0.16 0.40 -220.02 -152.12 -104.21
-0.59 -0.11 0.34 -225.19 -151.60 -94.20
-0.53 -0.15 0.29 -233.54 -152.08 -94.67
-0.44 -0.25 0.26 -241.07 -152.50 -108.37
-0.36 -0.33 0.22 -247.47 -151.31 -127.10
-0.31 -0.40 0.23 -256.46 -149.91 -155.04
-0.30 -0.52 0.25 -257.39 -148.89 -171.53
-0.31 -0.62 0.28 -245.68 -147.47 -171.86
-0.31 -0.63 0.27 -228.00 -143.92 -157.76
-0.37 -0.56 0.29 -212.58 -142.32 -136.93
-0.33 -0.48 0.23 -203.97 -142.03 -122.41
-0.23 -0.42 0.16 -204.03 -139.56 -111.02
-0.11 -0.46 0.11 -209.16 -136.61 -117.89
-0.03 -0.53 0.09 -217.47 -133.68 -137.31
0.05 -0.60 0.07 -221.66 -128.46 -157.57
0.04 -0.67 0.08 -219.28 -120.73 -156.73
0.06 -0.77 0.08 -206.00 -110.26 -147.48
0.02 -0.77 0.07 -190.29 -103.69 -132.18
-0.06 -0.75 0.06 -178.21 -99.60 -111.01
-0.14 -0.73 0.05 -167.22 -102.15 -87.15
-0.18 -0.57 0.04 -168.02 -113.31 -92.50
-0.05 -0.47 -0.03 -182.85 -124.09 -103.51
0.19 -0.59 -0.12 -188.20 -117.42 -96.55
0.26 -0.74 -0.14 -182.05 -100.64 -81.27
0.27 -0.84 -0.14 -169.85 -84.32 -69.08
0.17 -0.90 -0.11 -156.58 -74.52 -56.76
0.11 -0.95 -0.10 -141.76 -72.73 -49.11
0.17 -1.00 -0.10 -125.27 -70.09 -43.60
0.18 -1.00 -0.12 -108.85 -65.47 -36.72
0.20 -0.98 -0.14 -94.37 -63.31 -34.56
0.27 -0.96 -0.17 -84.99 -58.32 -34.92
0.31 -0.94 -0.21 -76.08 -51.48 -31.62
0.24 -0.88 -0.22 -70.92 -46.81 -30.93
0.22 -0.81 -0.24 -73.45 -46.35 -36.17
0.26 -0.85 -0.25 -74.29 -43.08 -32.70
0.27 -0.92 -0.25 -68.99 -36.95 -24.55
0.26 -0.94 -0.25 -61.97 -32.90 -18.98
0.25 -0.94 -0.24 -57.01 -30.79 -15.54
0.29 -0.93 -0.26 -54.35 -25.91 -10.17
