0.23 -1.18 0.05 36.79 2.42 -9.26
0.18 -1.22 0.09 43.18 -0.44 -12.11
0.18 -1.30 0.10 55.24 -4.88 -12.38
0.21 -1.33 0.09 71.77 -6.66 -10.66
0.23 -1.32 0.08 88.72 -6.71 -8.86
0.20 -1.29 0.08 102.08 -7.18 -10.28
0.20 -1.25 0.07 109.36 -6.01 -14.28
0.18 -1.30 0.07 121.07 -5.44 -19.24
0.20 -1.31 0.04 132.05 -2.42 -25.13
0.19 -1.31 0.02 141.79 1.03 -34.54
0.18 -1.36 0.01 157.66 4.73 -43.63
0.18 -1.37 -0.03 178.89 9.50 -49.71
0.15 -1.31 -0.07 202.99 14.21 -52.97
0.13 -1.20 -0.13 229.31 18.89 -48.56
0.09 -1.02 -0.20 250.13 23.06 -42.86
0.10 -0.82 -0.28 250.13 28.21 -36.14
0.13 -0.62 -0.38 250.13 36.89 -32.86
0.13 -0.51 -0.45 250.13 45.82 -32.13
0.12 -0.45 -0.54 250.13 56.42 -33.34
0.04 -0.38 -0.59 250.13 66.36 -36.50
0.03 -0.30 -0.68 250.13 77.92 -34.99
0.02 -0.17 -0.77 250.13 92.89 -24.31
-0.04 -0.15 -0.83 250.13 105.66 -6.05
-0.04 -0.06 -0.93 250.13 120.72 10.99
-0.19 0.00 -0.90 250.13 126.89 20.77
-0.13 0.24 -0.95 250.13 135.67 22.52
-0.20 0.36 -0.88 250.13 143.14 12.11
-0.32 0.46 -0.68 250.13 140.43 -0.24
-0.48 0.34 -0.47 250.13 129.50 -9.05
-0.15 0.67 -0.33 224.21 111.33 1.74
-0.17 0.73 -0.15 222.55 117.88 21.78
0.31 0.98 -0.17 196.65 149.20 41.73
0.12 0.61 0.09 173.06 177.61 39.07
0.09 0.80 0.42 135.70 202.98 29.38
-0.02 0.73 0.74 99.15 230.65 23.66
-0.32 0.42 1.17 83.37 249.35 32.05
-0.74 -0.33 1.67 126.77 243.55 64.86
-0.59 -0.43 1.84 185.87 246.72 94.53
-0.71 -0.33 1.95 228.92 231.37 89.76
-0.74 0.29 1.94 238.62 216.18 71.71
-0.87 1.03 2.00 202.10 190.69 49.18
-0.68 1.16 1.98 156.56 168.73 38.42
-0.66 1.00 2.00 125.53 149.23 32.24
-0.67 0.90 2.00 97.51 134.52 24.44
-0.64 0.86 2.00 75.70 117.58 22.51
-0.72 0.84 2.00 62.07 98.87 30.98
-0.79 0.80 2.00 49.01 79.22 44.00
-0.95 0.75 2.00 32.58 55.67 50.40
-1.07 0.77 2.00 6.23 28.96 42.91
-1.16 0.80 2.00 -31.42 -3.07 27.37
-1.04 0.64 2.00 -65.93 -29.48 12.44
-0.95 0.53 2.00 -93.59 -53.76 5.64
-0.85 0.47 2.00 -121.00 -70.94 -2.15
-0.79 0.37 1.97 -145.40 -88.19 -14.54
-0.81 0.38 1.89 -174.11 -102.95 -31.08
-0.82 0.41 1.78 -204.15 -115.69 -43.83
-0.84 0.37 1.67 -229.95 -132.66 -53.23
-0.75 0.30 1.47 -250.14 -146.31 -59.15
-0.73 0.17 1.31 -250.14 -157.04 -68.25
-0.74 0.12 1.17 -250.14 -169.60 -77.74
-0.71 0.15 0.99 -250.14 -182.68 -86.53
-0.67 0.28 0.83 -250.14 -194.71 -95.01
-0.60 0.30 0.66 -250.14 -203.60 -100.26
-0.56 0.44 0.46 -250.14 -215.24 -112.14
-0.54 0.75 0.29 -250.14 -229.92 -128.88
-0.32 0.84 -0.00 -250.14 -232.82 -144.10
-0.15 1.00 -0.24 -250.14 -230.52 -168.65
0.02 0.77 -0.47 -250.14 -227.85 -174.31
0.25 0.58 -0.66 -250.14 -210.22 -161.18
0.37 0.33 -0.77 -250.14 -185.60 -137.88
0.36 0.27 -0.83 -250.14 -161.49 -107.34
0.27 -0.03 -0.80 -250.14 -139.87 -71.38
0.15 -0.07 -0.71 -250.14 -123.13 -44.35
0.08 -0.36 -0.67 -250.14 -119.44 -22.84
0.16 -0.44 -0.65 -250.14 -109.81 -2.44
0.25 -0.71 -0.63 -250.14 -93.73 16.94
0.25 -0.87 -0.58 -250.14 -78.59 31.18
0.16 -0.90 -0.50 -205.64 -71.40 32.92
0.13 -0.96 -0.46 -164.51 -68.68 32.64
0.19 -0.95 -0.47 -126.74 -62.40 34.82
0.23 -0.92 -0.49 -96.23 -53.86 41.80
0.30 -0.83 -0.53 -79.35 -41.29 43.66
0.30 -0.79 -0.52 -75.27 -26.30 42.80
0.20 -0.89 -0.45 -75.94 -15.80 39.92
0.09 -1.07 -0.36 -72.72 -12.05 36.25
0.08 -1.29 -0.33 -61.16 -9.21 33.93
0.14 -1.48 -0.31 -38.02 -4.76 35.44
0.18 -1.53 -0.30 -11.06 -0.46 37.61
0.24 -1.42 -0.30 7.10 6.03 32.49
0.29 -1.17 -0.30 8.68 14.32 21.75
0.27 -0.98 -0.26 -3.81 21.00 10.52
0.25 -1.00 -0.22 -10.63 26.46 9.90
0.19 -1.06 -0.17 -6.89 28.51 15.23
0.16 -1.11 -0.14 -1.33 27.50 22.04
0.15 -1.11 -0.12 4.46 26.87 26.87
0.12 -1.11 -0.11 7.56 26.07 29.05
0.11 -1.15 -0.09 8.86 24.76 26.34
0.14 -1.16 -0.08 9.47 24.91 19.46
0.11 -1.14 -0.06 6.80 24.25 9.80
0.12 -1.18 -0.06 7.24 23.64 4.34
