0.37 -1.12 -0.25 185.69 -1.21 -2.12
0.35 -1.08 -0.32 200.60 7.37 -3.09
0.33 -1.00 -0.40 214.66 15.95 -9.84
0.27 -0.93 -0.47 228.51 26.82 -16.00
0.22 -0.88 -0.52 248.77 37.37 -17.64
0.14 -0.80 -0.59 250.13 47.12 -11.21
0.02 -0.67 -0.67 250.13 54.44 1.71
-0.06 -0.45 -0.78 250.13 61.51 21.63
-0.16 -0.14 -0.89 250.13 67.63 41.41
-0.19 0.03 -1.00 250.13 73.23 59.09
-0.06 0.22 -1.18 250.13 86.47 75.31
-0.02 0.34 -1.28 250.13 103.60 83.47
-0.08 0.71 -1.23 250.13 110.91 76.46
-0.11 0.99 -1.09 250.13 114.76 64.81
-0.05 1.02 -0.94 250.13 120.26 54.05
0.18 0.99 -0.78 250.13 135.44 38.89
0.43 0.89 -0.66 228.15 171.31 30.88
-0.38 0.74 -0.00 204.02 221.14 32.66
-0.12 0.49 0.13 185.36 227.71 21.08
-0.46 0.75 0.73 155.25 224.79 20.25
-0.51 0.54 1.13 146.73 234.79 56.32
-0.66 0.18 1.58 155.82 230.95 92.72
-0.77 -0.09 1.93 168.02 225.48 120.86
-0.77 -0.40 2.00 190.23 224.62 121.10
-0.95 -0.33 2.00 192.76 207.66 103.80
-0.82 -0.22 2.00 188.37 192.08 64.17
-0.97 0.38 2.00 142.06 157.38 35.21
-0.94 0.40 2.00 103.81 131.76 24.45
-0.89 0.19 2.00 84.71 103.41 22.80
-0.72 0.12 2.00 80.04 84.95 23.44
-0.71 0.19 2.00 74.66 61.76 24.00
-0.63 0.33 2.00 60.06 42.42 22.39
-0.68 0.55 2.00 30.28 18.61 7.63
-0.79 0.81 2.00 -20.57 -7.67 -9.67
-0.80 0.83 2.00 -72.93 -36.08 -23.62
-0.74 0.81 2.00 -123.06 -55.59 -36.90
-0.82 0.70 2.00 -166.18 -78.36 -52.37
-0.85 0.63 2.00 -207.21 -100.57 -62.73
-0.81 0.48 1.80 -239.11 -121.03 -69.73
-0.69 0.28 1.53 -250.14 -134.02 -75.45
-0.66 0.25 1.32 -250.14 -142.25 -86.48
-0.67 0.27 1.13 -250.14 -153.62 -96.18
-0.63 0.27 0.93 -250.14 -163.70 -108.13
-0.70 0.39 0.77 -250.14 -170.48 -120.82
-0.78 0.39 0.62 -250.14 -193.51 -136.26
-0.62 0.43 0.36 -250.14 -205.54 -156.54
-0.55 0.41 0.16 -250.14 -218.89 -176.46
-0.29 0.28 -0.10 -250.14 -219.96 -184.28
-0.14 0.14 -0.27 -250.14 -213.67 -177.87
0.04 0.04 -0.42 -250.14 -202.27 -162.54
0.18 0.08 -0.55 -250.14 -185.48 -152.12
0.23 0.01 -0.63 -250.14 -170.38 -138.22
0.35 -0.16 -0.70 -250.14 -152.90 -117.13
0.36 -0.31 -0.71 -250.14 -134.62 -87.27
0.40 -0.33 -0.70 -250.14 -115.57 -60.98
0.35 -0.25 -0.64 -250.14 -100.40 -46.20
0.29 -0.15 -0.61 -250.14 -88.47 -44.73
0.25 -0.29 -0.56 -248.76 -83.79 -46.95
0.30 -0.53 -0.56 -226.62 -78.31 -41.60
0.41 -0.76 -0.58 -189.69 -66.87 -25.27
0.42 -0.83 -0.58 -148.66 -53.64 -8.09
0.40 -0.78 -0.53 -118.85 -41.53 6.66
0.41 -0.70 -0.52 -104.43 -27.46 13.02
0.34 -0.68 -0.45 -104.94 -16.50 13.39
0.29 -0.81 -0.38 -105.73 -7.56 14.37
0.23 -0.97 -0.32 -101.75 -1.28 18.02
0.15 -1.10 -0.25 -92.89 1.86 23.90
0.09 -1.30 -0.17 -77.72 -0.33 28.36
0.14 -1.50 -0.16 -52.60 -3.50 30.24
0.26 -1.57 -0.21 -22.47 -0.55 33.27
0.31 -1.41 -0.21 -2.26 6.11 28.45
0.32 -1.19 -0.19 -0.26 10.40 19.35
0.33 -1.13 -0.18 -1.44 15.47 14.53
0.33 -1.06 -0.17 -5.58 20.92 11.75
0.30 -1.06 -0.15 -8.21 24.42 10.71
0.26 -1.03 -0.10 -9.44 25.81 10.15
0.23 -1.05 -0.07 -10.94 24.44 11.16
0.22 -1.13 -0.05 -5.71 22.70 13.74
0.23 -1.15 -0.04 3.23 21.16 16.46
0.21 -1.12 -0.02 10.27 18.02 16.74
0.21 -1.04 -0.02 11.60 15.26 15.23
0.21 -0.94 -0.03 6.31 12.53 12.50
0.21 -0.92 -0.03 -2.11 10.46 9.43
0.24 -0.95 -0.05 -8.91 9.40 6.63
0.25 -1.03 -0.05 -10.88 7.73 4.66
0.25 -1.05 -0.06 -11.60 5.76 0.89
0.27 -1.12 -0.08 -6.93 4.82 0.57
0.27 -1.11 -0.09 0.66 5.02 1.72
0.26 -1.02 -0.10 2.21 4.09 0.77
0.28 -0.96 -0.11 -0.06 3.95 2.53
0.31 -0.95 -0.14 -1.30 6.17 5.00
0.28 -0.94 -0.11 -2.83 7.30 6.91
0.27 -0.96 -0.10 -2.66 7.30 7.98
0.27 -1.00 -0.09 -0.60 7.60 8.05
0.27 -1.02 -0.08 1.60 6.92 4.69
0.27 -0.99 -0.09 2.72 8.38 1.00
0.23 -0.96 -0.07 1.38 8.22 -1.51
0.24 -0.94 -0.06 1.34 8.18 -0.76
0.22 -0.96 -0.06 1.63 7.98 0.38
0.22 -0.98 -0.06 4.46 6.94 2.83
