-0.13 -0.86 -0.39 67.62 -5.21 43.28
-0.08 -0.81 -0.38 101.44 -15.27 72.87
-0.00 -1.08 -0.60 164.55 -26.90 111.33
0.03 -0.90 -0.56 248.98 -38.84 136.09
0.15 -0.80 -0.71 339.05 -54.27 165.76
0.16 -0.63 -0.83 428.03 -65.62 188.26
0.24 -0.26 -1.02 499.21 -77.50 208.49
0.28 -0.09 -1.17 500.26 -78.15 227.40
0.39 0.01 -1.35 500.26 -61.28 252.40
0.33 0.01 -1.41 500.26 -39.16 255.63
0.18 -0.16 -1.38 500.26 -23.54 246.17
-0.01 -0.29 -1.41 500.26 -16.58 209.45
-0.16 -0.24 -1.45 500.26 -8.32 170.11
-0.52 0.04 -1.58 500.26 -3.13 132.05
-0.62 0.61 -1.58 500.26 -5.85 106.00
-0.61 0.08 -1.83 500.26 13.88 105.48
0.01 1.27 -1.84 500.26 82.15 48.03
-0.40 0.67 -1.89 500.26 128.87 15.02
-0.74 0.93 -1.86 500.26 172.26 -31.66
-1.10 1.32 -1.53 500.26 197.21 -76.82
-1.41 1.10 -1.38 484.52 225.07 -92.00
-1.73 1.10 -1.08 457.15 252.06 -92.82
-2.15 0.60 -0.72 498.11 253.30 -95.63
-2.36 1.20 -0.68 452.93 255.57 -124.17
-2.39 2.40 -0.54 368.85 244.95 -144.82
-2.27 2.45 -0.29 272.44 252.35 -141.73
-2.37 1.90 0.07 230.06 260.93 -136.63
-2.46 1.80 0.52 211.88 267.36 -126.84
-2.72 1.91 1.08 185.54 251.19 -121.88
-2.81 1.96 1.54 156.79 223.83 -125.25
-2.89 1.90 1.93 125.89 180.60 -123.74
-2.95 1.77 2.29 110.64 127.08 -115.80
-2.72 1.50 2.39 117.60 71.08 -96.93
-2.36 1.56 2.17 143.05 30.89 -72.20
-2.04 1.91 1.88 153.74 0.02 -33.77
-1.74 2.05 1.57 145.89 -18.44 1.73
-1.47 1.94 1.28 134.02 -23.45 31.36
-1.33 1.90 1.10 113.31 -23.76 50.46
-1.24 2.04 1.06 60.61 -20.84 60.32
-1.21 1.94 1.09 -3.28 -17.47 66.81
-1.27 1.78 1.14 -68.38 -14.09 65.05
-1.41 1.53 1.20 -128.84 -19.13 66.50
-1.53 0.71 1.33 -125.28 -34.12 87.62
-1.48 0.23 1.28 -67.05 -45.65 101.86
-1.43 0.46 1.21 -35.73 -59.73 101.71
-1.45 0.87 1.13 -51.33 -75.98 95.54
-1.35 1.11 0.92 -95.30 -80.90 79.16
-1.27 1.55 0.66 -185.65 -77.97 45.73
-1.26 1.93 0.38 -337.54 -66.08 5.57
-1.38 1.87 0.29 -445.89 -64.56 -27.13
-1.53 1.53 0.24 -500.27 -69.88 -45.89
-1.65 1.06 0.30 -500.27 -81.79 -55.94
-1.76 0.72 0.38 -500.27 -101.51 -62.15
-1.70 0.47 0.36 -500.27 -114.96 -60.92
-1.70 0.24 0.36 -468.40 -123.65 -67.68
-1.58 0.32 0.29 -452.40 -125.18 -80.67
-1.44 0.39 0.16 -448.66 -117.48 -94.53
-1.40 0.44 0.09 -459.89 -120.02 -117.51
-1.34 0.54 -0.01 -467.94 -123.91 -142.21
-1.23 0.64 -0.14 -500.27 -123.07 -168.34
-1.05 0.72 -0.33 -500.27 -111.56 -195.59
-0.95 0.81 -0.46 -500.27 -94.55 -199.76
-0.85 0.67 -0.59 -500.27 -74.03 -189.51
-0.74 0.26 -0.69 -500.27 -48.38 -174.06
-0.64 -0.11 -0.68 -500.27 -19.54 -157.01
-0.66 -0.44 -0.61 -500.27 -1.31 -147.37
-0.75 -0.77 -0.48 -464.00 -0.89 -159.21
-0.70 -0.52 -0.26 -420.37 -2.89 -175.34
-0.66 -0.57 -0.22 -387.63 -4.15 -178.56
-0.60 -0.58 -0.19 -345.85 -9.33 -193.15
-0.58 -0.45 -0.15 -315.94 -12.58 -198.41
-0.58 -0.36 -0.14 -284.56 -16.31 -201.01
-0.57 -0.12 -0.12 -265.85 -23.10 -191.28
-0.50 -0.01 -0.16 -248.66 -30.52 -183.37
-0.38 -0.09 -0.25 -240.89 -34.56 -172.21
-0.24 -0.07 -0.26 -227.73 -37.37 -154.11
-0.12 -0.17 -0.34 -225.19 -40.12 -158.00
-0.05 -0.26 -0.40 -198.31 -45.08 -163.39
0.03 -0.19 -0.45 -186.67 -40.46 -153.71
0.04 -0.24 -0.50 -169.66 -34.27 -141.89
0.05 -0.23 -0.50 -156.05 -25.57 -126.14
0.01 -0.27 -0.51 -147.19 -17.66 -107.25
0.02 -0.25 -0.48 -128.12 -14.61 -77.91
0.03 -0.36 -0.52 -111.62 -13.27 -60.24
0.03 -0.46 -0.54 -95.56 -11.88 -51.45
0.03 -0.52 -0.52 -80.41 -13.01 -48.64
0.04 -0.62 -0.51 -64.63 -9.77 -41.30
-0.07 -0.71 -0.48 -50.12 -13.31 -39.50
-0.06 -0.73 -0.49 -40.78 -14.41 -39.69
-0.11 -0.69 -0.49 -40.85 -15.18 -35.18
-0.16 -0.82 -0.50 -34.49 -18.21 -28.72
-0.19 -0.69 -0.47 -24.72 -21.71 -15.54
-0.22 -0.71 -0.48 -11.22 -24.43 -3.53
-0.20 -0.88 -0.49 9.11 -26.15 5.24
-0.14 -0.79 -0.53 8.21 -21.69 6.12
-0.12 -0.84 -0.55 9.39 -13.86 -0.08
-0.15 -0.80 -0.51 4.89 -7.10 -8.63
-0.20 -0.85 -0.47 -0.89 -1.31 -13.05
-0.27 -0.93 -0.41 0.18 -0.31 -15.07
-0.32 -1.01 -0.38 3.27 -3.22 -23.50
