0.24 -1.76 -0.25 70.87 -36.26 36.66
0.29 -1.69 -0.33 91.63 -20.73 36.24
0.31 -1.70 -0.31 114.84 -3.47 64.72
0.27 -1.77 -0.28 142.58 5.34 65.60
0.25 -1.79 -0.26 170.85 8.58 54.56
0.30 -1.75 -0.27 197.77 17.37 56.63
0.25 -1.74 -0.30 224.31 27.59 59.18
0.31 -1.68 -0.31 251.95 42.31 68.73
-0.07 -1.61 -0.17 299.86 39.11 83.89
0.08 -1.49 -0.40 336.05 44.50 101.01
0.10 -1.29 -0.29 358.96 42.55 120.85
0.30 -1.11 -0.56 379.57 73.76 125.19
0.26 -1.05 -0.54 392.17 92.90 125.60
0.19 -1.06 -0.52 408.27 104.34 126.47
0.14 -1.06 -0.49 430.29 112.26 128.75
0.08 -1.00 -0.55 456.11 119.16 135.68
-0.01 -0.79 -0.61 473.04 125.05 155.97
0.02 -0.63 -0.59 489.05 125.15 187.85
0.07 -0.48 -0.65 500.26 124.00 223.47
0.24 -0.40 -0.70 500.26 130.24 231.44
0.26 -0.36 -0.70 500.26 140.52 235.27
0.29 -0.30 -0.76 500.26 149.22 227.11
0.28 -0.05 -0.81 500.26 153.11 204.87
0.27 0.31 -0.85 500.26 154.79 162.26
-0.02 0.74 -0.75 460.05 145.97 116.99
-0.23 0.95 -0.55 402.63 131.82 86.87
-0.23 1.10 -0.40 341.68 125.56 63.16
-0.32 1.08 -0.23 279.71 117.94 40.09
-0.43 0.74 -0.07 236.75 112.72 29.54
-0.50 0.27 0.01 223.42 109.37 15.28
-0.42 -0.02 0.05 233.66 115.21 1.60
-0.61 0.07 0.08 239.48 111.30 -44.87
-0.75 0.52 0.05 222.53 103.63 -88.52
-0.78 1.04 0.11 189.89 98.79 -94.60
-0.77 1.35 0.21 145.91 98.63 -83.73
-0.88 1.36 0.39 96.76 93.68 -73.42
-0.95 1.06 0.52 56.43 83.04 -73.21
-0.90 0.79 0.61 28.61 70.73 -85.83
-0.80 0.54 0.66 12.96 65.50 -95.60
-0.69 0.20 0.74 19.45 72.05 -94.58
-0.74 -0.02 0.79 46.23 81.82 -80.14
-0.72 0.01 0.87 75.37 98.15 -66.93
-0.87 0.40 0.87 89.86 100.52 -55.13
-1.01 0.83 0.92 72.72 99.89 -42.58
-1.23 0.99 0.98 45.62 84.89 -32.44
-1.43 0.99 1.05 12.37 60.89 -37.80
-1.52 0.91 1.12 -17.83 28.61 -50.44
-1.44 0.76 1.11 -40.85 2.81 -64.23
-1.32 0.60 1.13 -50.43 -11.01 -63.54
-1.23 0.45 1.12 -45.40 -15.82 -48.60
-1.18 0.33 1.12 -33.68 -16.31 -31.01
-1.18 0.32 1.10 -22.24 -17.45 -16.98
-1.26 0.41 1.09 -18.76 -24.06 -5.73
-1.30 0.60 1.04 -28.46 -37.51 -1.71
-1.31 0.72 0.98 -50.60 -56.00 -6.00
-1.24 0.71 0.93 -75.86 -74.70 -14.47
-1.10 0.63 0.86 -98.20 -87.36 -20.53
-0.94 0.55 0.80 -115.79 -91.47 -25.18
-0.79 0.51 0.72 -133.60 -91.48 -31.53
-0.74 0.45 0.70 -150.52 -85.66 -37.16
-0.84 0.35 0.72 -160.32 -84.32 -38.82
-0.96 0.27 0.73 -168.81 -91.76 -39.74
-0.90 0.19 0.71 -174.44 -102.43 -46.93
-0.83 0.19 0.69 -183.27 -107.92 -55.07
-0.78 0.17 0.63 -193.16 -112.78 -56.38
-0.81 0.09 0.60 -201.08 -117.37 -62.37
-0.84 0.11 0.59 -211.39 -127.02 -74.34
-0.76 0.18 0.53 -224.90 -134.43 -86.26
-0.65 0.22 0.48 -241.34 -136.92 -92.31
-0.52 0.18 0.38 -256.41 -131.85 -90.55
-0.40 0.19 0.36 -276.31 -117.80 -79.40
-0.48 0.03 0.28 -287.07 -102.18 -61.10
-0.62 -0.03 0.27 -294.47 -100.64 -47.01
-0.73 0.00 0.24 -307.95 -109.10 -45.74
-0.84 -0.06 0.19 -326.03 -128.44 -56.84
-0.75 -0.27 0.17 -336.67 -144.79 -73.82
-0.57 -0.45 0.13 -333.77 -150.73 -92.24
-0.43 -0.53 0.13 -324.78 -150.73 -108.49
-0.35 -0.53 0.13 -313.82 -146.31 -116.32
-0.28 -0.36 0.06 -307.73 -136.35 -111.74
-0.29 -0.19 0.03 -313.24 -130.12 -103.24
-0.20 -0.18 -0.07 -321.57 -123.44 -91.59
-0.15 -0.31 -0.10 -326.18 -112.95 -73.60
-0.16 -0.50 -0.10 -320.35 -106.03 -68.24
-0.09 -0.66 -0.08 -308.35 -100.66 -72.70
-0.05 -0.78 -0.06 -293.98 -95.68 -83.73
0.02 -0.87 -0.04 -278.79 -89.83 -98.38
0.09 -0.95 -0.03 -257.56 -81.28 -104.12
0.09 -1.00 -0.01 -232.31 -70.47 -100.79
0.15 -0.95 -0.03 -209.37 -59.27 -102.12
0.07 -0.87 -0.09 -190.52 -48.18 -92.21
-0.00 -0.79 -0.12 -176.79 -42.12 -79.48
-0.10 -0.71 -0.12 -170.52 -44.09 -70.02
-0.10 -0.78 -0.11 -165.13 -46.92 -64.69
-0.03 -0.89 -0.10 -149.98 -44.23 -46.20
0.01 -1.01 -0.10 -128.75 -40.95 -37.30
0.06 -1.06 -0.10 -107.37 -37.11 -37.69
0.09 -1.04 -0.11 -89.57 -32.50 -38.64
0.08 -1.00 -0.13 -75.28 -26.52 -40.06
0.02 -0.95 -0.15 -63.98 -22.99 -36.89
