0.33 -1.16 0.07 58.34 -6.23 10.32
0.31 -1.19 0.08 73.21 -8.77 13.32
0.31 -1.19 0.08 88.48 -10.99 16.92
0.31 -1.18 0.10 103.05 -12.93 20.13
0.37 -1.15 0.10 113.27 -13.83 18.76
0.44 -1.17 0.08 125.15 -13.15 13.93
0.48 -1.19 0.08 138.30 -9.56 7.16
0.45 -1.25 0.10 153.90 -7.78 -2.16
0.43 -1.31 0.09 173.85 -7.12 -12.18
0.34 -1.28 0.11 201.01 -7.17 -17.66
0.35 -1.25 -0.00 228.40 -3.29 -18.97
0.32 -1.11 -0.09 247.61 2.47 -19.39
0.27 -1.01 -0.19 250.13 8.11 -18.12
0.18 -0.96 -0.25 250.13 16.95 -17.74
0.10 -1.04 -0.35 250.13 22.10 -23.44
0.11 -0.96 -0.52 250.13 34.91 -29.15
0.02 -0.98 -0.66 250.13 50.62 -27.42
0.00 -0.74 -0.86 250.13 70.92 -13.35
-0.13 -0.58 -0.98 250.13 88.00 10.47
-0.26 -0.38 -1.06 250.13 98.77 29.01
-0.31 -0.13 -1.10 250.13 104.27 34.54
-0.28 0.36 -1.09 250.13 109.13 29.79
-0.32 0.54 -0.90 250.13 114.92 17.57
-0.14 0.59 -0.81 250.13 121.62 15.22
-0.01 0.54 -0.71 250.13 132.84 15.27
0.13 0.43 -0.55 250.13 149.22 12.05
0.46 0.33 -0.68 250.13 171.59 0.91
0.27 0.36 -0.22 238.05 206.99 1.82
0.35 0.53 -0.10 223.20 233.13 -4.18
0.32 0.72 0.18 200.25 250.13 2.11
-0.02 0.59 0.66 190.98 250.13 22.01
-0.30 0.64 1.10 180.59 250.13 35.16
-0.62 0.73 1.53 157.42 250.13 33.00
-0.89 0.56 1.96 136.05 250.13 22.13
-1.02 0.47 2.00 122.73 228.13 0.31
-1.12 0.43 2.00 128.29 203.76 3.80
-1.27 0.70 2.00 139.51 170.85 18.30
-1.31 1.13 2.00 124.56 133.69 22.10
-1.29 1.50 2.00 83.99 97.56 22.63
-1.30 1.97 2.00 17.02 53.27 12.53
-1.15 2.00 2.00 -68.12 10.81 6.75
-0.91 1.72 2.00 -134.89 -27.70 1.88
-0.63 1.30 2.00 -185.69 -50.29 4.38
-0.53 0.87 2.00 -214.32 -65.48 6.72
-0.53 0.44 1.98 -227.82 -79.75 0.09
-0.60 0.16 1.86 -231.37 -95.60 -11.18
-0.58 0.06 1.68 -233.65 -109.37 -20.40
-0.58 0.06 1.56 -235.85 -119.69 -28.33
-0.66 0.08 1.41 -241.40 -133.10 -32.63
-0.66 0.10 1.24 -250.14 -149.99 -37.31
-0.60 0.12 1.04 -250.14 -160.63 -44.08
-0.56 0.13 0.85 -250.14 -170.69 -54.42
-0.50 0.23 0.66 -250.14 -178.17 -67.68
-0.44 0.23 0.46 -250.14 -184.02 -77.40
-0.38 0.28 0.27 -250.14 -187.18 -82.64
-0.33 0.36 0.13 -250.14 -187.76 -80.87
-0.27 0.25 -0.02 -250.14 -187.76 -75.17
-0.16 0.35 -0.19 -250.14 -180.32 -76.11
-0.12 0.30 -0.32 -250.14 -176.15 -88.02
0.01 0.05 -0.45 -250.14 -170.83 -96.49
0.15 -0.04 -0.56 -250.14 -156.82 -104.57
0.15 -0.06 -0.56 -250.14 -151.88 -111.23
0.20 -0.09 -0.55 -250.14 -145.79 -113.66
0.35 -0.32 -0.61 -250.14 -135.11 -102.90
0.41 -0.30 -0.62 -250.14 -117.68 -88.24
0.42 -0.22 -0.66 -250.14 -102.23 -68.36
0.50 -0.13 -0.70 -250.14 -85.66 -56.76
0.54 -0.02 -0.71 -250.14 -71.82 -57.37
0.59 -0.30 -0.70 -250.14 -56.31 -55.88
0.59 -0.71 -0.65 -250.14 -39.08 -35.11
0.48 -0.97 -0.53 -231.63 -26.32 1.06
0.26 -1.11 -0.38 -179.13 -24.76 30.03
0.20 -1.15 -0.31 -136.73 -29.36 43.81
0.27 -1.04 -0.35 -113.92 -29.37 44.88
0.34 -1.03 -0.41 -103.92 -22.52 44.63
0.37 -1.10 -0.44 -99.02 -11.00 45.58
0.33 -1.22 -0.40 -93.17 -2.24 43.16
0.30 -1.45 -0.37 -80.72 7.02 43.75
0.33 -1.64 -0.34 -57.82 16.19 44.03
0.32 -1.70 -0.26 -32.31 22.27 37.76
0.31 -1.64 -0.24 -8.02 27.29 31.47
0.29 -1.47 -0.19 7.69 30.72 24.40
0.25 -1.31 -0.14 14.48 30.32 18.40
0.26 -1.20 -0.13 17.27 29.95 14.33
0.29 -1.07 -0.12 14.75 31.10 8.59
0.27 -1.00 -0.10 5.78 33.11 4.33
0.24 -1.04 -0.06 1.67 32.62 1.53
0.22 -1.05 -0.04 1.17 30.84 1.97
0.21 -1.05 -0.02 1.60 28.10 0.08
0.21 -1.04 -0.00 1.47 24.28 -2.73
0.22 -1.05 -0.02 3.44 21.16 -4.28
0.20 -1.00 -0.03 5.96 18.10 -2.62
0.18 -0.97 -0.03 5.64 14.23 0.59
0.20 -0.92 -0.05 2.99 10.84 2.92
0.22 -0.93 -0.06 1.29 8.44 6.83
0.25 -0.94 -0.10 1.38 7.89 12.23
0.28 -0.98 -0.10 0.52 8.85 13.47
0.29 -1.02 -0.09 -0.05 10.05 8.38
0.30 -1.04 -0.09 -0.41 11.53 2.45
0.27 -0.98 -0.09 -0.98 12.50 -2.33
