0.37 -0.95 0.00 198.50 4.09 34.84
0.36 -0.81 -0.00 214.11 4.05 29.83
0.37 -0.62 -0.07 215.62 6.05 17.45
0.39 -0.52 -0.16 209.08 14.70 7.27
0.31 -0.46 -0.15 199.77 17.37 0.41
0.24 -0.42 -0.15 193.16 22.87 -2.60
0.18 -0.40 -0.15 188.14 27.48 -0.92
0.18 -0.49 -0.16 190.21 36.23 4.43
0.15 -0.50 -0.09 201.89 40.78 11.27
0.17 -0.60 -0.14 205.10 58.03 18.43
0.13 -0.74 -0.07 227.60 60.43 16.60
0.15 -0.79 -0.12 245.47 73.69 15.42
0.20 -0.71 -0.17 266.79 85.53 15.02
0.23 -0.47 -0.18 272.03 97.66 21.53
0.05 -0.40 -0.19 271.68 123.04 26.75
0.12 -0.11 -0.26 257.82 136.34 25.33
-0.01 -0.07 -0.11 232.02 143.13 13.92
-0.14 -0.15 0.05 203.65 148.76 1.01
-0.11 -0.10 0.07 184.85 151.91 -9.68
-0.11 -0.20 0.17 173.82 161.86 -16.17
-0.25 -0.25 0.32 165.59 172.75 -20.82
-0.50 -0.40 0.57 172.73 168.67 -19.05
-0.41 -0.25 0.58 180.55 173.45 -12.35
-0.43 -0.12 0.63 184.21 187.80 5.04
-0.51 0.30 0.66 163.48 201.07 5.79
-0.79 0.24 0.88 133.07 186.92 1.91
-0.87 0.53 1.02 86.69 175.48 -9.01
-0.84 0.30 1.12 53.37 168.00 -10.56
-0.86 -0.07 1.28 50.58 159.31 -11.07
-0.55 -0.08 1.13 75.16 137.68 4.93
-0.82 -0.04 1.35 75.80 163.97 14.85
-0.88 0.01 1.44 89.57 148.46 14.76
-1.05 0.22 1.51 84.82 134.14 16.47
-1.10 0.44 1.62 69.63 116.32 18.76
-1.22 0.34 1.75 57.02 98.84 26.05
-1.17 0.38 1.78 41.62 80.21 29.08
-1.14 0.18 1.82 29.65 60.61 24.38
-1.01 0.08 1.81 27.28 43.51 17.98
-0.98 0.05 1.81 24.26 25.88 10.52
-0.85 0.23 1.76 17.98 14.27 14.52
-0.69 0.20 1.64 33.16 5.44 29.86
-0.79 0.20 1.61 7.24 -1.69 28.55
-0.74 0.23 1.58 -10.50 -20.18 23.39
-0.71 0.12 1.58 -29.01 -36.00 16.21
-0.72 0.02 1.60 -41.94 -54.35 8.72
-0.72 -0.11 1.63 -46.37 -71.57 3.86
-0.69 -0.19 1.59 -49.51 -84.17 -0.18
-0.69 -0.15 1.58 -53.05 -97.86 -1.80
-0.63 -0.15 1.50 -57.92 -106.21 -0.75
-0.63 -0.20 1.47 -58.95 -114.26 -0.87
-0.65 -0.17 1.43 -59.92 -125.66 -3.19
-0.65 -0.15 1.38 -63.66 -135.63 -4.00
-0.59 -0.08 1.28 -72.40 -140.96 -6.12
-0.63 -0.00 1.23 -86.99 -149.11 -8.87
-0.68 0.02 1.18 -101.74 -158.18 -9.15
-0.62 0.11 1.04 -122.27 -169.56 -15.50
-0.56 0.17 0.92 -148.60 -175.63 -23.22
-0.55 0.15 0.84 -172.02 -187.44 -31.36
-0.51 0.19 0.74 -195.04 -195.08 -39.25
-0.44 0.26 0.61 -221.71 -201.33 -45.36
-0.37 0.21 0.51 -246.00 -203.60 -50.03
-0.35 0.16 0.45 -267.05 -205.51 -57.94
-0.31 0.17 0.37 -290.84 -208.05 -64.24
-0.20 0.25 0.21 -319.33 -209.88 -76.73
-0.08 0.32 0.05 -356.20 -207.71 -90.76
0.13 0.23 -0.12 -385.80 -200.02 -96.46
0.17 0.01 -0.12 -390.67 -185.73 -79.39
0.18 -0.50 -0.05 -354.90 -159.24 -50.75
-0.06 -0.74 0.17 -314.06 -147.73 -30.82
-0.04 -0.89 0.22 -267.66 -141.53 -11.54
0.06 -0.95 0.19 -222.90 -125.86 5.45
0.20 -0.86 0.05 -182.81 -116.52 5.48
0.16 -0.59 0.04 -171.31 -104.11 1.76
0.19 -0.33 -0.04 -182.02 -97.85 -12.18
0.32 -0.30 -0.17 -197.22 -85.76 -17.30
0.43 -0.41 -0.25 -195.60 -65.85 -10.31
0.32 -0.52 -0.22 -187.51 -52.35 -0.52
0.27 -0.67 -0.16 -170.81 -46.00 8.76
0.32 -0.79 -0.13 -148.20 -36.38 14.53
0.21 -1.00 0.01 -121.53 -39.76 9.82
0.29 -1.15 0.04 -94.14 -41.97 3.57
0.44 -1.13 -0.02 -64.21 -41.54 -13.89
0.35 -0.94 0.04 -56.03 -32.87 -32.11
0.54 -0.79 -0.23 -56.12 -27.79 -38.52
0.30 -0.57 -0.16 -59.15 -18.69 -24.03
0.28 -0.54 -0.19 -55.16 -11.82 5.57
0.31 -0.67 -0.19 -50.93 -2.18 23.27
0.34 -0.87 -0.14 -45.27 2.31 27.66
0.35 -1.11 -0.05 -36.49 2.66 22.55
0.43 -1.25 -0.05 -18.47 8.14 13.74
0.39 -1.10 -0.02 -7.31 9.80 1.89
0.37 -0.97 -0.08 -0.18 10.41 -2.63
0.29 -0.79 -0.05 1.25 13.89 3.83
0.30 -0.62 -0.09 -6.67 19.71 16.37
0.26 -0.58 -0.07 -20.52 25.69 27.65
0.30 -0.68 -0.05 -31.33 33.27 33.42
0.24 -0.86 0.02 -37.69 33.60 32.93
0.21 -1.16 0.15 -31.36 27.68 26.49
0.26 -1.23 0.16 -18.52 24.55 15.88
0.26 -1.12 0.11 -11.34 22.09 6.55
