-0.21 -0.90 -0.15 10.52 9.07 15.98
-0.19 -0.87 -0.20 16.32 8.31 21.30
-0.15 -0.84 -0.24 23.02 7.74 28.72
-0.08 -0.83 -0.30 34.02 7.11 40.56
0.03 -0.84 -0.41 51.53 10.76 54.78
0.12 -0.82 -0.48 73.63 14.08 75.02
0.20 -0.79 -0.58 101.44 23.10 96.15
0.29 -0.66 -0.66 125.33 35.91 120.92
0.32 -0.54 -0.70 153.01 44.95 136.67
0.34 -0.38 -0.81 172.99 58.50 154.12
0.27 -0.31 -0.84 194.06 69.50 175.66
0.25 -0.38 -0.91 224.95 77.60 205.54
0.18 -0.43 -0.93 263.48 86.82 238.85
0.20 -0.48 -1.03 306.38 96.05 269.25
0.21 -0.61 -1.11 358.32 112.47 296.58
0.13 -0.43 -1.15 388.20 131.10 312.20
0.09 -0.52 -1.24 415.71 143.88 308.46
0.02 -0.49 -1.30 441.91 163.08 296.03
-0.08 -0.35 -1.33 459.10 184.06 274.95
-0.31 -0.22 -1.28 466.31 198.87 252.03
-0.49 -0.08 -1.25 467.65 211.33 231.63
-0.64 0.03 -1.23 470.67 221.37 217.16
-0.77 0.16 -1.23 475.62 231.25 208.31
-0.95 0.29 -1.22 486.46 236.00 201.42
-1.36 0.46 -1.02 497.22 224.69 199.79
-1.65 0.63 -0.85 500.26 202.43 202.60
-1.75 0.84 -0.72 500.26 181.56 210.53
-1.78 0.84 -0.62 500.26 156.49 230.18
-1.72 0.93 -0.64 500.26 136.32 227.86
-1.77 1.01 -0.57 492.35 109.11 193.73
-1.74 1.00 -0.65 457.83 88.81 131.22
-1.60 1.16 -0.73 407.54 84.20 54.08
-1.48 1.30 -0.77 346.69 103.94 -27.80
-1.56 1.40 -0.69 292.84 129.53 -85.66
-1.87 1.43 -0.45 259.01 142.90 -106.29
-2.07 1.44 -0.25 248.60 137.48 -91.05
-2.08 1.61 -0.15 244.09 121.86 -62.53
-1.97 1.86 -0.04 223.19 106.41 -44.06
-1.70 2.06 0.05 181.07 99.53 -38.99
-1.52 2.01 0.07 133.42 105.11 -39.31
-1.54 1.86 0.25 91.76 111.76 -41.27
-1.72 1.71 0.47 46.18 106.55 -47.50
-1.74 1.33 0.61 23.10 92.08 -41.40
-1.74 1.02 0.69 21.02 76.49 -26.27
-1.66 0.74 0.65 26.06 59.73 -11.42
-1.55 0.69 0.58 23.05 42.89 -7.34
-1.40 0.62 0.43 10.60 32.73 -12.67
-1.29 0.55 0.31 -8.15 28.85 -24.08
-1.18 0.52 0.23 -26.49 30.76 -35.69
-1.20 0.44 0.21 -37.16 28.69 -36.89
-1.20 0.32 0.17 -37.77 28.75 -31.80
-1.29 0.37 0.16 -38.98 25.45 -28.82
-1.36 0.52 0.21 -55.22 17.19 -28.82
-1.39 0.56 0.23 -77.07 6.69 -36.32
-1.52 0.62 0.29 -102.23 -9.07 -56.26
-1.58 0.72 0.33 -137.07 -26.95 -81.08
-1.67 0.80 0.30 -170.58 -42.47 -103.02
-1.75 0.95 0.29 -204.23 -59.62 -116.64
-1.84 1.09 0.29 -237.05 -76.82 -123.31
-1.97 1.10 0.29 -259.73 -97.27 -119.68
-2.11 1.04 0.27 -271.42 -120.47 -112.99
-2.28 1.12 0.26 -289.08 -151.39 -112.96
-2.38 1.03 0.16 -307.77 -181.88 -118.69
-2.46 0.98 0.03 -322.21 -206.34 -134.64
-2.52 1.12 -0.08 -347.73 -224.34 -160.52
-2.62 1.12 -0.14 -374.78 -248.29 -182.75
-2.64 1.06 -0.20 -392.53 -270.89 -203.19
-2.53 1.17 -0.33 -416.40 -288.95 -228.76
-2.33 1.03 -0.44 -435.86 -299.73 -243.34
-2.23 0.88 -0.54 -442.03 -306.20 -256.84
-2.01 0.81 -0.55 -454.32 -316.34 -277.48
-1.73 0.52 -0.65 -452.40 -320.40 -289.45
-1.58 0.18 -0.62 -425.04 -316.12 -287.11
-1.52 0.05 -0.56 -393.05 -319.11 -287.39
-1.42 0.07 -0.65 -363.71 -327.50 -292.40
-1.06 0.20 -0.79 -348.82 -325.50 -299.92
-0.77 0.17 -0.94 -324.40 -310.38 -290.03
-0.56 0.22 -1.09 -303.51 -291.36 -270.60
-0.35 0.27 -1.18 -291.48 -270.90 -254.73
-0.13 0.28 -1.27 -288.26 -246.90 -251.01
-0.05 0.16 -1.25 -281.85 -224.78 -248.09
-0.07 -0.12 -1.17 -255.02 -209.71 -229.34
-0.01 -0.32 -1.16 -208.32 -199.34 -204.60
0.05 -0.30 -1.15 -162.11 -192.26 -179.57
0.20 -0.17 -1.20 -127.98 -180.15 -158.53
0.33 -0.02 -1.26 -106.20 -162.64 -139.36
0.37 0.16 -1.25 -99.34 -145.30 -118.34
0.45 0.13 -1.19 -99.98 -128.67 -96.03
0.52 0.00 -1.11 -97.65 -104.26 -76.03
0.49 -0.12 -1.00 -96.46 -80.58 -61.40
0.38 -0.28 -0.84 -93.66 -61.50 -48.08
0.28 -0.48 -0.70 -84.02 -47.98 -35.59
0.16 -0.60 -0.58 -72.31 -37.21 -20.99
0.04 -0.73 -0.43 -61.60 -33.50 -10.11
-0.01 -0.83 -0.35 -52.99 -28.15 -5.92
-0.09 -0.88 -0.25 -49.74 -24.53 -3.54
-0.11 -1.00 -0.20 -44.46 -20.55 -4.29
-0.15 -1.06 -0.17 -36.52 -15.25 -1.56
-0.16 -1.10 -0.14 -28.81 -11.73 0.56
-0.18 -1.10 -0.12 -23.76 -8.52 -0.44
