0.18 -1.21 0.17 37.67 -30.38 3.30
0.21 -1.25 0.15 39.85 -31.26 -2.73
0.18 -1.30 0.12 43.55 -31.27 -12.62
0.17 -1.35 0.11 49.36 -30.82 -19.89
0.16 -1.39 0.06 59.60 -29.76 -26.72
0.14 -1.41 0.06 73.90 -28.02 -30.14
0.13 -1.42 0.04 89.33 -26.97 -33.48
0.17 -1.38 0.01 106.10 -22.48 -34.32
0.18 -1.36 -0.01 126.11 -16.95 -30.57
0.12 -1.29 -0.02 145.97 -13.71 -27.04
0.07 -1.23 -0.03 164.86 -14.13 -23.18
0.08 -1.15 -0.07 183.02 -13.15 -17.69
0.06 -1.09 -0.10 198.79 -13.02 -19.16
0.09 -1.05 -0.17 212.65 -11.80 -25.88
0.16 -1.06 -0.28 231.22 -6.19 -31.58
0.24 -0.98 -0.42 250.13 6.64 -34.36
0.22 -0.88 -0.53 250.13 21.78 -35.92
0.19 -0.74 -0.65 250.13 37.63 -28.92
0.10 -0.66 -0.75 250.13 51.56 -13.20
0.08 -0.54 -0.86 250.13 66.27 0.62
0.07 -0.32 -0.97 250.13 81.81 4.89
0.06 -0.18 -1.07 250.13 98.37 2.51
0.10 0.01 -1.16 250.13 119.82 -4.28
0.10 0.22 -1.23 250.13 145.99 -11.35
-0.16 0.34 -1.14 250.13 163.79 -22.30
-0.34 0.58 -1.01 250.13 169.66 -23.13
-0.57 0.73 -0.77 250.13 163.66 -9.79
-0.66 0.71 -0.54 250.13 149.08 14.98
-0.03 0.41 -0.88 244.50 145.37 28.24
-0.84 0.56 -0.00 221.51 97.07 20.69
-0.34 0.92 -0.02 180.79 86.34 10.21
0.05 0.96 0.09 134.74 107.69 3.70
0.25 0.86 0.17 97.41 147.71 -2.60
0.20 0.79 0.48 73.13 192.73 1.37
-0.23 0.47 0.88 67.21 224.74 25.01
-0.64 -0.13 1.42 108.82 237.56 72.32
-1.02 -0.00 1.86 138.79 238.80 81.89
-0.99 -0.01 2.00 170.04 228.02 117.08
-1.17 0.47 2.00 159.64 210.18 105.50
-1.18 0.46 2.00 131.12 179.21 71.42
-0.95 0.60 2.00 94.99 146.88 42.97
-0.68 0.68 2.00 66.47 125.85 27.26
-0.53 0.67 2.00 40.66 115.44 23.52
-0.52 0.58 2.00 20.18 99.96 28.31
-0.42 0.42 2.00 14.13 86.50 43.54
-0.64 0.06 2.00 17.91 75.57 47.86
-0.75 0.03 2.00 20.95 47.78 36.57
-0.72 0.19 2.00 4.71 28.03 28.44
-0.74 0.29 2.00 -24.15 8.81 20.17
-0.80 0.18 2.00 -52.71 -14.79 4.15
-0.83 0.05 2.00 -78.29 -37.66 -18.47
-0.84 0.14 2.00 -108.30 -59.16 -40.08
-0.90 0.23 2.00 -139.93 -83.77 -56.17
-0.85 0.16 2.00 -168.87 -107.12 -64.21
-0.78 -0.06 1.95 -182.02 -125.10 -66.72
-0.71 -0.12 1.76 -190.33 -138.37 -70.27
-0.60 -0.08 1.56 -201.28 -146.50 -74.47
-0.51 -0.03 1.35 -214.29 -152.73 -78.18
-0.40 -0.03 1.16 -228.50 -157.70 -87.90
-0.28 0.04 0.96 -245.14 -154.72 -95.80
-0.34 0.21 0.86 -250.14 -153.27 -105.80
-0.36 0.30 0.72 -250.14 -155.58 -120.24
-0.37 0.26 0.55 -250.14 -159.52 -127.36
-0.37 0.12 0.41 -250.14 -164.79 -134.20
-0.37 0.04 0.28 -250.14 -170.16 -142.18
-0.37 0.24 0.18 -250.14 -178.95 -154.97
-0.20 0.42 -0.02 -250.14 -180.66 -159.63
-0.05 0.46 -0.20 -250.14 -175.24 -157.60
0.08 0.42 -0.37 -250.14 -161.48 -141.08
0.19 0.30 -0.53 -250.14 -140.49 -116.60
0.19 0.18 -0.57 -250.14 -119.59 -84.66
0.21 -0.11 -0.61 -250.14 -94.61 -44.34
-0.02 -0.39 -0.45 -250.14 -83.35 -25.56
-0.18 -0.51 -0.32 -250.14 -87.24 -10.15
-0.07 -0.86 -0.32 -250.14 -86.11 2.27
0.08 -1.09 -0.31 -242.56 -80.17 7.26
0.14 -1.15 -0.29 -192.68 -70.56 2.40
0.07 -1.02 -0.24 -162.84 -67.40 -10.25
0.12 -0.95 -0.24 -138.01 -64.73 -11.63
0.16 -0.91 -0.27 -107.63 -59.47 -0.56
0.17 -0.75 -0.31 -89.96 -53.02 15.80
0.23 -0.77 -0.36 -79.15 -45.59 29.95
0.21 -0.71 -0.36 -78.24 -36.04 31.68
0.16 -0.86 -0.32 -79.24 -27.95 29.05
0.12 -1.14 -0.23 -68.32 -25.17 22.60
0.17 -1.24 -0.24 -51.78 -19.95 13.98
0.18 -1.22 -0.24 -34.93 -14.26 6.16
0.10 -1.02 -0.22 -28.89 -10.90 2.82
0.06 -0.91 -0.19 -29.18 -10.37 6.12
0.10 -0.83 -0.19 -33.65 -8.91 12.58
0.16 -0.94 -0.20 -33.15 -5.50 21.11
0.19 -1.04 -0.19 -26.69 -3.31 28.13
0.23 -1.06 -0.21 -19.07 1.40 31.46
0.20 -1.03 -0.17 -19.67 4.05 25.28
0.16 -1.12 -0.14 -18.91 4.56 18.05
0.16 -1.17 -0.13 -12.77 4.13 13.24
0.12 -1.16 -0.11 -4.85 3.26 12.29
0.11 -1.11 -0.12 -2.50 1.44 11.12
0.12 -1.10 -0.14 -0.93 0.05 10.45
0.14 -1.05 -0.16 -3.45 1.07 11.21
