0.12 -1.33 -0.08 9.91 -5.89 25.69
0.07 -1.44 -0.06 31.36 -3.98 36.32
-0.03 -1.47 -0.00 54.35 -0.60 51.88
-0.19 -1.71 0.09 92.82 -12.09 68.26
-0.13 -1.81 0.08 137.76 -23.85 82.08
0.04 -1.74 -0.01 172.20 -23.50 82.73
0.18 -1.58 -0.10 191.66 -14.84 74.81
0.15 -1.45 -0.11 202.27 -1.95 61.86
-0.00 -1.45 -0.03 218.26 2.21 57.53
-0.14 -1.34 0.03 238.29 0.50 71.13
-0.05 -1.43 -0.05 264.34 6.96 81.47
0.00 -1.37 -0.09 289.07 14.67 91.39
0.06 -1.28 -0.11 309.71 23.44 95.31
0.13 -1.19 -0.15 325.94 37.47 92.44
0.11 -1.06 -0.15 339.19 52.47 82.72
0.10 -0.93 -0.19 353.62 68.69 73.83
-0.01 -0.78 -0.13 356.75 76.50 51.85
-0.14 -0.59 -0.11 353.08 70.38 54.41
-0.12 -0.37 -0.19 341.07 78.64 61.80
-0.10 -0.34 -0.12 333.92 77.31 73.16
-0.10 -0.42 -0.06 332.61 67.59 80.92
0.01 -0.42 -0.06 328.00 65.24 78.56
0.12 -0.50 -0.05 326.20 74.84 81.76
0.13 -0.63 -0.06 334.93 87.69 83.07
0.05 -0.58 -0.06 347.22 97.28 80.12
0.03 -0.38 -0.12 354.41 110.38 94.95
-0.09 -0.14 -0.13 358.35 112.76 107.24
-0.18 0.16 -0.10 346.96 109.89 107.21
-0.22 0.39 -0.09 323.68 106.40 103.48
-0.23 0.50 -0.04 293.13 103.97 94.05
-0.30 0.46 0.07 258.73 98.53 73.83
-0.29 0.44 0.09 220.81 95.05 35.80
-0.47 0.48 0.13 176.69 85.80 -14.21
-0.47 0.44 0.20 140.06 82.67 -36.55
-0.32 0.41 0.23 118.20 98.41 -18.98
-0.41 0.38 0.30 110.84 102.12 3.60
-0.48 0.31 0.36 107.85 113.45 38.76
-0.42 0.21 0.35 109.51 122.02 42.05
-0.49 0.17 0.37 110.63 130.58 34.89
-0.54 0.15 0.42 111.16 130.95 27.04
-0.59 0.13 0.47 110.31 128.84 8.24
-0.68 0.20 0.56 101.30 123.51 -11.47
-0.77 0.34 0.64 87.73 116.03 -28.99
-0.90 0.47 0.71 69.59 101.42 -34.26
-0.81 0.53 0.75 50.63 92.35 -23.73
-0.77 0.52 0.73 30.93 89.15 -15.15
-0.71 0.31 0.76 24.78 92.23 -6.85
-0.75 0.15 0.92 29.08 98.35 -8.75
-0.90 0.04 0.89 43.76 90.79 -21.88
-1.02 0.26 1.03 38.76 82.08 -37.11
-1.06 0.36 1.05 32.49 69.02 -44.09
-1.11 0.47 1.12 21.89 56.49 -42.26
-1.02 0.52 1.13 12.72 48.75 -32.37
-1.03 0.54 1.15 0.43 41.27 -21.40
-1.06 0.47 1.19 -9.24 32.79 -15.47
-1.09 0.41 1.22 -16.49 23.39 -16.09
-1.13 0.35 1.25 -23.86 13.76 -21.21
-1.16 0.34 1.28 -29.83 1.85 -29.25
-1.20 0.34 1.28 -36.53 -10.03 -34.15
-1.25 0.34 1.30 -41.57 -24.00 -32.87
-1.22 0.36 1.27 -46.82 -37.24 -29.48
-1.16 0.37 1.21 -54.02 -48.02 -24.32
-1.08 0.36 1.14 -61.48 -55.37 -22.46
-1.00 0.43 1.06 -75.11 -61.39 -24.96
-0.94 0.46 1.00 -92.82 -65.05 -28.93
-0.93 0.42 0.94 -110.00 -69.86 -36.73
-0.94 0.40 0.89 -128.93 -77.56 -49.82
-0.92 0.38 0.85 -149.36 -87.01 -62.84
-0.89 0.33 0.82 -171.76 -95.30 -74.69
-0.88 0.21 0.79 -188.79 -103.04 -80.06
-0.82 0.06 0.77 -196.55 -109.71 -79.89
-0.71 -0.06 0.71 -196.05 -110.53 -73.28
-0.62 -0.07 0.64 -193.76 -106.61 -63.56
-0.60 -0.06 0.59 -194.37 -104.50 -58.23
-0.57 0.06 0.55 -202.82 -102.63 -57.83
-0.55 0.11 0.48 -216.21 -98.38 -57.39
-0.58 0.07 0.44 -233.16 -99.83 -56.52
-0.53 -0.08 0.38 -252.12 -104.15 -68.47
-0.51 -0.36 0.39 -255.94 -105.01 -83.22
-0.45 -0.49 0.38 -245.28 -106.52 -95.60
-0.38 -0.36 0.33 -245.83 -103.48 -100.82
-0.33 -0.19 0.26 -258.99 -97.27 -101.27
-0.35 -0.15 0.23 -270.44 -96.69 -99.27
-0.36 -0.22 0.20 -279.01 -96.92 -97.94
-0.37 -0.39 0.20 -278.38 -99.08 -98.66
-0.38 -0.53 0.20 -268.72 -100.29 -100.29
-0.46 -0.54 0.23 -257.45 -109.40 -104.40
-0.37 -0.45 0.18 -255.07 -116.12 -116.70
-0.30 -0.34 0.13 -263.31 -121.50 -138.27
-0.17 -0.34 0.06 -271.63 -122.35 -152.21
-0.05 -0.44 0.02 -273.05 -114.37 -152.56
-0.09 -0.53 0.02 -264.37 -105.50 -138.82
-0.08 -0.58 0.04 -250.02 -98.82 -118.72
-0.05 -0.59 0.00 -234.66 -90.34 -98.61
-0.10 -0.54 -0.01 -227.33 -90.87 -93.05
0.01 -0.54 -0.08 -225.22 -89.16 -86.24
0.04 -0.68 -0.08 -218.23 -85.65 -95.24
0.10 -0.84 -0.08 -209.21 -83.19 -107.34
0.21 -0.93 -0.09 -195.83 -73.85 -116.20
0.26 -0.99 -0.11 -178.92 -55.60 -113.11
