0.06 -0.87 -0.71 153.33 39.56 77.59
0.04 -0.84 -0.77 183.44 49.62 100.85
0.06 -0.85 -0.85 218.09 57.88 125.48
0.08 -0.85 -0.91 253.40 69.19 149.28
0.11 -0.83 -0.98 290.09 81.71 174.55
0.10 -0.83 -1.02 325.02 94.26 194.56
0.06 -0.84 -1.05 361.69 104.50 207.08
0.02 -0.78 -1.07 391.19 116.06 210.73
0.01 -0.70 -1.11 414.82 129.79 206.03
-0.05 -0.63 -1.13 436.95 145.13 198.35
-0.08 -0.46 -1.21 453.60 162.70 192.89
-0.07 -0.18 -1.25 457.59 185.01 183.94
-0.16 0.00 -1.29 452.12 200.75 166.02
-0.19 0.14 -1.29 449.02 222.23 144.89
-0.28 0.32 -1.32 445.19 243.31 132.79
-0.36 0.54 -1.31 429.05 265.24 114.43
-0.54 0.71 -1.25 404.09 286.70 95.57
-1.05 0.78 -1.08 375.73 289.91 71.01
-1.47 0.95 -0.76 336.90 271.66 47.69
-1.59 0.74 -0.59 310.73 252.00 36.55
-1.46 0.54 -0.65 308.73 242.58 36.89
-1.26 0.50 -0.75 313.18 252.69 42.55
-1.21 0.49 -0.85 315.79 267.53 43.98
-1.23 0.64 -0.95 307.42 283.51 31.21
-1.33 0.81 -1.01 279.95 301.86 12.34
-1.49 0.71 -1.02 257.92 321.39 1.76
-1.68 0.58 -1.02 252.43 336.27 -5.51
-1.87 0.56 -1.01 251.97 348.15 -8.49
-2.15 0.49 -0.98 260.89 353.86 -5.92
-2.41 0.59 -0.86 268.17 345.51 -5.08
-2.63 0.73 -0.72 267.48 328.40 -10.66
-2.74 0.84 -0.52 259.10 301.11 -19.48
-2.65 0.81 -0.41 262.93 278.47 -18.20
-2.50 0.84 -0.28 288.44 278.35 4.02
-2.41 0.94 -0.24 319.50 276.95 42.14
-2.14 1.41 -0.25 331.69 264.35 74.64
-2.51 1.97 0.10 300.81 215.92 80.81
-2.17 1.96 0.14 235.11 159.33 47.10
-2.31 2.23 0.31 158.44 119.34 18.21
-2.27 2.10 0.37 66.67 76.50 25.01
-2.33 1.81 0.41 -5.82 32.26 60.90
-2.50 1.62 0.46 -77.83 -16.70 72.06
-2.49 1.16 0.45 -131.56 -71.71 59.10
-2.32 0.78 0.33 -157.88 -105.50 40.55
-2.18 0.59 0.21 -173.65 -130.41 32.35
-2.05 0.36 0.07 -173.68 -144.81 25.71
-1.93 0.21 -0.04 -160.67 -156.00 21.40
-1.85 0.24 -0.13 -151.21 -166.09 14.64
-1.79 0.36 -0.24 -152.70 -171.82 0.64
-1.76 0.47 -0.34 -165.50 -175.83 -20.84
-1.80 0.62 -0.37 -190.73 -185.40 -49.73
-1.86 0.75 -0.46 -222.78 -196.35 -78.72
-1.94 0.80 -0.50 -254.69 -209.47 -103.91
-2.14 0.71 -0.49 -278.72 -234.58 -131.25
-2.18 0.77 -0.51 -305.71 -265.50 -167.04
-2.08 0.83 -0.63 -336.85 -288.20 -198.46
-1.95 0.84 -0.78 -364.32 -299.11 -220.43
-2.05 0.82 -0.75 -385.25 -309.48 -238.05
-2.16 0.84 -0.74 -407.54 -332.70 -257.85
-2.22 0.80 -0.69 -433.19 -360.92 -273.59
-2.07 0.70 -0.81 -448.72 -386.31 -277.74
-1.90 0.53 -0.93 -450.29 -399.28 -272.49
-1.73 0.39 -0.92 -452.24 -404.38 -279.85
-1.51 0.42 -0.98 -467.60 -412.20 -304.61
-1.30 0.45 -1.02 -494.82 -409.13 -341.53
-0.85 0.35 -1.05 -500.27 -390.09 -367.34
-0.41 0.06 -1.12 -500.27 -353.36 -368.12
-0.21 -0.35 -1.02 -454.89 -304.85 -339.74
-0.32 -0.57 -0.82 -387.73 -266.17 -299.48
-0.60 -0.72 -0.58 -315.54 -243.18 -266.99
-0.78 -0.66 -0.47 -253.51 -239.02 -237.01
-0.68 -0.43 -0.45 -213.97 -234.02 -217.92
-0.53 -0.24 -0.51 -190.34 -222.99 -206.93
-0.58 -0.19 -0.47 -166.84 -216.58 -187.94
-0.66 -0.12 -0.49 -142.67 -218.29 -170.32
-0.64 -0.00 -0.49 -134.23 -226.18 -159.31
-0.39 -0.05 -0.63 -124.79 -229.79 -145.47
-0.24 -0.11 -0.70 -111.47 -222.49 -129.65
-0.12 -0.04 -0.76 -99.57 -209.54 -107.98
-0.07 -0.04 -0.78 -94.47 -194.52 -86.75
-0.00 -0.09 -0.78 -92.96 -182.18 -73.36
0.07 -0.14 -0.78 -96.76 -172.24 -74.12
0.12 -0.20 -0.77 -106.06 -160.72 -79.85
0.14 -0.41 -0.74 -102.69 -152.12 -76.11
0.21 -0.57 -0.76 -87.27 -141.83 -67.24
0.28 -0.56 -0.78 -73.28 -128.40 -57.16
0.29 -0.54 -0.81 -63.68 -116.21 -45.53
0.34 -0.48 -0.84 -58.64 -101.60 -36.63
0.34 -0.50 -0.84 -56.79 -85.16 -23.44
0.33 -0.55 -0.82 -54.23 -69.11 -8.70
0.30 -0.65 -0.78 -50.72 -53.83 2.67
0.29 -0.74 -0.71 -47.59 -41.11 7.15
0.23 -0.83 -0.63 -44.18 -32.82 9.04
0.20 -0.93 -0.58 -37.18 -23.68 11.54
0.18 -0.97 -0.54 -28.92 -14.66 14.26
0.13 -0.97 -0.48 -25.53 -7.21 11.30
0.06 -0.99 -0.44 -21.98 -2.79 11.83
-0.02 -0.96 -0.44 -18.66 0.76 14.61
-0.04 -0.94 -0.39 -19.91 7.39 16.67
-0.10 -0.99 -0.34 -20.60 12.40 20.52
