-0.31 -0.96 -0.27 4.46 2.05 -0.06
-0.27 -1.21 -0.42 52.41 4.55 18.18
-0.23 -1.13 -0.52 85.44 12.99 28.11
-0.24 -1.05 -0.58 119.31 24.67 47.53
-0.25 -0.98 -0.66 159.68 36.75 69.68
-0.23 -0.86 -0.72 204.84 50.98 95.98
-0.20 -0.77 -0.77 254.03 68.02 128.21
-0.22 -0.65 -0.86 307.21 86.89 164.70
-0.24 -0.51 -0.95 354.34 105.33 188.70
-0.26 -0.29 -1.03 396.27 124.95 212.32
-0.30 -0.09 -1.10 432.92 140.78 238.73
-0.31 0.01 -1.17 469.01 153.07 260.34
-0.31 0.22 -1.23 490.90 162.49 266.82
-0.41 0.43 -1.23 490.02 171.16 260.55
-0.48 0.51 -1.24 485.48 175.05 253.37
-0.52 0.56 -1.24 482.73 175.89 251.60
-0.52 0.61 -1.27 478.12 178.70 246.75
-0.50 0.68 -1.27 469.01 184.90 241.25
-0.43 0.63 -1.35 467.92 196.79 242.24
-0.47 0.73 -1.36 458.79 213.15 234.93
-0.63 0.83 -1.27 430.92 224.67 217.51
-0.99 0.97 -1.05 372.75 222.69 156.41
-1.29 1.28 -0.66 259.76 212.53 70.09
-1.47 1.10 -0.39 146.15 200.49 -6.26
-1.51 0.74 -0.20 89.48 192.79 -40.99
-1.59 0.46 -0.00 88.50 195.07 -19.71
-1.63 0.05 0.17 145.44 203.59 38.69
-1.74 -0.12 0.34 235.88 212.60 103.73
-1.82 -0.15 0.51 325.86 217.89 170.79
-1.82 -0.08 0.59 405.94 222.43 208.08
-2.00 0.47 0.85 421.95 219.07 192.00
-2.27 1.07 1.19 358.38 199.48 123.19
-2.45 1.72 1.63 226.63 170.92 26.96
-2.63 1.67 2.03 106.87 125.39 -24.44
-2.30 1.43 2.13 49.08 89.94 -30.03
-2.13 0.99 2.18 47.34 70.95 3.18
-1.88 0.72 2.14 63.68 62.08 38.92
-1.82 0.58 2.14 85.31 52.89 62.44
-1.88 0.59 2.15 99.56 31.27 79.79
-1.84 0.65 2.08 100.02 6.67 83.13
-1.71 0.82 1.97 72.03 -12.87 74.79
-1.63 0.79 1.84 32.26 -29.80 63.10
-1.59 0.65 1.70 -0.44 -48.66 50.89
-1.56 0.58 1.55 -28.02 -64.50 31.77
-1.54 0.71 1.42 -66.40 -79.40 8.27
-1.56 0.82 1.29 -106.14 -92.20 -10.56
-1.77 0.98 1.26 -146.05 -111.73 -25.42
-1.91 1.18 1.23 -195.62 -137.95 -37.74
-1.96 1.19 1.10 -243.73 -159.42 -54.46
-2.04 1.24 0.94 -303.54 -181.01 -82.81
-2.04 1.32 0.77 -380.89 -205.13 -127.39
-1.94 1.08 0.48 -438.87 -225.59 -163.15
-1.83 0.96 0.26 -486.17 -239.34 -206.66
-1.70 0.83 0.04 -500.27 -251.63 -252.55
-1.57 0.76 -0.15 -500.27 -258.21 -292.64
-1.47 0.56 -0.29 -500.27 -264.12 -313.39
-1.35 0.27 -0.45 -500.27 -266.50 -320.00
-1.18 0.04 -0.52 -500.27 -263.85 -313.95
-1.03 -0.20 -0.63 -500.27 -255.34 -300.72
-0.85 -0.26 -0.68 -488.35 -237.05 -292.78
-0.77 -0.20 -0.62 -456.20 -216.43 -275.62
-0.75 -0.29 -0.62 -412.67 -194.24 -253.62
-0.61 -0.19 -0.61 -375.98 -162.90 -237.89
-0.70 -0.04 -0.49 -362.03 -141.71 -228.41
-0.79 -0.16 -0.45 -337.80 -128.95 -213.88
-0.75 -0.09 -0.44 -318.73 -112.34 -206.89
-0.86 -0.09 -0.35 -301.59 -109.10 -193.13
-0.83 -0.19 -0.38 -274.24 -106.96 -175.83
-0.75 -0.21 -0.39 -248.41 -103.77 -163.37
-0.72 -0.21 -0.42 -222.06 -103.44 -146.40
-0.60 -0.17 -0.52 -199.18 -100.72 -132.18
-0.45 -0.02 -0.63 -191.04 -91.40 -125.68
-0.42 0.76 -0.28 -217.85 -63.63 -129.44
-0.48 0.21 -0.57 -196.38 -74.66 -100.73
-0.17 -0.23 -0.86 -186.03 -59.85 -73.22
-0.27 0.03 -0.58 -202.41 -27.05 -70.12
-0.25 -0.27 -0.71 -193.31 -21.57 -54.52
-0.30 -0.29 -0.62 -189.21 -16.78 -44.60
-0.28 -0.55 -0.68 -170.21 -16.46 -31.39
-0.28 -0.75 -0.68 -135.15 -16.29 -15.40
-0.30 -0.93 -0.67 -93.66 -17.01 -0.99
-0.20 -0.96 -0.67 -57.89 -12.20 11.16
-0.18 -0.92 -0.69 -37.79 2.55 10.72
-0.23 -0.91 -0.65 -26.06 11.83 2.55
-0.30 -0.87 -0.60 -20.47 17.76 -7.33
-0.36 -0.90 -0.52 -15.62 21.40 -10.82
-0.40 -0.93 -0.46 -8.31 21.82 -9.44
-0.43 -0.98 -0.41 1.44 18.61 -6.84
-0.41 -1.01 -0.40 15.11 15.91 -3.97
-0.41 -0.99 -0.37 30.02 11.22 0.46
-0.39 -0.95 -0.37 41.71 8.34 3.31
-0.35 -0.90 -0.35 50.82 6.09 6.06
-0.29 -0.83 -0.38 54.17 4.72 1.22
-0.26 -0.76 -0.36 47.04 5.01 -9.63
-0.25 -0.82 -0.38 37.01 1.74 -18.78
-0.27 -0.72 -0.31 28.46 1.45 -17.74
-0.30 -0.73 -0.30 26.15 0.26 -13.56
-0.29 -0.70 -0.30 25.59 0.06 -5.91
-0.29 -0.72 -0.31 24.21 -0.15 4.29
-0.29 -0.74 -0.30 23.60 -1.51 9.82
