0.70 -0.93 -1.05 225.27 32.34 157.66
1.06 -0.33 -1.45 333.27 98.67 231.63
1.16 -0.02 -1.61 375.79 145.86 268.87
1.16 0.32 -1.75 401.98 203.31 309.74
0.89 0.57 -1.77 406.84 257.59 332.15
0.60 0.72 -1.70 397.25 296.06 329.97
0.35 0.89 -1.68 375.44 328.70 316.24
0.15 1.14 -1.63 336.70 353.39 294.63
-0.08 1.05 -1.62 303.10 371.11 269.21
-0.14 1.24 -1.58 246.67 397.71 232.98
-0.33 0.96 -1.59 209.47 416.08 189.65
-0.50 0.85 -1.58 186.27 439.53 159.88
-0.78 0.79 -1.58 172.66 461.74 145.50
-1.09 0.75 -1.57 169.25 477.45 149.50
-1.43 0.73 -1.55 177.05 483.95 166.47
-1.85 0.75 -1.46 189.83 475.18 190.50
-2.29 0.71 -1.33 204.61 451.48 215.07
-2.81 0.72 -1.07 218.56 397.79 225.25
-2.89 0.77 -1.00 215.86 341.47 225.77
-2.77 0.66 -1.18 213.01 304.52 219.02
-2.52 0.52 -1.39 212.08 303.66 209.44
-2.48 0.30 -1.48 212.61 316.14 187.42
-2.58 0.15 -1.40 210.20 323.47 149.71
-2.71 -0.02 -1.24 211.36 331.18 99.44
-2.90 -0.09 -0.93 220.61 318.20 56.08
-3.02 0.02 -0.58 239.71 287.62 27.47
-2.83 0.33 -0.54 262.34 263.76 28.87
-2.74 0.69 -0.48 282.52 237.01 51.63
-2.61 1.17 -0.41 280.34 207.13 77.63
-2.45 1.56 -0.32 247.40 178.23 97.22
-2.40 1.78 -0.17 187.71 145.54 100.38
-2.36 1.66 -0.04 115.47 96.32 82.87
-2.28 1.41 0.03 45.34 53.73 60.03
-2.25 0.95 0.10 -11.40 11.68 35.47
-2.10 0.55 0.04 -50.05 -18.95 19.48
-2.11 0.15 0.04 -68.18 -47.27 4.73
-2.06 -0.13 0.06 -76.82 -76.63 -7.33
-1.93 -0.32 0.03 -77.42 -100.55 -21.65
-1.84 -0.39 -0.02 -74.82 -115.11 -35.54
-1.76 -0.34 -0.11 -72.64 -126.29 -52.34
-1.72 -0.18 -0.17 -77.79 -137.21 -80.17
-1.74 0.10 -0.26 -100.18 -149.42 -111.31
-1.73 0.32 -0.33 -134.89 -158.69 -139.98
-1.84 0.35 -0.38 -169.95 -176.43 -169.69
-1.92 0.31 -0.39 -199.07 -199.59 -199.68
-1.98 0.29 -0.40 -227.16 -223.18 -222.79
-2.00 0.09 -0.49 -238.02 -240.96 -235.62
-2.07 -0.08 -0.54 -232.21 -258.90 -246.03
-2.13 -0.13 -0.56 -222.56 -279.76 -258.55
-2.14 -0.13 -0.61 -215.37 -296.76 -273.85
-2.11 -0.09 -0.67 -212.43 -305.69 -296.03
-2.14 -0.01 -0.68 -214.63 -308.50 -313.66
-2.15 0.04 -0.72 -216.82 -314.26 -329.56
-2.13 0.18 -0.72 -228.67 -319.95 -345.60
-2.11 0.31 -0.74 -249.45 -328.20 -364.41
-2.07 0.33 -0.75 -272.35 -338.03 -379.18
-2.01 0.37 -0.72 -293.21 -345.50 -387.97
-1.96 0.36 -0.71 -298.63 -355.53 -367.27
-1.78 0.13 -0.76 -280.47 -358.43 -321.86
-1.56 -0.04 -0.74 -238.64 -346.53 -266.79
-1.53 0.09 -0.73 -210.73 -342.12 -216.09
-1.42 0.10 -0.76 -191.74 -341.65 -186.21
-1.13 0.20 -0.83 -182.63 -331.80 -169.91
-0.70 0.35 -1.00 -187.57 -305.88 -164.78
-0.38 0.42 -1.09 -199.79 -271.28 -171.16
-0.29 0.41 -1.08 -205.16 -237.04 -173.83
-0.32 0.38 -1.01 -208.72 -211.51 -175.71
-0.40 0.22 -0.88 -209.68 -202.93 -176.20
-0.34 -0.12 -0.83 -188.05 -197.82 -171.40
-0.36 -0.41 -0.74 -141.44 -192.40 -156.66
-0.42 -0.45 -0.71 -88.56 -194.00 -130.49
-0.31 -0.31 -0.77 -46.81 -197.98 -109.80
-0.16 -0.12 -0.86 -30.38 -194.85 -98.26
0.03 -0.06 -0.90 -26.70 -189.53 -91.10
0.32 -0.02 -1.01 -31.39 -168.63 -88.55
0.48 -0.06 -1.03 -40.08 -143.60 -88.43
0.53 -0.14 -1.01 -46.44 -116.90 -87.33
0.49 -0.23 -0.95 -49.89 -90.58 -81.44
0.42 -0.35 -0.87 -50.53 -69.27 -70.37
0.35 -0.49 -0.79 -44.38 -52.85 -58.85
0.26 -0.54 -0.73 -37.98 -38.40 -46.17
0.15 -0.58 -0.61 -34.69 -30.99 -34.08
0.14 -0.67 -0.57 -30.46 -24.55 -24.06
0.14 -0.75 -0.54 -24.35 -13.10 -16.47
0.10 -0.78 -0.49 -19.85 -1.30 -12.58
0.01 -0.77 -0.42 -18.21 6.84 -12.26
-0.05 -0.72 -0.35 -24.82 14.27 -17.50
-0.13 -0.78 -0.29 -30.47 20.64 -19.66
-0.22 -0.87 -0.22 -29.66 23.40 -16.56
-0.30 -0.91 -0.15 -25.79 24.47 -11.98
-0.37 -0.97 -0.08 -19.68 22.06 -6.29
-0.40 -0.97 -0.05 -15.62 18.98 -5.08
-0.41 -0.97 -0.05 -14.14 16.69 -4.64
-0.41 -0.98 -0.03 -11.28 15.94 -5.36
-0.44 -1.00 -0.03 -7.40 13.77 -4.05
-0.47 -1.00 -0.01 -2.85 10.40 -2.95
-0.46 -0.97 -0.01 -2.63 7.34 -2.58
-0.44 -0.99 -0.03 -0.93 6.34 -0.98
-0.44 -0.98 -0.04 0.58 3.89 -0.72
-0.43 -0.98 -0.04 2.63 0.41 -1.47
