-0.38 -1.10 -0.24 22.35 -2.75 2.95
-0.40 -1.09 -0.25 36.61 -3.89 6.61
-0.37 -1.08 -0.28 54.99 -2.90 14.29
-0.33 -1.11 -0.33 81.30 -0.26 25.77
-0.33 -1.09 -0.38 112.41 5.10 40.98
-0.38 -1.15 -0.41 151.71 9.94 59.59
-0.27 -1.12 -0.54 197.37 17.47 76.34
-0.27 -0.93 -0.60 231.51 29.16 85.45
-0.27 -0.74 -0.67 252.49 42.05 93.63
-0.26 -0.60 -0.69 266.56 57.85 100.34
-0.30 -0.58 -0.70 287.57 70.08 113.94
-0.33 -0.51 -0.67 309.86 79.69 121.98
-0.36 -0.39 -0.64 324.06 87.39 127.91
-0.37 -0.27 -0.61 332.82 94.78 131.45
-0.42 -0.21 -0.58 341.27 102.60 141.45
-0.38 -0.28 -0.63 366.99 110.27 166.14
-0.37 -0.17 -0.66 392.87 122.47 188.69
-0.39 -0.18 -0.72 418.47 131.40 214.41
-0.29 -0.17 -0.84 445.39 150.58 231.05
-0.33 -0.04 -0.87 462.24 173.50 243.91
-0.45 0.05 -0.83 466.17 184.53 248.67
-0.50 0.11 -0.81 456.27 194.95 238.44
-0.58 0.12 -0.78 436.99 205.95 213.56
-0.67 0.19 -0.72 408.14 215.76 183.19
-0.78 0.06 -0.69 386.52 222.82 155.28
-0.94 0.05 -0.63 366.89 228.31 126.31
-1.02 -0.09 -0.63 361.89 234.17 108.79
-1.09 -0.06 -0.63 362.69 242.95 92.63
-1.14 0.11 -0.63 355.71 248.14 75.44
-1.23 0.31 -0.55 338.52 249.36 57.08
-1.26 0.23 -0.50 344.21 249.88 65.62
-1.20 0.16 -0.55 383.63 263.31 79.79
-1.23 0.20 -0.59 437.60 279.48 103.56
-1.45 0.50 -0.60 488.50 287.74 117.40
-1.76 1.00 -0.40 500.26 276.87 104.49
-1.92 1.76 -0.19 465.05 251.50 67.85
-2.01 2.58 0.08 345.31 222.38 -15.63
-2.32 3.01 0.53 177.47 188.46 -84.35
-2.30 2.77 0.87 60.15 138.79 -117.33
-2.06 2.32 1.00 -3.68 119.51 -101.82
-1.96 1.69 1.03 -18.41 106.89 -63.13
-1.85 1.34 1.05 -8.03 91.44 -31.30
-1.81 1.19 1.12 4.81 76.29 -1.08
-1.72 1.11 1.14 16.03 60.85 21.47
-1.66 1.12 1.20 14.27 44.64 32.08
-1.53 1.11 1.18 -2.69 31.47 37.08
-1.48 0.98 1.21 -23.54 20.43 35.83
-1.43 0.86 1.20 -52.38 15.15 23.57
-1.48 0.67 1.19 -74.24 5.19 10.29
-1.54 0.55 1.16 -84.85 -15.11 -1.79
-1.55 0.52 1.09 -95.85 -29.48 -10.55
-1.61 0.62 1.06 -103.95 -43.82 -12.92
-1.64 0.73 1.00 -116.27 -57.04 -14.09
-1.69 0.78 0.91 -127.92 -69.05 -13.97
-1.79 0.89 0.86 -145.60 -84.15 -22.11
-1.89 1.02 0.80 -173.60 -106.58 -31.40
-1.90 1.08 0.71 -207.40 -125.63 -42.26
-2.02 1.12 0.59 -244.67 -145.04 -59.65
-2.12 1.27 0.56 -302.11 -169.02 -91.25
-2.17 1.22 0.44 -365.24 -197.42 -126.02
-2.16 1.04 0.27 -419.68 -227.63 -162.20
-2.05 0.95 0.07 -463.39 -254.87 -199.16
-1.87 0.83 -0.14 -493.62 -274.92 -224.69
-1.71 0.73 -0.29 -500.27 -287.76 -242.34
-1.54 0.53 -0.46 -500.27 -293.88 -245.11
-1.37 0.37 -0.60 -498.92 -295.36 -249.40
-1.24 0.50 -0.65 -500.27 -294.52 -268.63
-1.10 0.46 -0.79 -500.27 -294.20 -290.69
-0.88 0.46 -0.89 -500.27 -285.02 -320.18
-0.74 0.46 -0.96 -500.27 -273.18 -342.64
-0.55 0.34 -1.03 -500.27 -252.49 -340.20
-0.41 0.24 -1.03 -500.27 -224.70 -335.57
-0.43 0.11 -0.98 -500.27 -204.06 -311.77
-0.39 -0.17 -0.90 -481.86 -178.43 -272.53
-0.35 -0.32 -0.84 -420.14 -150.87 -237.04
-0.42 -0.38 -0.75 -362.35 -129.16 -209.63
-0.51 -0.39 -0.68 -314.11 -113.86 -193.53
-0.55 -0.33 -0.61 -280.37 -104.43 -183.25
-0.58 -0.27 -0.56 -260.79 -99.86 -182.15
-0.58 -0.31 -0.52 -245.34 -95.71 -175.36
-0.53 -0.42 -0.53 -219.89 -86.82 -164.67
-0.51 -0.49 -0.48 -184.75 -78.34 -141.39
-0.47 -0.66 -0.31 -115.59 -96.61 -98.92
-0.49 -0.55 -0.48 -78.23 -68.58 -57.42
-0.39 -0.62 -0.52 -35.86 -64.64 -32.47
-0.43 -0.37 -0.49 -28.09 -50.53 -14.79
-0.37 -0.23 -0.47 -42.32 -45.98 -19.27
-0.39 -0.36 -0.51 -61.73 -43.39 -36.60
-0.31 -0.44 -0.49 -83.77 -36.38 -50.09
-0.24 -0.74 -0.56 -81.10 -28.12 -53.13
-0.20 -0.91 -0.53 -59.86 -16.67 -43.57
-0.19 -0.98 -0.51 -33.27 -7.10 -32.90
-0.23 -0.92 -0.46 -13.59 0.35 -24.76
-0.26 -0.83 -0.43 -3.45 3.63 -16.82
-0.26 -0.79 -0.41 1.31 5.24 -10.96
-0.26 -0.78 -0.40 0.81 5.68 -8.35
-0.22 -0.81 -0.41 -0.44 8.73 -6.90
-0.20 -0.88 -0.42 0.17 14.05 -7.10
-0.25 -0.89 -0.35 -1.25 13.89 -7.94
-0.26 -0.91 -0.33 0.85 14.90 -8.76
