0.19 -1.38 0.30 108.28 -22.52 -69.88
0.13 -1.41 0.33 121.43 -23.53 -78.24
0.04 -1.53 0.32 146.16 -27.86 -75.87
-0.02 -1.57 0.26 182.19 -34.44 -65.15
-0.01 -1.43 0.17 214.07 -39.60 -52.92
0.02 -1.32 0.05 242.11 -44.02 -41.43
0.11 -1.13 -0.10 250.13 -43.35 -35.76
0.20 -0.94 -0.26 250.13 -36.32 -38.27
0.23 -0.79 -0.41 250.13 -27.02 -39.12
0.23 -0.64 -0.56 250.13 -13.18 -42.21
0.18 -0.49 -0.67 250.13 0.94 -45.55
0.23 -0.44 -0.83 250.13 19.64 -42.95
0.19 -0.40 -0.98 250.13 45.50 -33.44
0.06 -0.40 -1.08 250.13 67.11 -20.34
0.01 -0.26 -1.20 250.13 86.89 -6.79
0.02 -0.09 -1.36 250.13 110.09 10.25
0.09 0.04 -1.51 250.13 136.73 28.69
0.11 0.20 -1.60 250.13 164.63 32.57
0.07 0.34 -1.62 250.13 188.57 21.05
0.05 0.75 -1.58 250.13 208.76 2.63
-0.06 0.94 -1.42 248.24 220.84 -17.69
-0.09 1.02 -1.26 201.34 229.38 -31.74
-0.13 0.74 -1.11 171.76 237.54 -40.05
-0.19 0.43 -0.86 164.09 247.15 -48.60
-0.37 0.43 -0.73 161.18 250.13 -32.50
-0.64 0.12 -0.14 198.40 250.13 -29.21
-0.37 0.85 0.03 193.84 250.13 -9.86
-0.96 0.70 0.74 187.31 250.13 15.95
-1.12 0.65 1.20 197.95 250.13 48.98
-1.88 0.32 1.91 221.23 250.13 75.29
-1.90 0.35 2.00 250.13 250.13 79.50
-2.00 0.84 2.00 247.63 250.13 68.02
-2.00 1.15 2.00 232.83 250.13 56.65
-1.93 1.40 2.00 211.83 212.73 50.76
-1.84 1.68 2.00 171.18 163.61 40.44
-1.55 1.80 2.00 113.92 121.41 38.25
-1.36 1.55 2.00 68.36 80.89 30.21
-1.07 1.39 2.00 23.54 48.37 21.61
-0.87 1.11 2.00 -9.55 22.20 15.85
-0.74 0.83 2.00 -27.63 3.29 16.22
-0.78 0.55 2.00 -36.14 -15.59 16.69
-0.82 0.51 2.00 -45.62 -33.39 14.99
-0.87 0.55 2.00 -65.17 -51.24 10.79
-0.95 0.52 2.00 -88.21 -74.38 2.90
-0.92 0.45 1.95 -107.34 -96.77 -4.56
-0.92 0.42 1.83 -124.50 -114.95 -9.33
-0.89 0.41 1.69 -140.16 -127.73 -16.62
-0.91 0.55 1.56 -170.02 -141.08 -33.27
-0.94 0.72 1.44 -215.98 -156.40 -59.66
-0.91 0.67 1.26 -250.14 -172.30 -82.12
-0.92 0.53 1.11 -250.14 -189.60 -96.24
-0.87 0.48 0.93 -250.14 -205.11 -103.98
-0.85 0.57 0.76 -250.14 -219.99 -116.28
-0.91 0.79 0.60 -250.14 -241.36 -143.97
-0.88 0.93 0.43 -250.14 -250.14 -166.32
-0.72 0.76 0.19 -250.14 -250.14 -178.09
-0.53 0.70 -0.03 -250.14 -250.14 -186.29
-0.42 0.80 -0.22 -250.14 -250.14 -192.24
-0.26 0.89 -0.45 -250.14 -250.14 -194.07
-0.12 0.94 -0.64 -250.14 -250.14 -197.13
0.12 0.79 -0.86 -250.14 -250.14 -182.20
0.31 0.60 -0.99 -250.14 -250.14 -162.11
0.57 0.36 -1.09 -250.14 -234.73 -136.61
0.63 -0.02 -1.06 -250.14 -197.75 -94.82
0.61 -0.40 -0.95 -250.14 -165.59 -49.33
0.63 -0.64 -0.88 -250.14 -125.19 1.83
0.46 -0.61 -0.72 -250.14 -98.40 39.60
0.27 -0.58 -0.63 -242.44 -83.96 60.31
0.11 -0.60 -0.53 -205.48 -79.95 71.56
0.17 -0.70 -0.55 -173.82 -75.12 72.39
0.28 -0.81 -0.59 -148.31 -63.51 70.88
0.37 -0.88 -0.62 -129.56 -41.04 70.13
0.12 -1.00 -0.48 -117.16 -25.54 64.06
-0.04 -1.22 -0.37 -101.63 -22.61 62.62
-0.00 -1.38 -0.35 -76.15 -17.96 63.94
0.05 -1.38 -0.35 -57.20 -7.89 63.73
0.04 -1.45 -0.29 -40.11 -0.36 60.30
0.06 -1.47 -0.23 -24.47 3.66 50.07
0.16 -1.37 -0.23 -17.55 8.38 30.57
0.21 -1.31 -0.22 -15.66 14.16 11.76
0.21 -1.26 -0.22 -8.44 18.91 7.04
0.11 -1.15 -0.17 -0.79 18.75 10.65
0.03 -1.10 -0.11 4.90 13.00 19.44
0.14 -1.15 -0.14 12.61 9.53 26.89
0.25 -1.21 -0.22 20.02 12.18 29.98
0.09 -1.17 -0.07 19.87 14.57 26.01
0.18 -1.06 -0.12 12.09 21.66 16.69
0.15 -1.11 -0.07 6.64 21.89 6.87
0.07 -1.17 -0.04 6.21 19.45 4.58
0.06 -1.20 -0.04 13.73 15.44 9.66
0.07 -1.16 -0.05 20.46 10.85 12.02
0.11 -1.03 -0.06 16.63 7.30 9.78
0.15 -0.97 -0.09 8.15 6.27 8.27
0.17 -1.00 -0.10 3.34 7.59 9.66
0.15 -1.06 -0.08 2.52 5.92 10.80
0.17 -1.08 -0.12 3.20 5.49 8.58
0.20 -1.09 -0.13 0.62 5.82 2.24
0.22 -1.15 -0.14 3.84 8.02 -2.73
0.20 -1.19 -0.13 11.85 9.93 -4.01
0.21 -1.16 -0.13 20.99 12.17 -4.53
