-0.13 -0.89 -0.26 25.34 9.60 26.34
-0.10 -0.93 -0.33 39.40 8.15 37.45
0.00 -0.91 -0.47 58.38 10.20 53.68
0.07 -0.99 -0.57 80.02 18.76 72.69
0.15 -1.03 -0.69 116.44 19.77 92.70
0.21 -0.98 -0.87 152.84 29.97 111.30
0.24 -0.94 -0.98 190.47 41.66 132.82
0.25 -0.94 -1.06 233.88 51.04 160.40
0.24 -0.98 -1.13 286.69 57.60 193.54
0.34 -0.98 -1.24 342.43 67.63 225.10
0.34 -0.91 -1.31 396.14 84.05 250.41
0.33 -0.73 -1.38 434.05 103.79 259.22
0.22 -0.47 -1.37 448.66 121.53 248.23
0.06 -0.28 -1.32 447.85 134.32 229.11
-0.00 -0.07 -1.31 438.56 150.05 208.81
-0.02 0.16 -1.25 422.53 173.02 188.63
-0.05 0.31 -1.29 409.50 203.24 172.18
-0.25 0.54 -1.22 385.57 228.70 167.88
-0.40 0.39 -1.12 393.44 239.16 175.33
-0.44 0.41 -1.11 415.79 252.69 191.48
-0.54 0.52 -1.12 438.29 262.53 211.13
-0.62 0.66 -1.16 454.99 268.69 225.60
-0.83 0.82 -1.11 458.09 263.48 223.77
-0.99 0.92 -1.08 453.48 253.24 213.65
-1.26 1.04 -0.95 438.85 222.87 178.93
-1.23 0.96 -0.95 429.59 210.21 175.42
-1.06 0.84 -1.09 440.64 213.74 171.50
-0.99 0.83 -1.18 461.82 233.34 182.82
-1.10 0.85 -1.34 484.67 248.47 181.82
-1.22 1.17 -1.46 485.39 261.16 148.43
-1.36 1.47 -1.62 459.37 280.50 95.85
-1.58 1.73 -1.72 414.50 304.08 30.31
-1.87 1.98 -1.64 349.95 329.65 -36.82
-2.24 2.00 -1.46 286.89 349.57 -91.97
-2.81 2.04 -1.00 231.08 347.10 -134.02
-3.06 2.01 -0.56 186.70 314.84 -136.02
-3.12 1.94 -0.14 159.45 269.63 -125.53
-2.92 2.01 0.21 142.98 225.76 -101.05
-2.74 2.08 0.45 128.92 185.97 -63.76
-2.59 2.14 0.60 108.15 148.75 -30.46
-2.56 2.23 0.72 67.88 106.67 -0.99
-2.58 1.98 0.78 27.74 58.99 18.43
-2.57 1.63 0.73 -12.47 6.21 40.12
-2.43 1.17 0.58 -43.54 -42.95 54.60
-2.17 0.68 0.35 -59.66 -79.15 63.08
-1.89 0.35 0.17 -67.19 -96.38 59.94
-1.67 0.16 0.02 -75.65 -102.72 41.59
-1.55 0.05 -0.06 -85.25 -106.12 10.35
-1.49 -0.01 -0.10 -89.50 -104.75 -16.95
-1.51 0.04 -0.09 -87.86 -105.97 -35.76
-1.56 0.23 -0.09 -87.21 -106.78 -44.35
-1.64 0.51 -0.08 -93.40 -110.58 -42.06
-1.71 0.75 -0.06 -109.42 -120.84 -38.95
-1.75 0.95 -0.08 -136.24 -133.56 -40.75
-1.77 1.05 -0.10 -168.29 -148.50 -47.50
-1.74 0.97 -0.19 -193.10 -160.46 -51.83
-1.74 0.85 -0.25 -208.23 -169.31 -60.38
-1.70 0.84 -0.32 -222.78 -177.05 -75.28
-1.67 0.81 -0.38 -237.59 -181.88 -97.18
-1.63 0.84 -0.44 -253.69 -184.55 -123.25
-1.60 0.90 -0.50 -268.96 -184.82 -146.82
-1.65 1.02 -0.55 -287.47 -185.76 -167.89
-1.76 1.14 -0.52 -313.36 -194.67 -191.05
-1.80 1.18 -0.48 -346.69 -212.52 -227.30
-1.67 1.24 -0.55 -383.60 -225.13 -264.82
-1.68 1.16 -0.56 -412.38 -231.22 -286.23
-1.65 1.04 -0.53 -433.40 -244.05 -314.82
-1.66 1.08 -0.49 -463.18 -256.73 -342.41
-1.71 0.85 -0.46 -480.63 -269.80 -357.02
-1.63 0.74 -0.39 -489.51 -286.46 -376.05
-1.36 0.54 -0.51 -490.70 -290.18 -385.31
-1.09 0.28 -0.56 -465.28 -277.07 -368.27
-1.08 0.22 -0.58 -431.16 -261.07 -332.40
-0.88 0.29 -0.60 -419.30 -248.38 -325.74
-0.62 0.14 -0.70 -413.34 -227.27 -324.12
-0.46 0.07 -0.74 -395.42 -205.85 -311.54
-0.34 -0.09 -0.75 -360.40 -183.57 -309.62
-0.43 -0.04 -0.66 -327.85 -178.34 -290.73
-0.51 -0.05 -0.62 -296.47 -177.59 -264.73
-0.52 -0.14 -0.62 -260.21 -182.14 -236.63
-0.40 -0.19 -0.66 -219.31 -182.76 -208.89
-0.22 -0.16 -0.80 -179.24 -179.76 -179.60
-0.08 -0.03 -0.91 -148.15 -173.97 -153.95
0.04 0.07 -0.96 -130.50 -171.42 -134.34
0.23 0.06 -1.04 -113.21 -165.16 -115.28
0.41 0.03 -1.13 -96.26 -149.63 -95.73
0.46 -0.03 -1.12 -84.23 -133.51 -78.73
0.55 -0.06 -1.13 -79.25 -115.71 -67.60
0.49 -0.13 -1.11 -79.68 -101.24 -61.66
0.41 -0.36 -0.98 -77.98 -89.47 -54.26
0.38 -0.63 -0.93 -60.34 -78.53 -42.99
0.34 -0.70 -0.89 -44.11 -63.10 -34.92
0.21 -0.64 -0.82 -42.89 -54.21 -34.00
0.20 -0.62 -0.76 -47.48 -41.15 -24.58
0.16 -0.70 -0.69 -53.15 -26.58 -15.44
0.07 -0.89 -0.58 -51.42 -15.97 -6.37
-0.07 -1.02 -0.48 -44.24 -11.13 -1.74
-0.13 -1.15 -0.39 -32.82 -11.30 0.50
-0.12 -1.19 -0.37 -18.93 -6.76 2.05
-0.17 -1.13 -0.33 -8.75 -3.71 3.79
