0.11 -0.96 -0.16 -21.59 -21.60 -7.45
0.10 -0.93 -0.16 -26.00 -22.18 -9.15
0.09 -0.91 -0.15 -31.08 -23.98 -11.01
0.01 -0.86 -0.12 -51.88 -20.81 -16.63
0.02 -1.31 -0.21 -49.94 -38.49 -10.21
0.08 -1.06 -0.14 -37.04 -36.64 -7.95
0.01 -1.09 -0.13 -31.01 -41.73 -6.90
0.14 -1.12 -0.21 -23.91 -39.02 -3.50
0.19 -1.20 -0.23 -9.53 -37.11 0.58
0.25 -1.21 -0.26 2.81 -31.42 0.12
0.25 -1.27 -0.27 18.09 -25.53 1.30
0.25 -1.30 -0.29 39.37 -21.95 7.24
0.28 -1.40 -0.27 70.35 -14.50 15.95
0.22 -1.46 -0.22 109.33 -11.02 27.80
0.23 -1.46 -0.23 150.90 -10.73 34.38
0.30 -1.35 -0.30 184.99 -6.93 33.86
0.32 -1.23 -0.35 206.52 4.52 29.01
0.30 -1.15 -0.36 221.08 17.80 23.34
0.18 -1.13 -0.31 236.84 26.40 19.83
0.13 -1.14 -0.28 260.12 34.70 24.93
0.09 -1.18 -0.22 289.10 44.34 32.89
0.09 -1.24 -0.18 324.32 56.00 48.24
0.14 -1.28 -0.20 365.22 73.24 65.71
0.17 -1.21 -0.25 405.16 91.59 79.02
0.19 -1.06 -0.34 437.07 106.84 88.96
0.11 -0.85 -0.43 456.58 119.71 88.29
0.08 -0.59 -0.38 454.35 118.58 81.25
0.06 -0.57 -0.42 454.41 136.87 95.89
0.11 -0.59 -0.38 462.66 155.18 109.27
0.08 -0.64 -0.35 477.88 170.21 118.38
0.06 -0.55 -0.27 490.70 183.71 124.24
-0.03 -0.46 -0.31 500.26 187.47 123.31
-0.17 -0.24 -0.28 500.26 181.76 119.10
-0.14 0.19 -0.29 486.24 172.89 117.40
-0.09 0.44 -0.27 451.25 167.86 111.04
-0.11 0.54 -0.17 413.18 167.47 109.74
-0.16 0.49 -0.06 381.48 170.44 108.96
-0.19 0.33 0.05 367.05 176.38 126.41
-0.19 0.19 0.08 367.28 181.22 132.14
-0.35 0.37 0.07 352.55 170.67 102.26
-0.61 0.87 0.14 300.61 142.79 41.31
-0.64 1.13 0.20 231.34 118.70 -8.12
-0.68 1.19 0.28 169.95 111.04 -23.94
-0.82 1.04 0.46 130.98 106.56 -5.36
-0.80 0.79 0.54 117.69 105.01 19.85
-0.83 0.57 0.55 112.90 99.65 30.09
-0.62 0.46 0.52 108.96 96.32 26.37
-0.47 0.41 0.50 105.37 107.50 16.06
-0.52 0.46 0.55 96.12 112.52 6.55
-0.60 0.41 0.61 89.88 115.27 1.62
-0.69 0.31 0.75 93.42 111.45 9.36
-0.66 0.38 0.74 97.69 109.40 11.63
-0.68 0.55 0.72 85.31 100.93 0.85
-0.69 0.56 0.74 70.78 100.81 -13.33
-0.77 0.64 0.77 52.40 83.44 -26.49
-0.68 0.61 0.75 29.04 78.69 -47.80
-0.84 0.57 0.84 8.95 76.69 -60.37
-0.84 0.43 0.91 -2.99 69.76 -69.19
-0.87 0.22 1.00 3.39 67.73 -60.95
-0.85 0.24 1.00 18.49 69.10 -53.42
-0.96 0.55 0.99 12.02 63.28 -56.95
-1.03 0.73 1.00 -8.56 52.75 -62.31
-1.09 0.75 1.05 -28.93 40.72 -61.68
-1.08 0.68 1.08 -45.47 28.38 -60.41
-1.04 0.61 1.09 -60.17 17.65 -61.73
-0.99 0.54 1.07 -73.92 9.53 -65.94
-1.04 0.38 1.10 -78.90 4.82 -66.03
-1.18 0.21 1.19 -63.71 -7.31 -47.04
-1.10 0.21 1.16 -47.01 -12.79 -29.45
-1.05 0.34 1.11 -40.60 -18.46 -22.64
-1.07 0.47 1.04 -51.39 -25.19 -29.04
-1.11 0.61 1.00 -79.83 -41.73 -49.95
-1.05 0.61 0.94 -110.95 -56.93 -69.33
-0.93 0.46 0.90 -129.50 -63.89 -80.35
-0.83 0.32 0.86 -137.05 -66.18 -83.34
-0.78 0.17 0.83 -136.26 -59.54 -83.40
-0.88 0.13 0.86 -130.79 -59.30 -83.33
-1.02 0.17 0.89 -128.82 -68.70 -81.51
-0.98 0.21 0.84 -131.54 -76.00 -80.96
-0.97 0.25 0.79 -142.98 -82.95 -85.36
-0.92 0.31 0.72 -163.80 -86.08 -99.07
-0.94 0.41 0.68 -193.42 -101.15 -119.56
-0.90 0.38 0.60 -223.05 -105.89 -123.97
-0.75 0.22 0.58 -240.53 -98.14 -108.61
-0.84 -0.00 0.62 -236.44 -99.22 -90.21
-0.87 -0.17 0.66 -223.27 -105.19 -79.47
-0.94 -0.15 0.65 -219.88 -120.61 -87.01
-0.85 -0.03 0.52 -234.76 -135.86 -106.26
-0.75 0.01 0.43 -255.24 -146.14 -121.48
-0.65 -0.03 0.40 -273.60 -152.32 -133.25
-0.58 -0.07 0.33 -289.74 -151.59 -128.92
-0.66 -0.11 0.34 -301.73 -159.22 -118.72
-0.64 -0.23 0.31 -302.56 -166.11 -109.34
-0.59 -0.38 0.31 -298.00 -170.32 -104.64
-0.51 -0.32 0.21 -300.67 -172.44 -109.85
-0.52 -0.28 0.17 -313.27 -179.33 -118.41
-0.30 -0.26 0.14 -328.93 -185.71 -139.92
-0.17 -0.46 0.04 -340.09 -180.60 -144.95
-0.17 -0.65 0.09 -331.95 -180.40 -146.18
-0.22 -0.71 0.10 -314.20 -187.39 -140.52
