0.10 -0.99 -0.11 -16.92 -6.76 10.06
0.11 -1.03 -0.09 -15.22 -7.65 9.98
0.12 -1.07 -0.10 -12.37 -6.92 10.06
0.11 -1.08 -0.11 -9.79 -6.69 10.03
0.10 -1.12 -0.10 -7.04 -6.23 11.80
0.08 -1.15 -0.09 -2.95 -6.11 11.54
0.04 -1.20 -0.07 1.63 -9.22 13.60
0.01 -1.31 -0.06 10.81 -12.40 14.78
0.04 -1.41 -0.03 24.72 -13.47 17.16
0.09 -1.48 -0.06 41.02 -14.87 16.58
0.06 -1.48 -0.06 60.32 -12.52 19.79
0.05 -1.52 -0.06 81.45 -10.47 26.29
0.04 -1.53 -0.07 105.83 -8.73 35.73
0.05 -1.54 -0.07 131.71 -7.02 46.32
0.08 -1.51 -0.09 156.85 -5.02 52.00
0.12 -1.46 -0.13 180.08 -1.01 57.83
0.15 -1.44 -0.14 205.30 2.08 60.49
0.16 -1.43 -0.15 226.41 9.79 53.56
0.18 -1.39 -0.19 252.15 20.05 59.07
0.19 -1.29 -0.21 276.37 35.65 65.04
0.09 -1.28 -0.17 305.25 50.08 90.35
0.09 -1.23 -0.20 340.82 60.23 112.43
0.11 -0.94 -0.23 361.76 69.94 124.09
0.12 -0.67 -0.27 365.89 74.17 122.99
0.15 -0.47 -0.29 358.75 74.56 117.71
0.15 -0.34 -0.28 347.22 73.37 108.63
0.14 -0.23 -0.27 335.88 71.19 89.68
0.10 -0.13 -0.18 308.84 70.99 78.67
0.07 -0.23 -0.12 293.22 75.82 79.11
-0.04 -0.43 -0.01 293.30 76.60 82.52
-0.05 -0.55 0.05 304.52 83.10 83.83
-0.06 -0.46 0.08 298.41 83.39 82.85
-0.05 -0.39 0.09 303.74 90.58 91.77
-0.06 -0.36 0.10 311.60 98.31 103.39
-0.11 -0.36 0.11 322.17 105.33 109.28
-0.31 -0.35 0.13 334.40 103.74 117.71
-0.35 -0.27 0.11 347.10 99.85 124.41
-0.24 -0.24 0.02 364.85 104.52 150.72
-0.16 -0.02 -0.04 370.20 111.89 160.05
-0.16 0.30 -0.04 350.17 118.40 150.75
-0.11 0.47 -0.01 313.65 118.17 119.05
-0.33 0.50 0.03 273.28 117.51 86.17
-0.61 0.46 0.15 239.89 97.85 49.05
-0.68 0.34 0.25 215.73 85.68 30.02
-0.59 0.23 0.26 209.77 80.02 9.47
-0.54 0.37 0.24 208.11 80.85 -7.39
-0.64 0.72 0.28 194.47 80.12 -15.33
-0.60 0.99 0.33 165.74 78.78 -12.55
-0.62 0.99 0.42 133.54 76.46 -7.65
-0.51 0.82 0.48 109.47 82.14 -5.22
-0.62 0.71 0.54 89.48 85.33 -15.21
-0.76 0.66 0.59 68.29 77.59 -34.17
-0.80 0.55 0.65 50.66 67.18 -53.54
-0.73 0.43 0.75 43.39 64.34 -58.87
-0.76 0.42 0.81 43.02 61.59 -65.19
-0.78 0.49 0.84 40.67 60.69 -63.22
-0.74 0.56 0.85 35.80 60.21 -54.66
-0.72 0.56 0.86 31.53 60.87 -38.63
-0.67 0.58 0.88 27.34 67.89 -19.54
-0.81 0.50 0.93 26.40 69.34 -12.15
-0.85 0.53 1.02 22.44 65.21 -10.05
-0.93 0.45 1.07 16.52 56.78 -26.40
-0.95 0.47 1.09 10.63 46.53 -43.11
-1.05 0.52 1.13 2.72 33.63 -50.29
-1.07 0.60 1.14 -4.92 21.02 -47.22
-1.05 0.64 1.13 -14.76 10.87 -38.84
-1.08 0.64 1.13 -24.23 1.18 -26.78
-1.07 0.59 1.12 -30.99 -6.92 -15.94
-1.06 0.53 1.10 -36.14 -14.31 -9.30
-1.04 0.45 1.09 -38.81 -21.25 -7.04
-1.05 0.41 1.05 -39.77 -28.60 -9.13
-1.05 0.43 1.03 -44.99 -38.29 -18.49
-1.03 0.51 0.98 -57.02 -49.04 -31.18
-0.99 0.51 0.93 -70.24 -57.82 -38.02
-1.02 0.44 0.94 -77.88 -67.92 -34.79
-0.91 0.38 0.90 -79.16 -73.10 -24.27
-0.80 0.41 0.84 -83.10 -73.63 -18.67
-0.76 0.47 0.78 -93.50 -74.12 -20.21
-0.72 0.53 0.75 -111.94 -73.98 -25.18
-0.71 0.56 0.68 -134.87 -76.60 -40.26
-0.71 0.54 0.67 -160.76 -79.51 -54.63
-0.74 0.47 0.67 -186.14 -84.31 -73.22
-0.77 0.35 0.68 -202.72 -91.71 -81.04
-0.76 0.19 0.68 -209.18 -96.37 -77.53
-0.79 0.07 0.71 -204.76 -102.63 -62.53
-0.69 0.04 0.65 -198.21 -102.85 -46.35
-0.60 0.11 0.58 -201.33 -100.40 -35.82
-0.57 0.11 0.55 -211.36 -99.19 -36.38
-0.51 0.03 0.50 -225.74 -100.06 -47.10
-0.46 -0.10 0.52 -239.73 -103.34 -74.06
-0.40 -0.17 0.47 -250.53 -105.22 -105.83
-0.34 -0.16 0.47 -259.69 -103.05 -119.69
-0.35 -0.17 0.45 -265.28 -95.88 -115.98
-0.41 -0.17 0.46 -267.56 -95.25 -110.76
-0.41 -0.18 0.39 -270.64 -97.24 -106.72
-0.41 -0.24 0.36 -271.82 -97.86 -97.71
-0.43 -0.28 0.37 -273.54 -102.58 -90.24
-0.40 -0.37 0.32 -270.41 -106.41 -86.69
-0.33 -0.39 0.28 -267.37 -109.44 -87.25
-0.16 -0.37 0.19 -267.19 -105.98 -96.50
