-0.26 -0.89 -0.06 7.74 -1.22 9.07
-0.25 -0.90 -0.07 11.01 -1.44 12.49
-0.24 -0.91 -0.07 16.21 -2.23 16.53
-0.22 -0.92 -0.10 22.63 -3.31 21.68
-0.19 -0.93 -0.13 31.54 -3.86 27.66
-0.15 -0.93 -0.16 41.66 -4.00 33.53
-0.06 -0.94 -0.21 53.89 2.02 40.47
-0.04 -0.93 -0.24 68.38 3.34 51.01
0.04 -0.94 -0.34 84.58 13.31 63.54
0.16 -0.98 -0.42 107.18 23.28 84.67
0.22 -1.00 -0.53 131.51 40.31 109.40
0.27 -1.04 -0.59 166.18 49.48 114.81
0.34 -0.87 -0.72 189.86 68.34 125.66
0.33 -0.66 -0.80 203.83 85.86 134.53
0.31 -0.57 -0.85 213.21 102.35 144.96
0.35 -0.49 -0.93 220.35 121.08 155.48
0.34 -0.46 -0.98 226.63 143.28 163.56
0.32 -0.43 -1.02 233.57 165.15 166.47
0.27 -0.34 -1.05 236.67 190.41 162.93
0.19 -0.23 -1.08 233.24 216.82 153.79
0.10 -0.09 -1.09 222.23 243.94 141.19
0.02 -0.02 -1.13 206.46 273.51 126.90
-0.15 0.01 -1.11 196.61 300.98 122.00
-0.29 0.00 -1.12 200.70 327.13 136.09
-0.48 0.01 -1.09 215.01 345.71 161.25
-0.65 0.06 -1.10 234.99 358.21 192.64
-0.72 0.14 -1.12 251.80 367.39 221.66
-0.77 0.13 -1.16 268.02 376.76 239.92
-0.85 0.20 -1.21 281.27 384.18 245.62
-0.90 0.30 -1.25 286.18 390.41 244.38
-0.98 0.39 -1.29 284.23 394.21 236.75
-1.09 0.44 -1.34 284.95 393.04 226.20
-1.17 0.56 -1.42 283.85 395.36 221.22
-1.33 0.65 -1.46 285.25 396.05 223.13
-1.42 0.79 -1.57 287.24 399.11 227.77
-1.60 0.88 -1.62 294.55 403.74 236.96
-1.78 1.04 -1.66 299.31 399.71 244.58
-1.97 1.21 -1.69 293.97 396.29 235.85
-2.14 1.28 -1.64 274.40 383.95 210.21
-2.26 1.32 -1.53 238.70 369.02 164.41
-2.38 1.27 -1.38 190.96 346.92 104.00
-2.45 1.16 -1.18 138.61 322.53 40.82
-3.05 0.93 0.25 95.30 285.95 -11.33
-2.58 0.92 -0.59 57.45 257.24 -41.85
-2.62 0.83 -0.31 33.51 217.98 -61.11
-2.73 0.78 -0.09 18.55 170.34 -70.95
-2.83 0.82 0.09 1.62 118.89 -67.40
-2.86 0.86 0.15 -21.40 66.05 -53.01
-2.84 0.72 0.17 -39.66 14.08 -31.19
-2.83 0.50 0.20 -48.53 -38.32 -3.27
-2.82 0.33 0.19 -53.92 -95.40 19.10
-2.61 0.14 0.05 -56.73 -143.44 30.35
-2.40 -0.00 -0.14 -58.81 -181.18 34.11
-2.17 -0.09 -0.34 -63.88 -206.78 27.82
-1.96 -0.21 -0.48 -69.71 -221.77 12.52
-1.81 -0.27 -0.57 -75.88 -230.73 -11.24
-1.67 -0.33 -0.63 -80.79 -234.24 -37.85
-1.56 -0.36 -0.68 -83.85 -231.37 -65.57
-1.55 -0.34 -0.69 -85.79 -228.34 -90.24
-1.58 -0.29 -0.66 -87.36 -226.43 -107.74
-1.67 -0.20 -0.61 -88.87 -229.39 -118.34
-1.70 -0.22 -0.64 -88.41 -239.21 -127.51
-1.78 0.05 -0.59 -99.33 -251.18 -125.07
-1.74 -0.05 -0.64 -97.57 -258.18 -122.15
-1.67 -0.01 -0.64 -92.40 -258.23 -110.38
-1.60 -0.02 -0.70 -84.34 -254.34 -98.08
-1.61 -0.02 -0.70 -74.44 -250.63 -89.28
-1.56 0.10 -0.70 -75.71 -247.95 -93.66
-1.51 0.29 -0.70 -96.75 -245.25 -108.53
-1.49 0.33 -0.73 -122.76 -242.17 -132.08
-1.61 0.47 -0.66 -159.65 -245.19 -179.02
-1.81 0.77 -0.55 -219.13 -262.55 -238.20
-1.92 0.84 -0.45 -283.83 -295.33 -288.08
-1.74 0.67 -0.49 -325.62 -323.15 -315.42
-1.40 0.30 -0.61 -328.76 -332.21 -311.47
-1.08 -0.06 -0.66 -293.30 -322.47 -275.48
-0.86 -0.27 -0.70 -238.08 -302.87 -223.21
-0.87 -0.24 -0.70 -183.76 -276.38 -182.05
-0.96 0.02 -0.55 -162.75 -257.65 -158.93
-1.17 0.09 -0.46 -157.77 -266.63 -150.21
-1.23 0.31 -0.39 -174.37 -282.78 -159.79
-1.36 0.34 -0.34 -204.20 -313.91 -178.92
-1.24 0.32 -0.32 -231.27 -343.94 -204.70
-0.96 0.06 -0.47 -238.63 -352.58 -208.14
-0.73 -0.23 -0.53 -211.16 -345.95 -185.28
-0.52 -0.47 -0.59 -158.72 -325.48 -139.53
-0.39 -0.52 -0.65 -103.19 -303.56 -89.88
-0.29 -0.44 -0.74 -65.66 -286.85 -58.78
-0.16 -0.19 -0.77 -63.98 -271.36 -55.74
-0.01 -0.14 -0.87 -81.16 -256.00 -66.29
0.21 -0.19 -0.94 -101.16 -230.76 -80.03
0.33 -0.30 -0.96 -116.09 -201.11 -91.65
0.35 -0.39 -0.92 -127.74 -172.72 -100.35
0.33 -0.56 -0.83 -130.11 -146.72 -100.61
0.29 -0.76 -0.74 -117.48 -126.23 -91.85
0.25 -0.89 -0.68 -94.35 -109.83 -76.93
0.21 -0.93 -0.61 -67.39 -96.93 -58.66
0.16 -0.93 -0.56 -45.02 -86.67 -42.43
0.15 -0.84 -0.53 -32.08 -76.55 -34.98
0.15 -0.79 -0.49 -29.33 -68.00 -31.83
