0.21 -1.20 -0.01 79.19 4.22 -27.00
0.19 -1.26 -0.01 97.18 4.80 -22.62
0.17 -1.24 0.00 116.97 4.21 -18.37
0.18 -1.18 -0.02 136.51 3.95 -16.00
0.19 -1.12 -0.03 151.17 5.18 -15.22
0.23 -1.06 -0.10 163.55 8.52 -16.80
0.20 -1.00 -0.10 172.56 10.89 -27.68
0.20 -0.91 -0.13 178.02 17.19 -34.53
0.20 -0.91 -0.16 184.73 23.26 -44.05
0.18 -0.90 -0.21 196.47 31.01 -50.60
0.16 -0.87 -0.27 212.27 39.20 -55.47
0.09 -0.81 -0.32 228.23 48.27 -59.49
0.05 -0.74 -0.39 244.68 58.66 -57.15
0.01 -0.67 -0.47 250.13 66.47 -44.38
0.05 -0.48 -0.59 250.13 77.36 -22.69
0.08 -0.28 -0.66 250.13 88.26 0.38
0.11 -0.03 -0.69 250.13 99.15 20.25
0.10 0.11 -0.72 250.13 109.44 30.56
0.02 0.12 -0.67 250.13 115.77 42.60
-0.00 0.04 -0.66 250.13 120.37 46.76
-0.01 0.16 -0.62 250.13 117.72 41.47
-0.16 -0.05 -0.57 250.13 114.82 25.62
-0.13 -0.01 -0.64 250.13 117.81 21.18
-0.36 0.28 -0.40 250.13 102.66 35.20
-0.29 0.34 -0.35 250.13 115.37 40.79
-0.05 0.41 -0.19 250.13 118.04 48.10
0.08 0.37 -0.01 250.13 134.27 58.40
0.20 0.36 0.13 241.51 162.35 55.21
0.13 0.37 0.32 222.47 198.49 41.79
-0.08 0.49 0.64 195.58 227.73 20.47
-0.47 0.45 1.04 174.12 240.08 15.96
-0.86 0.35 1.55 169.46 228.95 17.40
-0.89 0.45 1.82 163.06 216.40 24.39
-0.89 0.44 1.95 161.18 203.28 27.54
-0.88 0.66 2.00 153.09 181.12 29.75
-0.58 0.76 1.94 147.05 154.38 36.79
-0.75 0.59 2.00 134.65 133.79 27.31
-0.58 0.81 2.00 114.50 112.21 15.21
-0.42 1.10 2.00 50.50 125.75 -8.47
-0.76 0.75 2.00 11.91 122.79 -1.06
-0.72 0.70 2.00 15.20 78.42 22.66
-0.94 0.37 2.00 3.31 57.76 25.15
-0.84 0.43 2.00 -16.91 24.27 16.89
-1.00 0.32 2.00 -44.05 9.51 8.14
-1.05 0.28 2.00 -57.94 -22.65 3.45
-0.95 0.33 2.00 -83.34 -51.10 2.30
-0.82 0.21 2.00 -104.85 -76.74 -5.53
-0.67 0.10 2.00 -122.26 -94.73 -12.98
-0.60 0.04 1.90 -135.56 -107.40 -21.67
-0.62 0.10 1.79 -154.15 -122.68 -33.56
-0.52 0.10 1.63 -169.53 -134.00 -35.48
-0.48 0.04 1.50 -179.93 -139.83 -34.76
-0.46 0.07 1.39 -191.11 -142.23 -33.34
-0.47 0.08 1.28 -202.68 -146.28 -30.50
-0.48 0.04 1.14 -211.95 -152.39 -29.98
-0.47 0.09 1.01 -224.53 -155.22 -33.27
-0.64 0.12 0.97 -241.07 -173.90 -43.62
-0.31 0.36 0.67 -250.14 -166.54 -59.33
-0.71 0.46 0.73 -250.14 -197.06 -85.95
-0.63 0.81 0.46 -250.14 -207.12 -110.24
-0.65 0.91 0.28 -250.14 -228.31 -141.55
-0.39 0.77 -0.06 -250.14 -239.54 -151.48
-0.08 0.53 -0.37 -250.14 -234.33 -143.11
0.19 0.40 -0.60 -250.14 -216.22 -125.66
0.28 0.34 -0.71 -250.14 -194.39 -111.29
0.30 0.32 -0.75 -250.14 -174.19 -92.79
0.24 -0.00 -0.77 -250.14 -156.58 -59.87
0.20 -0.47 -0.68 -250.14 -137.34 -26.35
0.14 -0.70 -0.57 -250.14 -123.48 -12.42
0.15 -0.62 -0.51 -250.14 -112.46 -4.85
0.24 -0.71 -0.52 -250.14 -99.59 -3.55
0.27 -0.78 -0.48 -250.14 -88.31 -2.93
0.26 -0.86 -0.46 -218.16 -77.26 -7.77
0.12 -0.86 -0.40 -181.12 -75.65 -5.80
0.14 -0.90 -0.40 -140.66 -72.95 10.60
0.21 -0.85 -0.47 -104.34 -64.86 29.48
0.27 -0.79 -0.52 -83.11 -53.45 40.84
0.28 -0.79 -0.53 -72.85 -42.11 43.61
0.30 -0.91 -0.53 -68.79 -29.86 38.14
0.26 -1.09 -0.47 -60.97 -19.08 32.31
0.21 -1.27 -0.39 -43.03 -12.83 29.82
0.21 -1.22 -0.37 -27.90 -7.58 27.22
0.23 -1.12 -0.37 -22.73 -1.69 19.59
0.27 -1.16 -0.37 -18.93 3.90 16.73
0.32 -1.23 -0.35 -5.45 11.67 22.18
0.31 -1.18 -0.31 8.40 18.32 26.44
0.28 -1.01 -0.27 7.73 21.80 24.47
0.30 -0.99 -0.24 4.73 24.85 22.71
0.29 -1.03 -0.20 5.72 28.35 21.99
0.25 -1.05 -0.17 6.81 30.19 20.28
0.19 -1.07 -0.12 9.07 29.05 18.18
0.17 -1.10 -0.11 12.76 26.71 17.98
0.20 -1.09 -0.11 17.67 25.23 17.76
0.19 -0.96 -0.10 14.53 25.77 16.73
0.16 -0.94 -0.08 6.94 24.13 14.12
0.17 -0.99 -0.07 1.15 22.85 10.99
0.14 -0.99 -0.05 -2.59 20.10 8.73
0.11 -1.06 -0.05 -2.44 15.53 8.38
0.15 -1.12 -0.07 3.91 11.31 10.32
0.17 -1.06 -0.10 7.74 9.46 8.61
