-0.06 -0.98 -0.24 -8.60 -1.65 3.44
-0.06 -1.00 -0.22 -8.92 -2.47 3.77
-0.06 -1.00 -0.22 -7.50 -2.34 4.73
-0.07 -0.98 -0.23 -6.53 -2.78 4.24
-0.06 -0.96 -0.23 -8.53 -2.76 3.45
-0.07 -0.94 -0.23 -11.59 -3.15 2.63
-0.07 -0.91 -0.24 -15.11 -4.29 2.96
-0.05 -0.96 -0.23 -15.89 -3.60 3.33
-0.06 -0.96 -0.21 -16.21 -3.56 4.75
-0.05 -0.98 -0.22 -13.79 -3.28 6.03
-0.06 -0.96 -0.22 -12.50 -3.18 7.57
-0.05 -0.94 -0.23 -13.47 -3.33 7.59
-0.07 -0.94 -0.22 -14.61 -3.86 6.67
-0.06 -0.94 -0.22 -14.84 -4.49 7.25
-0.07 -0.96 -0.22 -13.73 -5.02 9.16
-0.07 -0.98 -0.22 -11.04 -5.22 11.45
-0.07 -0.98 -0.24 -8.11 -5.04 14.05
-0.09 -1.00 -0.22 -5.68 -5.37 16.34
-0.12 -1.05 -0.19 0.66 -7.10 21.15
-0.18 -1.10 -0.15 10.89 -11.15 25.98
-0.20 -1.20 -0.11 28.60 -16.76 34.06
-0.22 -1.27 -0.10 49.76 -22.78 42.12
-0.21 -1.37 -0.11 72.99 -28.50 44.87
-0.18 -1.37 -0.13 91.97 -32.15 44.05
-0.17 -1.39 -0.15 108.20 -35.24 40.03
-0.20 -1.41 -0.13 125.95 -39.53 37.57
-0.24 -1.48 -0.08 151.18 -45.59 40.50
-0.29 -1.46 -0.09 178.75 -52.92 43.45
-0.28 -1.46 -0.07 202.81 -60.31 46.31
-0.24 -1.43 -0.11 224.78 -64.64 48.06
-0.24 -1.38 -0.11 241.10 -68.53 47.92
-0.23 -1.38 -0.07 257.42 -72.38 48.70
-0.20 -1.32 -0.11 271.54 -73.97 47.48
-0.24 -1.35 -0.03 285.54 -77.19 49.91
-0.22 -1.32 -0.05 302.17 -79.89 49.01
-0.19 -1.21 -0.05 309.39 -81.83 46.00
-0.16 -1.22 -0.04 317.76 -81.79 39.31
-0.14 -1.16 -0.05 325.30 -79.16 34.00
-0.14 -1.05 -0.05 328.20 -77.37 27.25
-0.09 -0.91 -0.03 324.43 -74.50 19.42
-0.08 -0.83 -0.02 317.65 -71.56 12.55
-0.06 -0.78 0.04 315.39 -67.01 11.80
-0.03 -0.72 0.07 313.11 -61.85 12.12
-0.01 -0.67 0.10 310.37 -56.00 10.95
0.02 -0.55 0.12 300.08 -47.19 8.85
0.03 -0.43 0.16 280.50 -38.50 -0.08
0.02 -0.38 0.19 258.12 -28.75 -8.58
-0.02 -0.49 0.30 249.33 -21.45 -8.31
-0.13 -0.42 0.34 247.01 -19.83 -5.69
-0.05 -0.29 0.37 238.55 -17.76 -2.27
-0.05 -0.20 0.38 222.26 -14.26 -3.33
0.01 -0.23 0.40 209.48 -7.71 -5.13
-0.03 -0.17 0.44 192.20 -3.10 -13.44
-0.02 -0.22 0.48 179.11 2.35 -21.02
-0.07 -0.20 0.49 167.74 6.06 -29.39
-0.11 -0.25 0.55 162.85 8.18 -31.79
-0.09 -0.25 0.54 165.22 10.69 -30.14
-0.12 -0.16 0.55 162.34 10.52 -25.44
-0.08 -0.09 0.53 160.23 13.54 -16.08
-0.10 0.12 0.52 147.36 16.12 -7.98
-0.14 0.18 0.57 127.40 16.63 -3.85
-0.14 -0.00 0.63 126.87 19.59 8.56
-0.14 -0.06 0.64 129.82 20.84 13.77
-0.19 -0.05 0.68 127.28 18.34 10.27
-0.17 0.06 0.68 117.94 13.89 0.37
-0.09 0.19 0.62 101.15 14.50 -6.35
-0.11 0.34 0.61 80.70 15.02 -9.68
-0.13 0.45 0.63 56.24 16.67 -6.23
-0.12 0.52 0.63 28.31 19.83 -4.90
-0.12 0.48 0.64 0.67 23.44 -4.27
-0.21 0.29 0.72 -13.21 23.15 -3.47
-0.25 0.17 0.77 -14.73 20.85 -0.93
-0.27 0.12 0.78 -13.36 18.64 0.75
-0.27 0.06 0.78 -7.68 16.21 3.44
-0.22 0.02 0.77 2.70 16.38 7.62
-0.20 0.02 0.74 12.70 16.73 9.74
-0.21 0.13 0.74 14.61 15.33 11.04
-0.25 0.14 0.73 16.81 14.21 18.11
-0.21 0.12 0.70 20.70 16.26 27.08
-0.20 0.12 0.69 21.86 17.80 29.57
-0.18 0.09 0.67 22.50 19.66 25.95
-0.16 0.10 0.67 20.55 19.79 18.31
-0.12 0.13 0.63 18.24 21.62 10.95
-0.08 0.20 0.60 13.65 26.34 4.63
-0.07 0.26 0.59 5.45 33.54 -0.05
-0.13 0.23 0.61 -1.11 38.70 -1.08
-0.18 0.12 0.67 1.13 41.79 -0.20
-0.24 0.06 0.72 6.56 43.15 0.23
-0.28 0.05 0.74 12.89 41.66 -2.37
-0.28 0.07 0.73 20.53 39.80 -3.30
-0.27 0.17 0.73 25.88 39.07 -1.18
-0.22 0.27 0.69 25.83 40.87 2.56
-0.20 0.32 0.68 18.79 44.67 5.69
-0.23 0.28 0.70 9.48 48.32 3.88
-0.28 0.15 0.76 4.38 51.39 -2.17
-0.38 0.10 0.80 6.47 50.15 -8.58
-0.36 0.00 0.83 21.31 47.62 -10.92
-0.34 0.05 0.84 40.99 44.92 -4.08
-0.24 0.25 0.77 47.15 46.84 -0.11
-0.25 0.41 0.74 33.33 50.61 -2.85
