0.21 -1.10 -0.27 -1.77 -0.93 8.50
0.21 -1.14 -0.28 4.92 1.56 9.28
0.22 -1.17 -0.27 14.61 5.36 12.29
0.22 -1.18 -0.28 26.14 8.63 14.72
0.17 -1.21 -0.26 40.43 11.98 22.40
0.12 -1.34 -0.21 68.61 13.19 43.30
0.10 -1.39 -0.22 103.56 16.11 66.78
0.11 -1.41 -0.25 140.38 18.67 91.86
0.25 -1.39 -0.35 173.25 26.64 107.97
0.33 -1.35 -0.41 200.75 40.20 109.34
0.36 -1.29 -0.42 222.92 55.62 103.15
0.35 -1.22 -0.39 245.30 71.68 93.39
0.26 -1.14 -0.34 267.62 84.87 85.24
0.14 -1.05 -0.32 292.63 96.61 86.50
0.02 -1.03 -0.28 325.21 105.24 100.15
-0.05 -0.98 -0.29 364.95 108.99 120.50
-0.06 -0.80 -0.35 397.65 112.40 150.75
0.02 -0.64 -0.43 422.87 121.07 191.59
0.10 -0.49 -0.50 440.17 128.66 215.07
0.16 -0.25 -0.57 438.31 137.27 216.40
0.13 0.03 -0.52 411.18 141.37 192.73
0.14 0.08 -0.46 368.02 146.32 159.59
0.01 -0.16 -0.32 336.18 149.86 122.96
-0.20 -0.44 -0.15 324.76 149.07 94.55
-0.33 -0.64 -0.07 335.47 148.96 89.60
-0.34 -0.75 -0.08 364.81 153.53 105.63
-0.25 -0.60 -0.15 396.12 166.58 141.80
-0.20 -0.32 -0.19 418.70 179.31 175.57
-0.18 0.07 -0.25 421.33 181.59 180.38
-0.23 0.52 -0.25 395.63 177.27 161.77
-0.32 0.81 -0.19 348.73 171.69 131.22
-0.59 0.78 -0.04 299.89 158.50 99.21
-0.76 0.53 0.15 270.05 141.22 78.14
-0.64 0.34 0.20 261.89 137.27 68.15
-0.48 0.34 0.21 259.39 146.08 62.29
-0.42 0.49 0.21 247.45 158.00 56.60
-0.42 0.65 0.21 226.47 171.18 51.97
-0.58 0.81 0.27 197.33 177.62 40.95
-0.88 0.99 0.40 157.66 169.97 27.45
-1.05 0.99 0.49 117.82 157.88 18.46
-1.26 0.81 0.66 85.15 139.77 11.37
-1.31 0.56 0.80 67.22 121.83 -0.29
-1.32 0.45 0.91 55.95 107.11 -13.89
-1.29 0.42 0.97 47.65 95.18 -28.00
-1.29 0.43 1.02 38.34 87.45 -37.65
-1.34 0.48 1.10 27.68 84.05 -41.62
-1.56 0.43 1.16 26.50 71.79 -31.02
-1.61 0.58 1.23 17.31 59.27 -19.74
-1.72 0.60 1.25 6.84 43.28 -6.52
-1.73 0.58 1.27 -4.63 21.94 -4.35
-1.67 0.49 1.24 -13.80 1.88 -6.90
-1.57 0.39 1.18 -14.63 -12.58 -7.62
-1.50 0.44 1.10 -16.44 -24.98 -11.11
-1.45 0.54 1.03 -25.18 -38.95 -21.50
-1.41 0.63 0.96 -40.27 -53.71 -34.20
-1.35 0.64 0.89 -56.23 -66.78 -42.32
-1.29 0.61 0.81 -71.24 -78.18 -45.60
-1.20 0.56 0.76 -84.98 -87.68 -47.33
-1.11 0.52 0.70 -97.77 -94.50 -48.03
-1.04 0.46 0.65 -109.48 -98.15 -48.47
-1.02 0.39 0.64 -119.83 -101.31 -49.44
-1.02 0.29 0.62 -126.85 -105.79 -53.82
-1.04 0.23 0.61 -132.23 -113.40 -63.65
-1.04 0.22 0.55 -138.85 -123.02 -76.40
-1.07 0.31 0.55 -153.07 -138.82 -96.23
-1.02 0.32 0.51 -171.08 -155.07 -112.00
-0.89 0.26 0.48 -182.98 -163.56 -116.11
-0.77 0.17 0.44 -188.20 -164.20 -108.78
-0.65 0.07 0.39 -188.00 -158.98 -93.92
-0.53 0.03 0.35 -184.99 -147.44 -80.26
-0.55 0.10 0.31 -189.98 -139.19 -79.59
-0.67 0.28 0.30 -214.53 -145.57 -105.88
-0.70 0.29 0.27 -246.09 -159.31 -137.15
-0.68 0.10 0.28 -267.28 -172.31 -160.60
-0.60 -0.10 0.28 -273.73 -179.34 -169.76
-0.50 -0.19 0.26 -269.79 -178.29 -165.08
-0.45 -0.20 0.24 -263.21 -173.60 -146.99
-0.48 -0.17 0.18 -259.73 -170.96 -126.90
-0.60 -0.01 0.19 -266.64 -182.15 -115.88
-0.48 0.04 0.07 -284.24 -191.69 -119.45
-0.30 0.07 -0.02 -311.86 -196.75 -138.93
-0.08 -0.12 -0.10 -335.31 -196.14 -157.42
0.13 -0.40 -0.13 -339.86 -181.34 -163.62
0.14 -0.61 -0.10 -327.21 -162.18 -157.65
-0.00 -0.69 -0.03 -307.71 -153.08 -144.61
-0.09 -0.60 -0.02 -295.40 -152.29 -134.56
0.07 -0.52 -0.12 -287.94 -145.33 -125.51
0.09 -0.49 -0.15 -282.17 -136.64 -106.06
0.22 -0.65 -0.20 -272.40 -126.11 -90.90
0.32 -0.80 -0.19 -259.92 -114.46 -93.27
0.37 -0.94 -0.18 -242.89 -96.99 -86.92
0.39 -1.02 -0.15 -219.79 -80.24 -88.73
0.24 -1.06 -0.09 -194.89 -69.83 -84.29
0.13 -1.08 -0.07 -169.73 -65.45 -74.27
0.06 -1.03 -0.07 -145.80 -62.34 -55.54
0.09 -1.06 -0.10 -119.63 -57.42 -32.84
0.09 -1.02 -0.11 -97.19 -53.33 -14.55
0.14 -0.93 -0.16 -83.74 -50.26 -5.51
0.20 -0.90 -0.19 -77.94 -45.31 -3.48
0.23 -0.93 -0.20 -74.85 -40.85 -9.89
