-0.22 -1.03 -0.06 -8.35 1.56 -3.53
-0.22 -1.07 -0.06 -6.03 3.28 -3.63
-0.24 -1.09 -0.06 -2.03 3.71 -2.70
-0.24 -1.08 -0.04 1.83 3.40 -2.09
-0.24 -1.06 -0.05 4.85 3.33 -2.47
-0.23 -1.03 -0.05 6.75 2.99 -3.62
-0.23 -0.99 -0.04 5.63 4.37 -6.03
-0.23 -0.99 -0.04 2.37 1.56 -8.79
-0.20 -0.99 -0.05 3.04 1.45 -9.74
-0.19 -0.98 -0.05 5.53 1.01 -7.79
-0.17 -0.95 -0.05 8.82 1.74 -3.54
-0.16 -0.94 -0.06 9.47 0.72 -1.73
-0.14 -0.92 -0.06 9.13 0.89 -1.27
-0.11 -0.91 -0.08 7.05 1.33 -0.43
-0.07 -0.92 -0.11 5.44 2.37 -0.15
-0.07 -0.90 -0.11 5.66 3.76 1.68
-0.06 -0.89 -0.10 5.91 6.99 4.24
-0.04 -0.93 -0.11 5.47 8.89 7.21
-0.05 -0.94 -0.07 6.31 8.47 5.59
-0.04 -0.92 -0.07 5.59 13.39 8.21
-0.08 -0.96 -0.00 3.86 15.13 6.79
-0.19 -0.96 0.08 3.83 18.90 6.50
-0.36 -0.98 0.26 -0.56 11.48 3.21
-0.45 -0.93 0.41 -3.97 8.70 -1.10
-0.75 -0.85 0.64 -12.93 -1.16 -10.17
-0.99 -0.86 0.88 -21.02 -19.04 -19.10
-1.35 -0.66 1.15 -46.24 -37.80 -28.00
-1.75 -0.71 1.43 -76.73 -81.83 -39.08
-1.71 -0.86 1.41 -97.02 -115.48 -37.79
-1.72 -1.02 1.36 -100.76 -146.92 -37.22
-1.64 -1.01 1.28 -100.29 -168.69 -28.67
-1.97 -0.89 1.24 -99.04 -204.23 -35.11
-2.33 -0.54 1.33 -119.27 -250.49 -37.05
-2.74 -0.35 1.37 -149.74 -309.88 -42.00
-2.91 -0.45 1.26 -169.88 -361.42 -35.15
-3.12 -0.67 1.25 -174.41 -404.02 -36.96
-3.24 -1.05 1.12 -166.78 -452.17 -32.32
-3.19 -1.30 0.63 -126.53 -500.27 -37.33
-2.97 -1.19 -0.38 -87.28 -500.27 -45.57
-2.42 -0.54 -1.46 -53.60 -500.27 -22.26
-1.98 -0.32 -2.28 -59.47 -500.27 -8.08
-1.35 -0.23 -2.99 -74.75 -500.27 -7.40
-0.43 -0.59 -3.48 -89.44 -482.31 -15.22
0.30 -0.95 -3.72 -72.27 -437.82 -21.04
1.11 -1.18 -3.95 -34.03 -359.71 -3.98
1.59 -1.28 -4.00 1.08 -290.02 18.90
2.60 -1.06 -4.00 21.71 -172.14 51.22
2.39 -0.84 -3.90 12.85 -103.04 29.05
2.07 -0.82 -3.28 -24.27 -26.67 -7.31
1.75 -1.02 -2.75 -35.45 39.01 -20.78
1.11 -1.04 -1.95 -32.27 92.70 -20.79
0.26 -1.05 -1.03 -25.56 114.26 -24.73
-0.45 -1.08 -0.31 -20.53 111.19 -32.70
-0.88 -1.00 0.18 -19.57 85.44 -32.46
-0.96 -1.05 0.39 -14.52 60.09 -22.35
-1.00 -1.13 0.44 -2.12 40.27 -12.34
-0.99 -1.20 0.38 11.74 21.39 -5.82
-0.81 -1.29 0.15 20.99 4.49 -6.38
-0.59 -1.35 -0.21 27.04 -7.98 -10.63
-0.11 -1.53 -0.71 38.24 -5.25 -15.74
0.44 -1.75 -1.32 63.40 20.37 -21.42
0.81 -1.68 -1.81 89.57 57.42 -32.87
1.11 -1.45 -2.26 106.85 94.95 -40.82
1.38 -1.32 -2.67 112.53 149.83 -60.73
1.60 -1.00 -2.92 110.85 216.61 -66.20
1.48 -0.73 -3.02 108.49 281.50 -65.86
1.25 -0.56 -3.09 93.53 341.39 -62.60
1.11 -0.54 -3.09 92.63 409.02 -48.52
0.75 -0.48 -2.99 90.81 462.43 -37.18
0.31 -0.44 -2.81 93.86 500.26 -23.69
-0.36 -0.39 -2.46 98.96 500.26 -18.46
-0.92 -0.24 -2.10 89.59 500.26 -14.26
-1.50 -0.16 -1.72 73.34 500.26 -6.12
-2.54 -0.00 -0.78 39.24 486.55 -19.28
-2.81 -0.27 -0.16 9.97 418.85 -11.74
-2.79 -0.63 0.21 11.13 358.08 -9.50
-2.72 -0.67 0.52 16.64 321.24 -1.16
-2.88 -0.67 0.89 22.56 282.37 8.64
-3.03 -0.64 1.31 10.34 245.53 13.44
-2.90 -0.79 1.63 4.84 213.62 38.27
-2.56 -0.97 1.63 4.12 176.67 37.71
-2.52 -1.37 1.72 16.61 128.66 33.34
-2.27 -1.35 1.65 32.73 91.66 30.17
-1.88 -1.26 1.40 36.08 55.31 19.24
-1.49 -1.13 1.17 35.22 25.83 2.93
-1.15 -0.89 0.91 26.03 1.94 -5.82
-0.79 -0.71 0.67 12.60 -14.24 -5.53
-0.46 -0.79 0.46 9.91 -23.92 1.85
-0.18 -0.79 0.27 5.40 -27.21 3.48
0.03 -0.80 0.07 -1.37 -27.48 2.18
0.17 -0.84 -0.07 -5.94 -26.37 -4.34
0.24 -0.85 -0.19 -10.47 -23.73 -10.93
0.25 -0.90 -0.24 -9.69 -17.10 -8.24
0.23 -0.95 -0.26 -6.53 -9.51 -2.81
0.18 -0.99 -0.26 -3.08 -2.84 1.27
0.12 -0.97 -0.23 -2.50 2.20 0.63
-0.10 -1.02 -0.14 -8.58 1.98 -2.55
-0.05 -0.97 -0.09 -9.44 11.77 -0.09
-0.23 -1.05 0.01 -14.32 9.56 -1.36
-0.26 -1.09 0.07 -7.47 5.65 -0.75
