0.01 -1.01 0.12 1.13 2.87 4.03
0.03 -1.02 0.11 2.61 1.65 5.42
0.05 -1.03 0.08 5.08 1.50 6.41
0.07 -1.05 0.06 8.06 1.77 6.11
0.08 -1.06 0.05 12.21 1.69 6.47
0.10 -1.03 0.01 16.05 2.84 6.29
0.11 -0.97 -0.01 15.89 4.49 5.11
0.08 -0.90 -0.03 9.54 5.57 3.73
0.05 -0.90 -0.00 -0.99 6.78 3.45
0.03 -0.98 0.05 -7.77 6.90 2.64
0.05 -1.03 0.10 -8.78 8.00 2.55
0.04 -1.08 0.14 -7.28 8.92 1.98
0.02 -1.09 0.18 -4.76 9.94 0.64
-0.01 -1.08 0.24 -5.28 10.79 -0.73
-0.04 -1.04 0.32 -8.32 10.29 -3.33
-0.16 -1.01 0.47 -15.94 6.05 -8.99
-0.33 -1.04 0.68 -24.18 -6.98 -15.91
-0.56 -1.11 0.94 -27.86 -30.00 -22.24
-0.71 -1.12 1.06 -28.41 -55.86 -23.39
-0.91 -1.11 1.26 -25.15 -91.19 -17.34
-0.94 -1.10 1.34 -23.16 -128.58 -5.05
-1.07 -0.94 1.41 -33.15 -167.21 3.79
-1.15 -1.09 1.54 -42.70 -208.63 4.24
-1.18 -1.16 1.60 -49.19 -252.09 -2.90
-1.14 -1.23 1.49 -47.54 -283.66 -8.44
-1.29 -1.27 1.44 -40.15 -310.96 -6.84
-1.52 -1.31 1.46 -30.31 -345.48 -5.45
-1.85 -1.30 1.38 -25.21 -390.29 -8.43
-1.96 -1.34 1.29 -20.63 -433.59 -1.01
-2.01 -1.35 1.06 -8.84 -470.15 -4.14
-1.83 -1.30 0.57 14.29 -488.95 2.05
-1.79 -1.09 0.12 31.74 -491.56 6.67
-1.99 -0.94 -0.22 38.26 -500.27 10.70
-1.73 -0.87 -0.96 37.04 -500.27 20.66
-1.40 -0.87 -1.74 23.47 -500.27 16.11
-0.76 -0.96 -2.52 0.96 -491.30 4.38
4.00 4.00 -3.58 13.97 -220.34 500.26
0.32 -1.25 -3.35 -2.44 -336.43 -11.21
0.76 -1.22 -3.39 27.91 -254.20 -15.19
0.71 -0.95 -3.01 38.52 -190.60 -8.53
0.88 -0.88 -2.75 33.40 -136.55 -2.24
0.83 -0.87 -2.39 20.08 -93.50 -8.29
0.79 -1.01 -1.96 14.98 -55.65 -7.13
0.64 -1.08 -1.61 11.74 -23.65 -12.15
0.51 -1.13 -1.20 5.95 -0.15 -20.56
0.43 -1.15 -0.94 3.37 19.48 -28.70
0.35 -1.07 -0.75 0.89 37.13 -33.63
0.29 -0.94 -0.64 -6.20 51.94 -36.90
0.24 -0.86 -0.54 -17.56 63.42 -38.58
0.22 -0.91 -0.52 -24.03 73.04 -39.30
0.20 -0.98 -0.57 -26.56 84.26 -41.40
0.11 -1.15 -0.57 -24.70 92.15 -45.62
0.21 -1.29 -0.76 -16.79 104.78 -52.06
0.41 -1.36 -1.16 -7.45 131.37 -60.81
0.77 -1.48 -1.62 3.95 181.22 -73.44
0.64 -1.45 -1.80 29.19 232.35 -85.05
0.65 -1.17 -1.98 37.57 292.00 -80.46
0.63 -1.00 -2.13 52.21 337.92 -82.46
0.61 -0.67 -2.28 63.44 374.96 -81.22
0.82 -0.46 -2.54 59.10 428.27 -77.63
0.53 -0.32 -2.53 39.76 475.57 -81.71
0.05 0.04 -2.36 -7.37 500.26 -84.18
-0.34 0.14 -2.10 -62.82 500.26 -80.40
-0.51 0.13 -2.04 -114.70 500.26 -60.03
-1.27 -0.20 -1.49 -141.88 500.26 -36.31
-1.85 -0.57 -0.88 -139.88 500.26 4.08
-2.55 -1.16 0.03 -110.66 500.26 25.74
-3.05 -1.60 1.04 -73.95 440.63 23.33
-2.82 -1.82 1.57 -31.40 359.24 15.16
-2.34 -1.45 1.53 3.10 307.48 7.10
-2.22 -1.05 1.78 6.37 272.84 15.15
-2.12 -0.91 1.93 -0.85 232.81 29.18
-1.94 -0.76 1.87 -19.44 189.37 32.67
-1.78 -0.70 1.76 -52.40 143.80 30.11
-1.58 -0.86 1.53 -78.67 97.60 26.35
-1.42 -1.17 1.39 -88.40 48.99 23.83
-1.17 -1.54 1.18 -83.44 2.95 13.91
-0.75 -1.78 0.87 -59.91 -28.81 2.53
-0.33 -1.73 0.50 -26.47 -40.81 -2.47
-0.02 -1.50 0.19 0.98 -36.09 -1.37
0.14 -1.30 0.01 14.60 -24.43 0.84
0.20 -1.08 -0.09 15.91 -16.43 -1.73
0.24 -0.98 -0.14 10.09 -8.14 -1.40
0.25 -0.95 -0.16 5.89 -3.15 -0.18
0.26 -0.96 -0.18 0.84 0.37 1.80
0.27 -1.06 -0.18 1.19 5.63 5.40
0.27 -1.14 -0.15 1.63 10.55 3.79
0.25 -1.16 -0.14 1.53 11.95 -1.34
0.25 -1.20 -0.13 2.99 15.53 -4.96
0.22 -1.22 -0.07 10.43 18.81 -4.67
0.17 -1.18 -0.04 13.44 24.44 -7.24
0.06 -1.13 0.08 7.33 24.90 -11.25
0.02 -1.14 0.13 2.05 21.39 -15.57
0.02 -1.16 0.15 3.98 18.46 -16.72
-0.01 -1.10 0.17 10.93 15.71 -12.85
-0.03 -1.00 0.18 12.92 11.82 -11.07
-0.05 -0.93 0.18 6.84 6.66 -10.79
-0.06 -0.93 0.20 0.46 1.31 -11.07
-0.07 -0.94 0.20 -0.61 -5.48 -8.35
-0.06 -0.93 0.19 0.99 -13.65 -2.37
