0.09 -1.04 0.21 -10.69 0.81 3.65
0.07 -1.00 0.25 -11.68 0.00 2.87
0.08 -0.99 0.28 -12.50 -4.64 -0.72
0.01 -0.93 0.34 -16.17 -7.77 -3.33
-0.03 -0.91 0.39 -20.84 -13.83 -7.47
-0.05 -0.91 0.42 -24.17 -18.79 -7.57
-0.11 -0.89 0.47 -27.73 -24.95 -8.52
-0.16 -0.88 0.52 -33.57 -34.32 -11.37
-0.22 -0.89 0.60 -40.21 -44.79 -14.23
-0.25 -0.92 0.64 -41.95 -53.28 -12.67
-0.33 -0.94 0.71 -39.82 -63.63 -9.88
-0.42 -0.97 0.79 -34.82 -78.55 -7.50
-0.44 -1.00 0.80 -28.20 -94.11 -6.32
-0.44 -0.96 0.76 -21.57 -108.82 -4.23
-0.46 -0.90 0.71 -19.28 -121.51 -2.52
-0.50 -0.85 0.64 -21.28 -136.27 -1.08
-0.52 -0.84 0.58 -25.36 -149.50 0.60
-0.53 -0.89 0.52 -26.27 -162.35 5.01
-0.49 -0.97 0.45 -21.69 -172.76 10.79
-0.46 -1.01 0.38 -15.82 -181.88 15.37
-0.38 -0.99 0.25 -10.89 -187.62 18.18
-0.39 -0.93 0.18 -12.78 -193.85 16.67
-0.43 -0.96 0.15 -14.70 -203.60 14.34
-0.42 -1.02 0.05 -11.73 -212.92 14.75
-0.38 -1.09 -0.02 -4.37 -218.72 16.27
-0.33 -1.15 -0.10 7.86 -223.63 20.08
-0.19 -1.11 -0.26 17.44 -221.33 23.92
-0.14 -0.98 -0.34 14.27 -219.68 18.87
-0.08 -0.96 -0.38 9.45 -217.91 12.89
-0.11 -0.97 -0.38 9.89 -216.58 11.59
-0.07 -1.00 -0.43 18.09 -215.24 17.42
0.00 -0.91 -0.53 20.58 -212.60 20.64
0.11 -0.94 -0.62 23.34 -207.62 27.04
0.28 -0.99 -0.70 31.83 -195.89 33.91
0.41 -0.90 -0.82 31.69 -180.96 33.65
0.46 -0.88 -0.85 22.41 -167.82 27.19
0.57 -0.90 -0.88 15.42 -150.84 20.55
0.57 -0.93 -0.85 11.82 -134.03 17.07
0.59 -0.94 -0.86 12.14 -114.66 17.30
0.56 -0.94 -0.86 13.51 -97.56 20.21
0.57 -0.97 -0.87 12.66 -81.31 22.34
0.58 -1.06 -0.88 12.21 -64.08 23.08
0.60 -1.11 -0.92 11.89 -46.02 22.09
0.58 -1.18 -0.91 13.69 -28.70 19.68
0.57 -1.23 -0.88 16.66 -11.48 17.28
0.61 -1.27 -0.91 20.47 8.66 13.22
0.64 -1.26 -0.95 24.93 27.82 6.95
0.63 -1.25 -0.93 28.21 46.93 0.55
0.62 -1.18 -0.96 28.47 65.51 -5.18
0.58 -1.13 -0.96 27.13 83.13 -9.45
0.58 -1.12 -0.97 27.22 101.25 -11.15
0.54 -1.03 -0.98 23.89 118.32 -14.23
0.51 -1.01 -0.97 17.74 134.63 -18.03
0.48 -1.02 -0.94 10.72 149.91 -22.20
0.42 -1.08 -0.89 8.60 163.36 -25.24
0.35 -1.14 -0.85 10.32 176.34 -26.92
0.32 -1.15 -0.83 11.44 188.44 -32.00
0.26 -1.13 -0.82 8.27 200.38 -40.75
0.15 -1.07 -0.78 0.44 209.56 -52.53
0.03 -1.04 -0.71 -6.85 214.99 -59.34
-0.03 -1.00 -0.63 -10.85 220.31 -59.30
-0.07 -1.05 -0.56 -8.63 227.19 -52.98
-0.15 -0.98 -0.48 -8.41 231.27 -48.56
-0.24 -0.89 -0.39 -19.24 229.80 -51.08
-0.24 -0.91 -0.30 -30.87 225.10 -56.43
-0.25 -0.94 -0.18 -41.62 222.47 -63.08
-0.34 -1.02 -0.03 -47.74 215.56 -68.06
-0.37 -1.07 0.09 -49.74 211.59 -70.35
-0.44 -1.08 0.22 -46.09 202.58 -70.72
-0.49 -1.05 0.33 -40.84 190.06 -65.42
-0.52 -0.98 0.44 -39.30 180.21 -54.03
-0.54 -0.92 0.53 -39.36 170.05 -45.13
-0.54 -0.89 0.58 -44.11 152.34 -40.34
-0.52 -0.85 0.68 -48.31 136.37 -40.27
-0.56 -1.07 0.86 -30.73 114.20 -30.44
-0.41 -0.96 0.79 -35.40 113.50 -21.48
-0.52 -0.99 0.90 -23.21 98.63 -12.56
-0.49 -0.91 0.88 -23.04 86.64 -6.89
-0.56 -0.95 0.95 -20.69 61.66 -10.41
-0.46 -1.00 0.91 -18.96 39.69 -11.94
-0.28 -1.09 0.84 -8.99 31.22 -6.81
-0.19 -1.06 0.72 -0.02 28.05 -2.93
-0.11 -1.14 0.70 13.25 13.98 2.40
-0.20 -0.94 0.63 17.62 2.41 -2.17
-0.05 -0.83 0.46 9.76 -2.75 -4.18
0.09 -0.86 0.33 3.36 3.68 3.45
0.09 -0.90 0.31 9.05 1.79 7.24
0.08 -0.86 0.28 2.95 -2.14 3.63
0.19 -0.98 0.20 5.51 -8.24 3.42
0.27 -0.98 0.10 8.98 -4.60 3.86
0.27 -0.95 0.07 7.36 -3.45 3.08
0.28 -0.98 0.04 7.36 -3.02 2.69
0.28 -0.96 0.01 7.69 -0.75 2.08
0.28 -0.96 -0.00 6.02 0.67 2.29
0.29 -0.97 -0.01 6.34 3.91 2.98
0.24 -0.92 -0.03 1.31 4.66 -0.29
0.21 -0.96 0.00 -0.93 3.79 -1.25
0.18 -1.01 0.05 3.36 3.31 2.52
0.20 -1.03 0.05 8.60 3.68 7.07
0.20 -0.99 0.03 9.54 3.97 7.13
