-0.29 -1.14 0.80 -33.75 -30.65 -9.00
-0.38 -1.13 0.97 -38.31 -42.10 -16.75
-0.54 -1.12 1.12 -42.66 -57.40 -25.05
-0.75 -1.07 1.25 -47.89 -79.98 -32.83
-0.97 -1.10 1.33 -50.34 -110.21 -34.43
-1.13 -1.16 1.34 -45.15 -144.63 -27.90
-1.23 -1.29 1.28 -34.00 -187.63 -25.93
-1.16 -1.41 1.09 -15.24 -222.44 -22.92
-1.09 -1.40 0.88 6.57 -245.85 -22.53
-1.12 -1.24 0.69 16.10 -250.14 -26.59
-1.06 -1.14 0.39 17.79 -250.14 -28.36
-0.98 -1.12 0.10 18.60 -250.14 -31.56
-0.84 -1.11 -0.20 19.11 -250.14 -35.66
-0.65 -1.10 -0.47 18.76 -250.14 -40.92
-0.54 -1.03 -0.62 15.30 -250.14 -48.90
-0.56 -1.08 -0.81 8.15 -250.14 -64.73
-0.76 -1.16 -0.78 16.05 -250.14 -72.58
-0.62 -1.26 -1.02 37.44 -250.14 -62.22
-0.43 -1.24 -1.28 65.64 -250.14 -50.75
-0.19 -0.98 -1.51 67.92 -250.14 -51.39
-0.02 -0.78 -1.56 46.37 -250.14 -64.89
-0.02 -0.62 -1.42 25.73 -250.14 -75.92
0.22 -0.83 -1.75 33.04 -250.14 -76.95
0.12 -0.87 -1.69 42.86 -247.85 -63.31
0.25 -0.72 -1.77 52.82 -227.15 -51.54
0.31 -0.60 -1.85 52.82 -206.75 -45.18
0.41 -0.53 -1.91 47.27 -196.18 -35.27
0.55 -0.53 -2.00 43.15 -166.39 -31.31
0.69 -0.39 -2.00 32.10 -133.60 -24.54
0.75 -0.55 -2.00 23.11 -101.34 -16.65
0.83 -0.63 -2.00 17.01 -61.56 -11.04
0.82 -0.72 -2.00 15.71 -29.05 -9.16
0.83 -0.77 -2.00 15.93 7.33 -5.38
0.80 -0.75 -2.00 12.80 43.06 -5.50
0.76 -0.75 -2.00 9.86 77.80 -3.47
0.66 -0.75 -1.95 10.83 108.72 1.09
0.58 -0.72 -1.85 14.44 133.65 8.11
0.54 -0.69 -1.81 14.80 156.23 14.89
0.52 -0.67 -1.77 11.03 180.82 17.32
0.54 -0.61 -1.77 1.51 206.24 17.08
0.48 -0.58 -1.71 -12.77 231.47 16.79
0.36 -0.63 -1.62 -24.17 250.13 16.74
0.18 -0.77 -1.44 -32.27 250.13 23.69
0.00 -0.55 -1.29 -47.24 250.13 23.46
-0.08 -0.75 -1.24 -56.57 250.13 8.79
-0.13 -0.78 -1.10 -79.99 250.13 7.30
-0.45 -0.84 -0.77 -89.82 250.13 4.39
-0.41 -1.28 -0.65 -74.68 250.13 9.34
-0.49 -1.37 -0.39 -44.77 250.13 21.31
-0.59 -1.27 -0.19 -27.68 250.13 19.13
-0.65 -1.05 -0.02 -32.05 250.13 8.70
-0.62 -0.95 0.09 -43.44 250.13 3.08
-0.66 -0.89 0.20 -50.53 250.13 -2.16
-0.70 -0.84 0.31 -66.53 250.13 0.41
-0.74 -0.96 0.44 -84.47 241.82 4.22
-0.80 -1.22 0.57 -88.95 224.45 8.38
-0.78 -1.43 0.67 -79.67 208.50 16.04
-0.71 -1.15 0.88 -76.45 194.63 16.17
-0.61 -1.57 0.80 -16.79 171.66 19.98
-0.46 -1.26 0.80 -22.76 168.96 23.34
-0.62 -1.38 0.93 4.24 132.97 6.21
-0.44 -0.97 0.79 -10.23 126.95 4.79
-0.56 -0.96 0.87 -10.09 101.16 4.44
-0.48 -0.88 0.78 -16.40 84.86 13.81
-0.41 -1.00 0.74 -12.86 65.83 22.75
-0.28 -1.02 0.65 -9.78 53.63 26.76
-0.23 -1.13 0.62 -4.08 38.63 24.70
-0.14 -1.19 0.55 5.31 24.68 20.55
-0.07 -1.20 0.46 19.40 14.81 17.96
-0.01 -1.09 0.38 28.86 6.90 16.51
0.06 -0.95 0.25 28.91 1.09 15.01
0.10 -0.89 0.18 23.68 -3.52 14.82
0.19 -0.86 0.09 15.05 -1.98 15.49
0.21 -0.92 0.05 10.92 -0.54 15.89
0.21 -0.95 0.04 10.27 -2.29 16.82
0.22 -0.97 0.01 10.09 -4.00 15.44
0.25 -0.97 -0.05 6.36 -3.20 15.79
0.28 -1.00 -0.08 7.53 -2.33 16.75
0.25 -1.01 -0.09 8.28 -2.17 16.63
0.26 -1.02 -0.10 7.76 -2.93 15.22
0.28 -1.04 -0.12 7.20 -2.45 12.93
0.30 -1.05 -0.14 9.56 -1.40 13.15
0.29 -1.03 -0.13 12.31 -0.35 14.95
0.29 -1.03 -0.12 13.69 1.64 15.86
0.29 -1.02 -0.12 14.59 2.03 15.05
0.27 -1.01 -0.12 14.55 3.62 14.47
0.22 -1.00 -0.09 13.34 4.50 14.35
0.24 -0.98 -0.09 9.42 3.47 11.93
-0.38 -0.73 0.57 16.27 4.05 16.61
0.35 -0.96 -0.16 3.01 2.82 1.27
0.29 -0.99 -0.18 -6.92 4.41 5.24
0.19 -1.13 -0.07 3.77 12.70 12.95
0.19 -1.05 -0.05 9.51 9.22 11.66
0.16 -1.03 -0.03 9.23 7.73 8.60
0.20 -1.00 -0.04 5.54 3.62 2.52
0.24 -0.99 -0.07 1.89 6.24 -0.78
0.20 -1.00 -0.05 2.00 5.87 -1.23
0.20 -1.02 -0.04 4.97 5.47 1.07
0.20 -1.01 -0.04 7.55 4.56 3.38
0.21 -1.00 -0.04 8.63 5.36 5.73
