0.21 -0.97 -0.13 3.22 14.64 5.67
0.21 -0.94 -0.12 1.64 17.38 6.00
0.19 -0.93 -0.09 -1.61 20.79 6.84
0.10 -0.96 -0.03 -8.10 19.14 4.31
0.16 -0.95 -0.03 -14.16 22.59 2.24
0.08 -1.06 0.03 -16.17 22.87 2.10
0.05 -1.12 0.10 -14.76 21.13 1.54
0.01 -1.16 0.17 -10.93 19.82 2.88
-0.03 -1.17 0.23 -8.43 16.84 1.93
-0.08 -1.13 0.33 -10.78 13.46 -1.15
-0.14 -1.14 0.43 -16.24 8.89 -8.06
-0.24 -1.16 0.56 -22.11 3.00 -16.46
-0.38 -1.17 0.71 -28.23 -7.40 -24.36
-0.56 -1.23 0.85 -30.69 -23.15 -32.44
-0.69 -1.23 0.96 -32.05 -42.07 -37.27
-0.86 -1.22 1.07 -34.79 -61.78 -41.44
-1.06 -1.19 1.17 -40.02 -87.40 -47.74
-1.25 -1.21 1.24 -44.56 -120.68 -52.60
-1.32 -1.27 1.22 -41.68 -153.05 -53.61
-1.42 -1.33 1.17 -29.96 -187.96 -52.65
-1.45 -1.32 1.04 -17.70 -222.95 -52.94
-1.41 -1.39 0.81 -2.99 -250.14 -51.13
-1.42 -1.24 0.66 8.10 -250.14 -50.40
-1.42 -1.16 0.41 17.23 -250.14 -52.63
-1.32 -1.13 0.15 24.61 -250.14 -49.92
-1.26 -1.12 -0.11 35.85 -250.14 -51.79
-1.17 -1.09 -0.39 44.84 -250.14 -48.92
-0.90 -1.11 -0.80 57.90 -250.14 -45.21
-0.67 -1.06 -1.10 64.43 -250.14 -40.97
-0.50 -1.05 -1.31 67.81 -250.14 -40.76
-0.37 -1.03 -1.44 69.24 -250.14 -45.43
-0.22 -0.99 -1.70 73.06 -250.14 -49.34
-0.38 -0.88 -1.58 75.35 -250.14 -60.79
-0.18 -0.89 -1.76 73.98 -250.14 -53.43
-0.04 -0.68 -1.71 66.92 -250.14 -43.58
0.23 -0.67 -1.89 64.63 -250.14 -29.76
0.38 -0.68 -2.00 61.78 -250.14 -19.79
0.41 -0.60 -1.99 55.47 -226.74 -14.85
0.77 -0.57 -2.00 42.74 -188.20 -14.33
0.81 -0.56 -2.00 21.13 -150.99 -18.60
0.97 -0.67 -2.00 4.19 -111.31 -20.00
0.95 -0.61 -2.00 -6.73 -73.37 -15.98
1.04 -0.59 -2.00 -11.15 -32.66 -5.50
0.98 -0.65 -2.00 -7.34 3.34 4.00
0.91 -0.65 -2.00 -5.73 40.35 13.44
0.89 -0.64 -2.00 -7.08 75.49 18.02
0.85 -0.69 -2.00 -9.73 109.00 16.72
0.79 -0.63 -1.96 -15.29 138.94 14.46
0.69 -0.63 -1.90 -19.69 169.34 13.90
0.55 -0.58 -1.86 -23.07 195.62 18.03
0.43 -0.56 -1.81 -29.31 220.26 27.05
0.34 -0.58 -1.75 -37.31 243.03 36.13
0.21 -0.68 -1.69 -45.83 250.13 40.30
0.08 -0.83 -1.57 -52.91 250.13 41.65
0.01 -0.96 -1.40 -58.18 250.13 37.37
-0.04 -0.99 -1.25 -58.59 250.13 30.77
-0.41 -1.20 -1.02 -62.73 250.13 20.11
-0.34 -0.98 -0.87 -61.78 250.13 9.79
-0.47 -1.12 -0.92 -70.04 250.13 4.16
-0.49 -0.77 -0.62 -83.47 250.13 12.53
-0.60 -0.96 -0.67 -88.18 250.13 21.72
-0.77 -0.91 -0.36 -100.92 250.13 27.20
-1.02 -1.05 -0.03 -106.50 250.13 27.63
-0.98 -1.23 0.11 -109.68 250.13 33.32
-0.83 -1.38 0.17 -97.89 250.13 38.28
-0.83 -1.46 0.29 -82.23 250.13 39.88
-1.19 -1.22 0.70 -66.33 242.24 24.54
-0.99 -1.57 0.68 -44.73 222.59 37.20
-1.02 -1.23 0.88 -40.70 193.11 24.34
-0.94 -1.55 0.82 -22.44 178.74 45.99
-0.99 -1.34 0.98 -7.69 140.24 29.77
-0.94 -1.34 0.90 -3.34 118.48 30.06
-0.80 -1.17 0.89 -8.76 91.59 25.66
-0.64 -1.27 0.80 -4.27 74.73 26.73
-0.53 -1.25 0.73 4.33 58.22 23.67
-0.46 -1.20 0.67 7.66 42.98 19.82
-0.35 -1.19 0.57 11.83 26.98 15.00
-0.22 -1.17 0.44 19.10 16.13 12.07
-0.12 -1.09 0.29 25.66 7.04 8.40
0.01 -1.02 0.16 27.40 2.98 6.14
0.05 -0.94 0.07 25.96 -0.08 3.96
0.06 -0.93 0.04 25.29 -3.64 5.76
0.11 -0.93 -0.01 25.40 -8.31 6.24
0.16 -0.93 -0.09 27.45 -15.04 6.75
0.21 -0.91 -0.17 24.67 -9.86 12.24
0.23 -0.94 -0.20 25.73 -7.72 15.43
0.21 -0.94 -0.21 22.49 -7.10 13.75
0.22 -0.96 -0.22 18.43 -9.60 8.04
0.27 -0.99 -0.28 16.02 -6.71 6.45
0.25 -0.97 -0.28 13.85 -1.76 7.47
0.21 -0.98 -0.27 10.98 0.73 10.07
0.20 -1.02 -0.26 11.90 3.02 13.31
0.18 -1.04 -0.25 13.54 3.31 14.24
0.20 -1.07 -0.25 16.28 3.60 14.72
0.22 -1.08 -0.24 20.15 5.07 15.21
0.21 -1.05 -0.24 22.69 7.08 14.23
0.21 -1.01 -0.22 22.23 8.87 13.24
0.19 -0.98 -0.21 20.79 10.79 12.50
0.20 -0.95 -0.21 17.83 13.27 10.24
0.15 -0.95 -0.16 12.03 13.25 6.15
