0.16 -0.97 -0.09 -1.12 8.55 -0.73
0.18 -0.97 -0.11 0.11 10.15 0.40
0.17 -0.95 -0.09 0.89 11.09 1.09
0.14 -0.94 -0.08 -1.96 10.82 0.44
0.14 -0.96 -0.07 -3.66 9.92 0.29
0.14 -0.97 -0.06 -3.30 10.23 1.69
0.12 -0.97 -0.05 -2.47 9.85 4.21
0.12 -0.97 -0.06 -2.02 8.69 5.82
0.15 -0.98 -0.06 -2.23 9.34 5.96
0.16 -0.99 -0.07 -4.34 11.51 5.59
0.17 -0.99 -0.08 -7.92 14.17 3.82
0.15 -0.95 -0.05 -15.23 16.76 1.21
0.11 -0.99 -0.01 -21.57 18.08 -0.53
0.07 -1.06 0.05 -24.04 17.98 -0.76
0.04 -1.13 0.14 -23.12 16.82 0.08
-0.01 -1.18 0.21 -19.69 13.31 0.61
-0.06 -1.22 0.32 -17.31 8.86 -2.81
-0.13 -1.19 0.45 -17.84 3.06 -9.63
-0.23 -1.15 0.57 -23.18 -5.58 -19.01
-0.35 -1.15 0.70 -30.11 -18.24 -26.94
-0.46 -1.15 0.81 -37.27 -32.85 -32.37
-0.56 -1.17 0.94 -44.34 -48.42 -37.94
-0.73 -1.25 1.10 -45.48 -68.78 -43.11
-0.87 -1.28 1.19 -40.52 -93.77 -47.48
-1.04 -1.28 1.23 -31.83 -124.02 -50.07
-1.19 -1.28 1.20 -19.99 -163.67 -49.62
-1.15 -1.27 0.98 -2.63 -203.28 -42.26
-1.07 -1.24 0.73 14.38 -238.32 -32.69
-0.93 -1.13 0.44 22.81 -250.14 -26.38
-0.82 -1.15 0.24 21.40 -250.14 -28.08
-0.79 -1.12 0.08 20.83 -250.14 -37.18
-0.76 -1.11 -0.10 18.98 -250.14 -44.09
-0.78 -1.18 -0.23 22.77 -250.14 -49.89
-0.81 -1.18 -0.36 29.90 -250.14 -52.66
-0.76 -1.23 -0.52 41.76 -250.14 -48.81
-0.58 -1.24 -0.84 56.26 -250.14 -41.20
-0.63 -1.20 -0.87 76.49 -250.14 -25.18
-0.44 -1.14 -1.05 89.92 -250.14 -15.15
-0.27 -1.06 -1.21 94.66 -250.14 -13.66
0.09 -0.84 -1.44 78.97 -250.14 -23.37
0.32 -0.76 -1.59 46.55 -250.14 -46.20
0.19 -0.74 -1.34 18.04 -245.15 -64.63
0.33 -0.87 -1.45 20.92 -225.02 -71.56
0.27 -0.85 -1.43 29.82 -205.41 -59.24
0.34 -0.81 -1.46 46.02 -189.55 -43.09
0.39 -0.71 -1.52 56.28 -171.73 -32.50
0.63 -0.70 -1.70 58.63 -154.97 -19.37
0.72 -0.57 -1.69 51.53 -121.86 -11.42
0.73 -0.48 -1.64 37.72 -87.31 -5.72
0.74 -0.65 -1.63 29.95 -61.65 -4.81
0.81 -0.67 -1.62 25.23 -28.66 -3.85
0.84 -0.70 -1.70 21.83 1.50 -5.51
0.82 -0.74 -1.70 23.27 31.72 -3.11
0.79 -0.73 -1.68 26.09 59.04 1.53
0.78 -0.66 -1.67 26.48 86.46 4.99
0.78 -0.57 -1.65 22.01 115.76 8.13
0.71 -0.48 -1.61 12.69 143.43 10.31
0.65 -0.42 -1.55 0.40 170.95 17.05
0.51 -0.39 -1.48 -11.68 193.82 24.50
0.38 -0.42 -1.40 -28.08 215.24 30.73
0.23 -0.57 -1.29 -42.95 231.90 34.27
0.09 -0.81 -1.17 -49.09 243.45 36.66
0.04 -1.01 -1.07 -45.79 250.13 38.15
-0.02 -1.11 -0.93 -38.84 250.13 35.14
-0.07 -1.13 -0.81 -36.31 250.13 27.08
-0.15 -1.06 -0.68 -37.21 250.13 16.50
-0.36 -0.92 -0.51 -48.88 250.13 9.79
-0.41 -0.80 -0.44 -57.99 250.13 6.12
-0.45 -0.80 -0.35 -67.47 250.13 17.64
-0.50 -0.82 -0.22 -77.39 250.13 25.40
-0.49 -0.95 -0.12 -86.88 250.13 33.47
-0.52 -1.15 0.01 -89.31 250.13 33.71
-0.54 -1.32 0.18 -84.63 250.13 28.91
-0.50 -1.51 0.24 -63.32 234.21 28.92
-0.87 -1.66 0.39 -64.20 217.04 23.25
-0.55 -1.26 0.30 -67.24 218.48 20.75
-0.68 -1.51 0.40 -62.53 201.65 23.65
-0.71 -1.53 0.58 -57.89 176.32 5.95
-0.89 -1.57 0.67 -46.53 162.08 15.09
-0.66 -1.23 0.78 -58.42 146.63 17.64
-0.91 -1.47 0.91 -32.46 122.22 18.41
-0.60 -1.44 0.71 -23.24 104.58 21.21
-0.55 -1.45 0.72 -4.01 77.18 18.31
-0.40 -1.35 0.60 5.71 65.43 16.33
-0.33 -1.27 0.56 11.00 52.56 9.18
-0.25 -1.18 0.49 13.60 40.46 1.55
-0.18 -1.08 0.37 12.05 33.05 -1.44
-0.16 -1.03 0.31 13.10 22.42 -3.01
-0.06 -0.97 0.23 14.74 16.60 1.65
0.03 -0.98 0.11 16.93 12.75 3.71
0.04 -0.91 0.06 13.54 2.60 2.30
0.12 -0.87 0.02 8.41 0.81 3.98
0.12 -0.91 -0.02 1.43 6.27 5.55
0.12 -0.95 -0.04 0.13 3.28 2.98
0.11 -1.00 -0.06 1.26 -0.95 -0.34
0.12 -1.05 -0.07 5.00 -5.19 -1.18
0.14 -1.04 -0.10 11.40 -5.82 0.23
0.18 -0.99 -0.15 14.59 -5.25 2.95
0.19 -0.90 -0.19 10.14 -2.68 3.44
0.17 -0.89 -0.19 4.64 -2.63 4.40
