-0.03 -1.04 0.07 -8.58 -6.99 0.21
-0.02 -1.04 0.06 -9.04 -6.93 0.38
-0.03 -1.06 0.07 -10.56 -7.56 0.23
-0.01 -1.09 0.07 -11.13 -8.79 -0.96
0.02 -1.12 0.07 -10.00 -8.21 -2.21
0.04 -1.14 0.07 -7.62 -7.08 -3.48
0.04 -1.14 0.08 -5.40 -5.80 -5.24
0.02 -1.12 0.11 -4.55 -6.09 -7.30
0.01 -1.10 0.13 -4.34 -7.34 -9.01
0.02 -1.10 0.15 -4.02 -8.60 -9.34
0.02 -1.09 0.17 -4.05 -10.09 -10.60
0.03 -1.08 0.22 -4.73 -10.87 -12.29
-0.05 -1.03 0.35 -8.63 -12.26 -12.52
-0.18 -1.05 0.52 -13.66 -19.07 -13.57
-0.38 -1.07 0.72 -20.55 -33.53 -14.29
-0.52 -1.16 0.89 -23.54 -54.14 -16.69
-0.72 -1.04 1.01 -33.48 -79.65 -11.39
-0.98 -1.10 1.15 -43.45 -116.37 -7.98
-1.14 -1.17 1.30 -54.85 -152.67 -2.38
-1.41 -1.34 1.54 -57.69 -202.85 -3.73
-1.41 -1.43 1.56 -51.47 -244.35 -2.53
-1.44 -1.27 1.43 -38.31 -276.49 -2.26
-1.60 -1.12 1.32 -32.26 -309.37 -3.66
-1.90 -0.85 1.11 -35.95 -351.76 -6.76
-2.04 -0.79 0.98 -45.94 -396.49 -0.11
-1.98 -0.93 0.63 -46.06 -430.84 3.59
-1.82 -0.92 0.21 -42.96 -450.05 9.11
-1.61 -1.09 -0.16 -31.85 -449.88 18.50
-1.67 -1.29 -0.36 -10.85 -457.77 9.51
-1.39 -1.36 -0.82 12.99 -459.92 8.66
-0.89 -1.30 -1.35 42.23 -438.70 13.62
-0.47 -1.05 -1.80 56.44 -403.25 14.18
-0.21 -0.77 -2.11 41.80 -366.24 12.00
0.24 -0.81 -2.36 22.61 -325.50 4.46
0.65 -0.88 -2.52 9.98 -274.66 2.99
0.93 -1.12 -2.50 15.97 -217.19 1.39
1.00 -1.19 -2.32 32.37 -164.89 -2.44
1.02 -1.19 -2.15 46.82 -117.94 -9.51
0.80 -1.06 -1.76 52.14 -88.38 -19.57
0.80 -0.88 -1.49 48.81 -62.15 -25.68
0.84 -0.65 -1.26 36.06 -33.77 -28.05
0.60 -0.46 -0.91 9.53 -11.53 -30.12
0.34 -0.49 -0.41 -22.08 -0.21 -27.95
0.18 -0.68 -0.10 -42.99 -0.98 -29.65
0.01 -0.99 0.17 -44.09 -3.10 -27.56
-0.06 -1.23 0.33 -27.97 -6.14 -26.64
-0.09 -1.35 0.32 -5.19 -7.44 -25.65
-0.09 -1.30 0.16 14.96 -8.76 -26.96
-0.02 -1.16 -0.11 20.12 -6.84 -32.02
0.04 -1.10 -0.43 17.13 -0.99 -39.95
0.31 -1.13 -0.87 11.08 18.37 -47.11
0.48 -1.17 -1.26 8.12 48.66 -54.38
0.55 -1.13 -1.52 7.18 85.16 -61.65
0.62 -1.05 -1.74 7.77 123.97 -67.11
0.65 -0.91 -1.94 9.89 167.40 -69.40
0.58 -0.71 -2.11 7.68 208.46 -71.08
0.56 -0.59 -2.32 -0.23 250.98 -71.59
0.59 -0.51 -2.53 -13.07 300.15 -72.99
0.45 -0.55 -2.69 -21.85 351.02 -72.00
0.37 -0.52 -2.76 -25.86 408.02 -65.85
0.15 -0.42 -2.72 -31.77 452.47 -61.18
0.08 -0.26 -2.72 -47.11 500.26 -54.75
-0.26 -0.05 -2.60 -73.68 500.26 -42.90
-0.65 0.16 -2.45 -114.98 500.26 -14.24
-1.58 0.22 -2.01 -172.89 500.26 9.77
-2.33 -0.18 -1.31 -234.20 500.26 33.36
-3.50 -1.09 0.05 -266.41 500.26 30.87
-3.75 -2.29 1.36 -232.27 437.59 48.66
-2.74 -3.30 1.62 -108.15 375.60 75.53
-2.02 -3.29 1.56 42.85 372.53 95.24
-2.12 -2.32 1.62 131.89 357.54 103.53
-2.34 -1.27 1.67 131.40 321.53 77.68
-2.54 -0.59 1.91 64.41 253.88 43.18
-2.47 -0.58 1.93 -2.53 166.78 19.74
-2.15 -1.03 1.89 -38.96 95.97 9.47
-1.68 -1.58 1.70 -34.00 42.35 8.76
-1.11 -1.85 1.29 3.76 11.63 12.34
-0.68 -1.76 0.91 44.44 -1.89 17.18
-0.27 -1.51 0.51 67.05 -2.46 15.97
-0.06 -1.16 0.28 68.06 0.00 5.88
0.07 -0.99 0.13 56.93 2.05 -3.54
0.16 -0.95 0.05 43.82 6.55 -12.12
0.15 -0.98 0.02 36.92 7.08 -17.02
0.12 -1.00 0.01 34.43 5.40 -14.69
0.08 -1.02 0.01 34.70 2.02 -12.64
0.10 -1.05 -0.07 29.56 -3.59 -17.19
0.19 -1.09 -0.09 22.47 -2.56 -23.18
0.39 -0.90 -0.21 12.35 1.02 -30.41
0.12 -1.18 -0.05 9.50 1.07 -29.27
0.18 -1.06 -0.04 1.04 8.75 -31.42
0.14 -1.09 -0.01 -1.04 10.12 -29.92
0.09 -1.09 0.01 -2.47 10.27 -28.64
0.03 -1.05 0.04 -3.18 8.64 -25.65
0.04 -1.04 0.03 -1.21 6.12 -25.74
0.05 -1.00 0.04 0.09 4.32 -24.50
0.02 -0.94 0.05 -1.95 2.43 -22.37
0.03 -0.92 0.06 -4.93 -0.58 -20.63
0.06 -0.92 0.06 -8.67 -2.81 -19.85
0.09 -0.91 0.04 -13.07 -3.56 -18.40
0.13 -0.96 0.01 -12.67 -2.11 -14.12
