-0.15 -0.88 0.09 -19.33 16.69 3.97
-0.19 -0.88 0.09 -22.52 16.27 2.79
-0.21 -0.91 0.11 -25.15 15.15 4.70
-0.23 -0.93 0.12 -24.66 13.91 5.44
-0.24 -0.93 0.11 -25.02 13.83 5.08
-0.28 -0.92 0.11 -25.59 13.08 3.45
-0.34 -0.93 0.12 -24.95 9.60 -0.69
-0.39 -0.94 0.14 -23.28 4.55 -4.63
-0.44 -0.97 0.15 -19.53 -1.04 -6.00
-0.48 -0.96 0.14 -16.78 -8.11 -2.93
-0.48 -0.94 0.12 -16.41 -13.36 1.34
-0.46 -0.90 0.10 -18.08 -17.18 6.08
-0.47 -0.91 0.09 -20.18 -19.02 5.77
-0.58 -0.90 0.12 -22.31 -25.48 -0.75
-0.69 -0.90 0.14 -24.12 -36.92 -5.10
-0.75 -0.89 0.15 -25.01 -50.67 -5.22
-0.77 -0.88 0.13 -24.40 -64.41 2.09
-0.76 -0.88 0.11 -22.70 -77.02 12.44
-0.73 -0.91 0.09 -20.56 -91.16 19.94
-0.72 -0.93 0.08 -19.11 -104.79 22.38
-0.69 -0.92 0.05 -19.68 -121.25 21.50
-0.64 -0.89 0.01 -22.78 -135.91 19.31
-0.57 -0.86 -0.03 -27.04 -147.51 18.69
-0.52 -0.86 -0.06 -31.01 -157.05 20.60
-0.54 -0.86 -0.04 -34.12 -168.63 21.04
-0.65 -0.88 -0.02 -37.60 -188.82 18.02
-0.65 -0.93 -0.05 -36.78 -213.48 19.25
-0.54 -0.94 -0.13 -35.18 -231.98 20.24
-0.27 -0.88 -0.27 -38.96 -238.46 22.90
-0.05 -0.83 -0.37 -46.72 -231.36 25.27
-0.05 -0.85 -0.35 -56.24 -221.80 24.73
-0.21 -0.93 -0.23 -62.87 -223.83 17.73
-0.28 -1.03 -0.21 -62.06 -232.46 14.44
-0.25 -1.10 -0.20 -55.50 -240.64 16.32
-0.10 -1.15 -0.23 -43.73 -242.85 27.11
-0.01 -1.16 -0.28 -32.50 -237.63 34.98
-0.03 -1.05 -0.31 -30.21 -233.05 36.50
-0.01 -0.97 -0.32 -37.25 -233.08 25.76
0.20 -0.94 -0.37 -45.04 -223.21 18.49
0.45 -1.00 -0.40 -48.37 -196.61 21.51
0.56 -1.10 -0.36 -42.43 -159.95 23.01
0.47 -1.14 -0.27 -35.24 -128.31 18.21
0.26 -1.11 -0.19 -31.91 -112.47 8.82
0.10 -1.08 -0.13 -30.37 -108.92 -0.50
0.07 -1.08 -0.12 -25.51 -107.69 -1.08
0.11 -1.07 -0.12 -17.42 -104.55 9.04
0.23 -1.05 -0.16 -8.96 -96.11 22.87
0.32 -1.02 -0.20 -5.31 -85.51 30.50
0.39 -1.00 -0.20 -7.24 -75.28 28.52
0.46 -1.01 -0.20 -9.98 -62.87 21.54
0.52 -1.02 -0.20 -12.11 -46.06 14.73
0.51 -1.04 -0.18 -12.12 -27.18 6.44
0.37 -1.05 -0.13 -11.30 -15.40 -0.98
0.20 -1.07 -0.06 -9.94 -16.53 -4.84
0.19 -1.09 -0.06 -5.36 -19.54 -0.15
0.28 -1.09 -0.10 1.44 -16.17 9.18
0.35 -1.06 -0.14 5.82 -8.40 16.37
0.35 -1.04 -0.14 5.24 -2.63 14.14
0.38 -1.02 -0.16 1.50 4.11 6.60
0.41 -1.05 -0.17 -1.79 13.10 -2.12
0.37 -1.09 -0.15 -2.72 23.39 -7.76
0.32 -1.13 -0.14 -0.55 30.53 -10.14
0.30 -1.16 -0.12 4.46 38.08 -8.60
0.29 -1.17 -0.12 9.92 44.93 -7.59
0.27 -1.16 -0.13 14.72 50.53 -7.65
0.30 -1.12 -0.16 17.19 59.28 -6.70
0.30 -1.10 -0.16 18.46 67.57 -8.18
0.29 -1.08 -0.16 19.21 75.91 -11.39
0.26 -1.06 -0.16 19.18 84.37 -13.91
0.24 -1.06 -0.15 20.00 92.06 -15.86
0.20 -1.04 -0.14 21.39 98.27 -14.37
0.19 -1.05 -0.15 23.83 102.75 -13.92
0.18 -1.05 -0.15 26.11 107.27 -12.32
0.19 -1.03 -0.16 27.66 113.13 -12.21
0.17 -0.99 -0.15 26.31 118.64 -15.76
0.12 -0.97 -0.15 23.42 122.76 -22.87
0.10 -0.97 -0.14 19.98 124.31 -29.71
0.11 -1.01 -0.13 19.33 129.37 -32.03
0.04 -1.04 -0.11 22.02 132.53 -30.76
0.02 -1.05 -0.09 25.27 132.21 -27.27
0.08 -1.04 -0.11 29.21 135.01 -22.99
0.08 -1.00 -0.13 29.77 139.34 -21.82
0.07 -0.96 -0.12 26.90 142.84 -27.04
0.03 -0.95 -0.10 22.18 145.24 -34.18
-0.06 -0.96 -0.08 18.50 145.31 -39.94
-0.12 -0.99 -0.04 17.95 143.13 -39.05
-0.15 -0.99 -0.02 19.31 139.33 -32.72
-0.10 -0.98 -0.05 20.35 138.02 -26.12
-0.02 -0.99 -0.08 20.24 141.05 -23.50
0.02 -1.02 -0.10 20.79 148.47 -26.43
-0.06 -1.04 -0.07 20.76 153.48 -31.79
-0.17 -1.05 -0.03 23.19 153.08 -38.20
-0.26 -1.03 -0.00 27.66 149.36 -37.45
-0.31 -0.94 0.02 30.03 142.92 -30.78
-0.28 -0.87 0.00 29.45 135.40 -23.57
-0.22 -0.80 -0.02 24.58 131.76 -17.42
-0.18 -0.81 -0.03 17.97 129.44 -18.20
-0.19 -0.83 -0.02 11.21 128.49 -23.86
-0.26 -0.88 0.01 6.37 125.33 -29.66
-0.35 -0.95 0.05 6.29 119.89 -32.17
