-0.15 -0.95 -0.00 2.44 -8.11 4.98
-0.17 -0.93 0.03 0.90 -11.11 4.61
-0.16 -0.91 0.04 -2.61 -14.40 3.33
-0.15 -0.91 0.06 -5.88 -16.85 1.05
-0.15 -0.92 0.07 -9.57 -19.73 -1.53
-0.16 -0.94 0.08 -11.68 -21.83 -2.29
-0.17 -0.98 0.11 -11.21 -24.64 -1.30
-0.18 -1.00 0.14 -8.56 -28.52 2.56
-0.17 -1.02 0.16 -4.72 -30.96 6.18
-0.18 -1.02 0.18 -2.64 -34.11 6.21
-0.20 -1.01 0.20 -1.92 -37.68 4.20
-0.23 -1.00 0.21 -2.50 -41.91 1.50
-0.26 -1.00 0.22 -3.68 -47.68 -0.03
-0.26 -1.00 0.22 -3.47 -53.05 0.44
-0.24 -1.02 0.21 -1.76 -56.56 0.56
-0.26 -1.00 0.22 -0.38 -60.55 -1.65
-0.29 -0.97 0.23 -0.18 -66.14 -3.53
-0.28 -0.95 0.22 0.46 -70.05 -3.62
-0.30 -0.93 0.22 2.56 -78.17 -0.76
-0.30 -0.94 0.22 6.32 -83.11 3.80
-0.27 -0.94 0.21 10.60 -88.52 6.08
-0.22 -0.95 0.17 15.97 -89.85 8.99
-0.26 -0.91 0.18 21.54 -91.42 15.44
-0.26 -0.86 0.13 23.95 -98.02 22.40
-0.23 -0.76 0.08 20.85 -98.60 28.03
-0.28 -0.66 0.08 5.62 -102.58 18.78
-0.22 -0.72 0.03 -19.40 -103.79 16.21
-0.20 -0.86 0.04 -21.01 -109.16 -3.65
-0.10 -0.87 -0.01 -28.23 -105.95 -6.72
-0.15 -0.97 -0.00 -27.08 -102.73 -2.66
-0.18 -0.99 -0.00 -22.11 -105.34 3.56
-0.20 -1.00 -0.02 -18.96 -107.36 7.65
-0.18 -1.01 -0.06 -14.40 -109.71 10.56
-0.14 -0.92 -0.12 -15.59 -102.84 16.17
-0.20 -0.92 -0.08 -18.52 -103.22 12.41
-0.15 -0.87 -0.12 -30.12 -101.69 9.31
-0.10 -0.85 -0.16 -43.22 -96.41 2.12
-0.10 -0.88 -0.17 -55.18 -89.71 -2.73
-0.29 -1.03 -0.11 -59.40 -93.19 -13.13
-0.33 -1.17 -0.12 -54.17 -103.57 -14.67
-0.24 -1.26 -0.16 -38.00 -104.44 -7.88
-0.20 -1.18 -0.20 -20.76 -99.37 0.67
-0.23 -1.07 -0.22 -9.11 -97.54 12.93
-0.25 -0.99 -0.23 -1.77 -96.93 23.63
-0.22 -0.87 -0.27 -1.36 -95.80 32.38
-0.15 -0.77 -0.33 -9.13 -88.64 35.59
-0.15 -0.74 -0.32 -18.66 -79.08 18.69
-0.24 -0.73 -0.31 -36.66 -83.44 4.18
-0.19 -0.79 -0.38 -53.45 -80.20 -12.17
-0.20 -0.86 -0.39 -65.53 -76.23 -18.98
-0.19 -1.01 -0.38 -64.87 -71.68 -18.93
-0.17 -1.09 -0.40 -57.02 -66.41 -14.34
-0.16 -1.10 -0.42 -47.01 -60.46 -7.77
-0.13 -1.08 -0.44 -38.12 -54.85 -1.63
-0.12 -1.04 -0.47 -32.02 -47.30 0.40
-0.14 -1.00 -0.50 -30.98 -41.22 -2.27
-0.19 -0.99 -0.49 -31.53 -38.66 -5.42
-0.17 -0.97 -0.54 -35.77 -34.12 -9.30
-0.12 -1.05 -0.56 -38.66 -25.82 -14.46
-0.12 -1.17 -0.54 -33.56 -16.89 -15.44
-0.14 -1.20 -0.55 -23.50 -9.94 -13.25
-0.16 -1.19 -0.52 -11.18 -2.24 -8.76
-0.20 -1.15 -0.52 1.24 3.39 -0.69
-0.21 -1.10 -0.49 10.15 7.30 4.52
-0.18 -1.02 -0.49 14.14 10.43 6.00
-0.16 -0.93 -0.49 13.25 15.39 5.08
-0.16 -0.88 -0.48 8.99 19.65 2.92
-0.16 -0.87 -0.46 4.29 23.27 0.90
-0.16 -0.88 -0.45 -0.05 27.15 -0.11
-0.17 -0.91 -0.43 -1.95 29.62 1.01
-0.16 -0.93 -0.40 -1.34 32.12 4.61
-0.14 -0.94 -0.39 0.49 35.11 8.18
-0.12 -0.93 -0.38 3.27 38.99 10.58
-0.14 -0.90 -0.36 4.34 41.27 13.63
-0.13 -0.86 -0.35 1.85 43.25 13.28
-0.12 -0.85 -0.34 -3.10 46.11 11.54
-0.12 -0.86 -0.32 -8.90 48.35 8.40
-0.12 -0.87 -0.32 -14.72 50.85 5.07
-0.12 -0.91 -0.31 -17.40 53.74 3.22
-0.12 -0.94 -0.28 -18.31 55.19 3.92
-0.15 -0.96 -0.28 -17.69 56.50 4.31
-0.15 -0.95 -0.28 -19.54 57.95 3.68
-0.16 -0.97 -0.26 -22.00 59.08 2.47
-0.17 -0.98 -0.25 -23.66 60.49 2.92
-0.17 -1.01 -0.24 -23.77 60.56 4.27
-0.17 -1.05 -0.22 -21.19 59.73 6.55
-0.15 -1.07 -0.23 -15.37 60.58 9.79
-0.09 -1.06 -0.25 -9.34 63.91 14.08
-0.10 -1.02 -0.26 -7.13 66.72 15.04
-0.12 -0.98 -0.25 -8.75 68.64 13.25
-0.14 -0.97 -0.25 -10.58 68.78 11.57
-0.15 -0.97 -0.23 -12.37 70.00 10.09
-0.17 -0.99 -0.20 -12.63 69.59 8.75
-0.17 -1.02 -0.20 -10.92 67.44 9.54
-0.18 -1.03 -0.20 -8.15 67.16 11.31
-0.17 -1.02 -0.18 -5.36 66.15 12.61
-0.19 -1.00 -0.19 -3.27 65.48 14.32
-0.17 -1.00 -0.19 -2.40 65.44 14.93
-0.19 -1.01 -0.18 -0.81 65.02 13.31
-0.19 -1.01 -0.16 -0.70 64.96 10.49
