0.06 -1.01 0.30 -12.09 -4.46 -4.67
-0.00 -0.97 0.34 -13.69 -8.58 -5.79
-0.03 -0.96 0.38 -15.28 -13.60 -6.14
-0.04 -0.97 0.44 -15.66 -18.99 -6.20
-0.07 -0.92 0.46 -17.71 -25.94 -9.51
-0.10 -0.88 0.48 -23.30 -32.76 -12.08
-0.15 -0.87 0.52 -29.51 -40.24 -13.53
-0.22 -0.88 0.58 -34.67 -49.77 -15.13
-0.28 -0.91 0.64 -37.60 -61.56 -15.60
-0.36 -0.95 0.70 -36.20 -74.92 -14.67
-0.41 -0.94 0.72 -34.43 -88.63 -10.60
-0.50 -0.94 0.71 -28.15 -107.82 -11.16
-0.54 -0.87 0.65 -28.78 -126.78 -6.37
-0.57 -0.85 0.57 -29.54 -143.89 1.89
-0.58 -0.83 0.48 -31.79 -158.14 9.92
-0.61 -0.88 0.44 -36.31 -173.59 14.43
-0.66 -0.92 0.41 -40.37 -193.74 13.98
-0.61 -1.07 0.36 -35.89 -211.83 17.45
-0.43 -1.19 0.23 -19.86 -221.30 19.97
-0.39 -1.14 0.08 -6.35 -229.73 18.63
-0.37 -1.05 -0.04 -2.43 -237.86 16.21
-0.31 -0.98 -0.17 0.03 -244.92 16.02
-0.23 -0.94 -0.28 2.06 -246.85 20.52
-0.18 -0.88 -0.33 1.89 -246.43 24.70
-0.06 -0.86 -0.41 0.09 -242.34 27.86
-0.03 -0.83 -0.44 -4.34 -237.28 25.56
-0.03 -0.88 -0.44 -7.19 -234.60 23.02
0.05 -0.92 -0.47 -3.95 -229.42 23.34
0.10 -0.93 -0.53 1.47 -221.77 27.27
0.21 -0.92 -0.59 2.69 -209.02 30.95
0.25 -0.92 -0.59 0.32 -198.69 30.69
0.32 -0.95 -0.61 -0.92 -188.12 27.86
0.38 -0.95 -0.61 -5.10 -175.21 23.18
0.39 -1.02 -0.58 -6.20 -163.15 17.63
0.39 -1.07 -0.56 -1.85 -151.56 15.24
0.40 -1.10 -0.56 7.97 -140.06 19.36
0.46 -1.10 -0.62 20.58 -126.82 26.15
0.51 -1.04 -0.67 26.44 -112.58 27.94
0.59 -1.03 -0.74 24.96 -98.00 23.30
0.64 -1.04 -0.75 24.24 -81.07 19.45
0.67 -1.06 -0.76 25.11 -62.20 16.78
0.68 -1.07 -0.75 23.47 -43.76 11.77
0.70 -1.11 -0.77 25.48 -26.87 6.61
0.68 -1.11 -0.80 32.34 -7.53 6.29
0.66 -1.06 -0.80 35.24 11.37 5.27
0.67 -1.04 -0.82 32.87 27.22 2.82
0.70 -1.04 -0.85 32.11 45.68 -0.23
0.64 -1.01 -0.85 28.14 62.70 -3.71
0.65 -1.03 -0.84 26.67 78.84 -6.72
0.62 -1.04 -0.84 25.51 94.82 -9.24
0.59 -1.04 -0.81 23.73 109.98 -11.97
0.55 -1.06 -0.78 25.34 122.09 -13.37
0.54 -1.05 -0.76 26.69 136.87 -13.97
0.51 -1.04 -0.76 28.56 153.73 -14.64
0.46 -1.01 -0.73 27.18 164.00 -20.67
0.42 -0.96 -0.71 16.53 173.45 -32.49
0.34 -0.97 -0.66 7.08 177.71 -44.67
0.28 -1.01 -0.63 5.02 185.83 -46.03
0.27 -1.04 -0.69 9.27 190.08 -39.54
0.14 -0.94 -0.59 8.20 199.45 -32.35
0.12 -1.02 -0.55 9.44 198.93 -31.69
0.15 -1.05 -0.54 7.60 205.42 -32.37
0.12 -1.05 -0.46 6.92 210.78 -38.53
0.05 -1.03 -0.36 4.85 213.76 -46.99
-0.05 -1.01 -0.26 3.95 211.11 -56.03
-0.13 -0.95 -0.23 2.60 209.89 -59.30
-0.20 -0.87 -0.23 -2.63 212.96 -54.32
-0.34 -0.81 -0.15 -11.65 210.20 -46.43
-0.39 -0.87 -0.07 -17.83 201.98 -37.89
-0.33 -0.93 -0.00 -22.84 198.92 -33.83
-0.32 -1.00 0.11 -26.35 193.05 -35.19
-0.35 -1.05 0.20 -27.16 184.50 -38.87
-0.45 -1.06 0.30 -22.76 174.55 -38.38
-0.48 -1.03 0.42 -18.26 161.05 -35.16
-0.40 -0.99 0.38 -11.74 152.40 -33.83
-0.43 -0.87 0.38 -15.80 134.75 -34.53
-0.41 -0.84 0.37 -25.97 123.48 -31.42
-0.33 -0.86 0.54 -22.27 104.14 -21.47
-0.50 -1.03 0.56 -32.24 99.91 -1.30
-0.40 -1.12 0.64 -19.13 86.12 -7.56
-0.29 -1.04 0.53 -26.49 94.52 -1.02
-0.36 -1.11 0.63 -14.31 79.77 1.05
-0.38 -1.07 0.67 -7.19 63.74 1.56
-0.38 -1.02 0.71 1.69 43.98 -0.29
-0.09 -1.00 0.49 2.05 41.53 -2.89
-0.22 -0.98 0.51 3.11 38.34 -2.55
-0.18 -0.87 0.45 -7.47 25.28 -7.37
-0.11 -0.93 0.43 -13.50 23.80 -7.76
-0.08 -0.98 0.42 -10.82 19.77 -4.70
-0.05 -1.01 0.41 -7.10 14.55 -3.16
-0.01 -1.05 0.38 -0.35 11.59 0.40
0.02 -1.01 0.34 4.72 9.54 -0.02
0.01 -1.03 0.30 6.66 4.81 -1.08
0.05 -0.97 0.29 8.31 5.30 -0.89
0.05 -0.94 0.25 8.87 4.20 -0.63
0.07 -0.92 0.24 9.40 0.75 -1.83
0.06 -0.90 0.23 7.91 -0.50 -1.95
0.07 -0.87 0.20 5.97 -3.65 -0.73
0.10 -0.87 0.17 4.50 -3.82 3.21
0.11 -0.87 0.16 4.21 -3.94 6.75
