-0.04 -0.91 0.06 -3.78 54.92 0.14
-0.09 -0.91 0.09 -9.02 57.47 -2.72
-0.14 -0.94 0.12 -11.97 58.66 -2.94
-0.21 -0.95 0.16 -12.47 58.68 -2.34
-0.28 -0.94 0.18 -12.08 55.81 -0.85
-0.37 -0.93 0.20 -11.55 48.98 4.18
-0.45 -0.94 0.24 -9.95 35.53 7.53
-0.48 -0.94 0.23 -10.04 19.46 8.18
-0.39 -0.94 0.19 -10.98 11.02 12.74
-0.33 -0.95 0.17 -11.66 9.75 16.77
-0.39 -0.95 0.18 -13.91 8.31 17.35
-0.50 -0.94 0.21 -17.66 -0.53 13.07
-0.60 -1.01 0.23 -19.95 -14.86 5.40
-0.71 -1.07 0.29 -17.89 -33.88 0.86
-0.73 -1.12 0.26 -9.27 -52.66 5.31
-0.72 -1.11 0.21 0.41 -68.69 15.28
-0.73 -1.05 0.17 6.51 -85.53 23.51
-0.73 -0.98 0.14 6.21 -105.16 26.04
-0.65 -0.93 0.07 0.89 -122.43 25.31
-0.58 -0.92 0.02 -3.11 -134.21 27.59
-0.55 -0.93 0.00 -5.80 -146.21 29.94
-0.49 -0.96 -0.03 -6.33 -156.24 31.33
-0.44 -0.97 -0.07 -6.20 -163.18 31.23
-0.42 -0.97 -0.09 -7.02 -170.02 30.79
-0.44 -0.95 -0.12 -9.27 -176.05 29.59
-0.56 -0.93 -0.13 -13.55 -191.14 23.56
-0.64 -0.94 -0.14 -19.30 -211.06 19.47
-0.70 -0.98 -0.16 -21.66 -236.72 19.67
-0.52 -0.98 -0.29 -22.64 -250.14 29.28
-0.15 -1.03 -0.46 -21.89 -246.44 49.44
0.09 -1.10 -0.50 -20.36 -223.01 50.38
0.02 -1.15 -0.37 -23.41 -204.54 41.57
-0.11 -1.17 -0.32 -25.22 -199.90 23.02
-0.26 -1.14 -0.26 -23.63 -207.93 10.35
-0.31 -1.14 -0.28 -17.92 -220.70 10.77
-0.20 -1.13 -0.38 -6.47 -225.77 25.08
-0.10 -1.05 -0.45 3.34 -225.98 42.95
0.11 -0.97 -0.51 4.89 -219.05 57.75
0.23 -0.94 -0.53 1.33 -208.66 60.62
0.44 -0.92 -0.56 -6.23 -191.36 56.78
0.49 -0.93 -0.52 -13.80 -168.63 44.36
0.28 -0.93 -0.44 -23.15 -158.17 22.73
0.16 -0.88 -0.35 -34.95 -157.76 7.32
0.13 -0.92 -0.33 -37.17 -157.07 13.34
0.18 -0.97 -0.33 -29.64 -148.37 21.19
0.26 -0.99 -0.32 -19.03 -135.31 30.41
0.37 -0.96 -0.32 -12.79 -123.78 36.09
0.57 -0.98 -0.37 -10.78 -101.43 37.10
0.71 -1.03 -0.42 -8.26 -75.28 18.73
0.70 -0.94 -0.41 -16.89 -51.28 7.21
0.62 -0.98 -0.38 -24.02 -30.51 -2.92
0.53 -1.05 -0.34 -23.30 -13.72 -5.19
0.42 -1.08 -0.29 -17.39 -0.24 -0.18
0.37 -1.12 -0.29 -8.42 10.34 8.15
0.30 -1.09 -0.27 -2.22 18.62 14.97
0.24 -1.10 -0.23 1.16 23.65 16.61
0.23 -1.14 -0.21 4.53 27.57 14.83
0.24 -1.16 -0.21 7.98 34.18 8.84
0.24 -1.15 -0.21 9.75 40.56 0.95
0.27 -1.14 -0.22 10.35 47.05 -5.99
0.32 -1.14 -0.24 11.76 56.92 -11.89
0.31 -1.10 -0.26 12.01 68.24 -20.27
0.28 -1.04 -0.27 8.89 77.95 -24.31
0.20 -1.06 -0.23 7.75 86.20 -28.80
0.15 -1.08 -0.21 11.70 87.90 -18.60
0.18 -1.05 -0.22 16.85 94.85 -12.82
0.18 -1.00 -0.25 19.01 101.04 -8.09
0.17 -0.98 -0.26 17.69 103.91 -8.78
0.19 -0.97 -0.27 15.64 107.76 -9.26
0.24 -1.00 -0.29 15.07 115.74 -11.98
0.23 -1.00 -0.28 15.02 124.55 -15.90
0.19 -1.01 -0.27 14.28 132.66 -21.72
0.15 -1.01 -0.27 13.49 141.05 -25.62
0.06 -0.98 -0.24 11.96 145.60 -29.96
-0.03 -0.97 -0.23 10.21 144.36 -32.02
-0.06 -0.97 -0.21 8.62 140.96 -33.79
-0.02 -0.95 -0.24 6.44 139.99 -30.37
0.04 -0.96 -0.26 4.27 143.61 -28.08
0.06 -0.95 -0.27 0.02 150.26 -29.38
0.01 -0.96 -0.24 -5.24 154.38 -34.00
0.00 -1.00 -0.23 -7.71 160.36 -37.34
-0.09 -1.01 -0.20 -7.23 163.98 -36.25
-0.16 -1.04 -0.18 -3.69 163.66 -34.83
-0.19 -1.03 -0.16 -0.97 160.96 -31.44
-0.16 -1.02 -0.18 0.77 157.82 -30.56
-0.09 -1.02 -0.19 1.86 160.91 -29.49
-0.11 -0.98 -0.18 0.05 164.47 -30.55
-0.16 -0.95 -0.17 -4.60 165.74 -34.12
-0.22 -0.96 -0.14 -8.38 165.37 -36.85
-0.26 -1.01 -0.12 -9.21 163.82 -37.62
-0.31 -1.05 -0.08 -7.24 161.78 -34.99
-0.33 -1.06 -0.06 -2.91 158.34 -29.97
-0.33 -1.04 -0.06 1.20 155.45 -26.10
-0.34 -1.01 -0.04 2.69 151.56 -25.01
-0.33 -0.99 -0.03 1.95 149.50 -25.92
-0.38 -0.97 0.01 0.37 146.48 -28.56
-0.47 -0.96 0.06 -1.47 140.19 -30.50
-0.53 -0.96 0.10 -2.28 131.11 -29.02
-0.58 -0.94 0.12 -1.85 120.85 -24.47
-0.60 -0.92 0.15 -1.48 108.27 -17.89
