-0.17 -1.02 -0.11 0.21 0.99 3.02
-0.16 -1.02 -0.10 1.21 -0.06 1.39
-0.18 -1.02 -0.09 1.24 -1.47 -0.43
-0.17 -1.01 -0.07 1.24 -3.15 -2.46
-0.18 -1.02 -0.06 2.78 -5.13 -2.41
-0.16 -1.01 -0.06 4.29 -5.04 -0.32
-0.18 -1.03 -0.03 6.55 -7.11 0.23
-0.16 -1.04 -0.02 8.34 -9.22 0.02
-0.15 -1.05 -0.00 11.77 -8.27 0.29
-0.16 -1.06 -0.00 15.54 -8.72 -1.86
-0.19 -1.02 0.02 14.84 -9.65 -4.08
-0.28 -1.04 0.04 10.85 -16.98 -10.40
-0.23 -1.04 0.03 8.49 -21.83 -13.40
-0.20 -1.06 0.01 8.11 -21.42 -9.66
-0.20 -1.06 0.04 11.97 -26.08 -13.08
-0.18 -1.04 0.02 13.05 -27.76 -15.04
-0.18 -1.02 0.02 15.42 -29.42 -15.44
-0.19 -0.97 0.01 14.60 -32.46 -14.69
-0.20 -0.91 0.04 10.96 -36.90 -16.69
-0.15 -0.94 -0.03 10.72 -36.89 -21.77
-0.17 -0.87 -0.01 6.26 -37.40 -20.08
-0.22 -0.89 -0.02 0.82 -41.45 -20.96
-0.24 -0.92 -0.02 -3.71 -46.29 -20.85
-0.20 -0.97 -0.01 -4.24 -50.20 -18.20
-0.17 -1.00 -0.02 -2.44 -52.46 -15.92
-0.15 -1.01 -0.02 0.67 -52.89 -13.02
-0.14 -0.98 -0.03 2.79 -51.57 -10.72
-0.16 -0.95 -0.03 3.88 -51.91 -9.45
-0.17 -0.94 -0.04 4.41 -52.49 -9.45
-0.17 -0.95 -0.05 7.45 -52.31 -5.94
-0.19 -0.93 -0.06 11.02 -52.34 -1.19
-0.24 -0.92 -0.05 13.19 -56.66 4.38
-0.22 -0.91 -0.05 13.05 -61.22 6.90
-0.20 -0.91 -0.08 10.06 -63.91 4.75
-0.20 -0.91 -0.10 5.98 -66.58 1.36
-0.23 -0.93 -0.11 2.12 -70.18 -4.31
-0.21 -0.94 -0.14 -2.37 -73.50 -8.93
-0.13 -0.99 -0.18 -3.47 -72.46 -10.81
-0.08 -1.03 -0.20 0.98 -67.31 -7.40
-0.09 -1.01 -0.19 7.18 -61.21 -2.47
-0.10 -1.02 -0.19 13.88 -56.75 3.89
-0.17 -0.98 -0.17 19.11 -56.35 7.13
-0.16 -0.93 -0.18 20.38 -56.47 11.73
-0.14 -0.87 -0.19 19.25 -56.00 15.77
-0.11 -0.81 -0.23 14.18 -52.41 16.27
-0.09 -0.76 -0.24 5.50 -46.11 11.10
-0.11 -0.77 -0.25 -4.41 -36.15 0.92
-0.22 -0.81 -0.18 -11.94 -34.79 -6.87
-0.19 -0.78 -0.26 -26.35 -32.29 -13.28
-0.23 -0.90 -0.23 -35.69 -30.21 -19.25
-0.31 -1.01 -0.22 -39.69 -32.44 -22.27
-0.27 -1.12 -0.24 -36.69 -34.09 -19.19
-0.24 -1.17 -0.26 -26.15 -32.18 -12.72
-0.24 -1.14 -0.28 -13.88 -28.66 -4.05
-0.20 -1.06 -0.29 -4.60 -23.22 3.36
-0.26 -0.97 -0.28 0.06 -24.08 8.21
-0.28 -0.90 -0.33 -0.73 -27.63 7.53
-0.30 -0.87 -0.35 -4.67 -34.12 5.16
-0.20 -0.88 -0.41 -9.56 -36.43 3.53
-0.08 -0.91 -0.48 -12.26 -29.98 2.92
-0.07 -0.96 -0.49 -11.83 -20.12 0.44
-0.10 -0.96 -0.48 -11.80 -13.11 -0.70
-0.14 -0.97 -0.47 -12.11 -7.53 -2.60
-0.18 -0.99 -0.48 -10.72 -3.31 -2.58
-0.22 -0.99 -0.48 -10.08 -0.20 -2.93
-0.24 -0.99 -0.49 -8.49 0.85 -2.08
-0.21 -0.99 -0.49 -7.01 2.96 2.27
-0.15 -0.99 -0.49 -4.09 7.04 5.89
-0.13 -0.97 -0.50 -3.28 12.12 7.30
-0.11 -0.95 -0.49 -2.98 16.96 7.05
-0.12 -0.92 -0.48 -3.85 21.22 5.48
-0.14 -0.89 -0.46 -8.15 25.28 2.37
-0.14 -0.91 -0.44 -12.96 30.52 -0.70
-0.18 -0.92 -0.42 -16.85 34.93 -2.75
-0.22 -0.96 -0.38 -19.88 36.34 -3.24
-0.23 -1.02 -0.36 -19.40 36.98 -0.23
-0.23 -1.06 -0.35 -13.45 38.06 5.91
-0.18 -1.06 -0.35 -5.62 41.05 13.54
-0.09 -1.03 -0.36 0.76 48.66 16.37
-0.11 -0.97 -0.33 0.52 54.85 11.86
-0.16 -0.92 -0.30 -3.86 56.50 6.23
-0.15 -0.89 -0.30 -9.59 57.59 3.51
-0.16 -0.90 -0.28 -13.51 59.45 4.69
-0.17 -0.94 -0.26 -14.63 60.81 6.69
-0.17 -0.95 -0.25 -14.67 61.86 8.02
-0.18 -0.99 -0.23 -13.11 62.93 9.86
-0.19 -1.00 -0.21 -10.24 63.11 10.43
-0.18 -0.97 -0.20 -8.52 63.63 11.45
-0.16 -0.96 -0.17 -8.14 63.73 13.18
-0.15 -0.92 -0.17 -9.60 64.05 14.35
-0.14 -0.90 -0.16 -13.33 64.81 14.09
-0.14 -0.90 -0.18 -17.51 65.91 12.90
-0.17 -0.92 -0.17 -21.82 66.46 10.55
-0.22 -0.97 -0.14 -24.75 64.73 6.90
-0.23 -1.01 -0.14 -23.94 61.37 8.82
-0.23 -1.05 -0.11 -18.76 59.60 10.87
-0.22 -1.05 -0.11 -12.08 57.97 14.95
-0.21 -1.04 -0.11 -5.89 57.25 18.52
-0.18 -1.00 -0.11 -2.31 57.02 20.64
-0.16 -0.97 -0.11 -1.08 58.17 21.65
