-0.16 -0.94 0.05 -5.63 1.57 0.17
-0.16 -0.94 0.03 -5.73 1.44 0.32
-0.18 -0.95 0.04 -6.41 0.85 -0.12
-0.19 -0.94 0.04 -6.87 -0.15 -0.11
-0.17 -0.94 0.03 -7.82 0.09 1.01
-0.16 -0.95 0.03 -8.40 0.81 2.06
-0.17 -0.97 0.05 -7.71 0.47 2.55
-0.19 -0.98 0.06 -5.60 -0.18 2.73
-0.21 -0.97 0.06 -4.92 -1.37 2.55
-0.21 -0.96 0.05 -4.60 -2.55 1.11
-0.22 -0.96 0.05 -4.89 -3.71 0.11
-0.24 -0.93 0.06 -6.60 -5.53 -0.75
-0.26 -0.92 0.06 -8.06 -7.68 0.18
-0.28 -0.93 0.06 -9.13 -9.98 2.41
-0.30 -0.95 0.07 -9.15 -12.18 5.18
-0.30 -0.97 0.07 -8.47 -14.34 6.92
-0.32 -0.98 0.07 -7.60 -16.78 6.29
-0.32 -0.97 0.08 -7.54 -19.92 4.29
-0.36 -0.95 0.07 -7.97 -23.33 2.55
-0.40 -0.93 0.07 -9.04 -27.83 2.38
-0.42 -0.94 0.08 -9.44 -32.76 3.77
-0.43 -0.95 0.10 -8.52 -37.42 7.33
-0.43 -0.95 0.08 -7.60 -41.95 10.70
-0.42 -0.95 0.06 -7.85 -46.52 12.24
-0.42 -0.93 0.06 -8.93 -51.10 11.66
-0.42 -0.92 0.05 -10.76 -56.05 11.45
-0.42 -0.91 0.05 -12.40 -60.70 12.41
-0.38 -0.93 0.04 -13.11 -63.27 14.17
-0.38 -0.94 0.04 -12.61 -65.92 15.07
-0.39 -0.94 0.04 -12.53 -69.71 14.69
-0.38 -0.93 0.02 -12.92 -74.18 13.77
-0.38 -0.91 0.02 -14.66 -78.03 14.40
-0.38 -0.91 0.02 -15.94 -82.20 15.57
-0.36 -0.92 0.01 -16.82 -85.15 17.53
-0.32 -0.93 -0.01 -16.89 -87.97 19.47
-0.29 -0.93 -0.01 -17.02 -88.58 21.15
-0.27 -0.92 -0.02 -17.63 -90.92 21.69
-0.25 -0.93 -0.03 -18.31 -90.73 20.58
-0.23 -0.94 -0.03 -18.60 -91.34 19.07
-0.21 -0.94 -0.03 -19.07 -92.55 18.64
-0.21 -0.94 -0.04 -19.80 -92.50 18.72
-0.19 -0.94 -0.04 -20.35 -94.41 20.20
-0.16 -0.94 -0.05 -21.05 -93.79 21.18
-0.15 -0.95 -0.06 -22.17 -93.11 22.02
-0.12 -0.96 -0.05 -22.26 -93.92 23.05
-0.11 -0.97 -0.05 -21.51 -91.16 22.89
-0.08 -0.99 -0.05 -20.14 -90.38 22.00
-0.06 -0.98 -0.07 -19.53 -89.31 19.62
-0.06 -0.97 -0.07 -19.37 -86.34 17.39
-0.07 -0.96 -0.05 -19.92 -84.44 14.70
-0.08 -0.95 -0.07 -21.59 -83.80 12.67
-0.09 -0.95 -0.07 -22.81 -82.66 12.00
-0.09 -0.96 -0.04 -23.01 -82.29 11.30
-0.10 -0.97 -0.05 -22.31 -83.08 13.08
-0.04 -0.95 -0.07 -22.49 -82.00 14.18
-0.01 -0.96 -0.07 -23.22 -80.50 13.79
0.03 -0.96 -0.08 -24.95 -78.49 10.24
0.05 -0.99 -0.08 -25.28 -75.18 8.18
0.06 -1.01 -0.08 -24.56 -70.90 7.60
0.06 -1.01 -0.08 -23.73 -67.56 7.37
0.06 -1.02 -0.07 -22.40 -64.27 7.62
0.07 -1.01 -0.06 -21.11 -60.95 7.89
0.09 -1.00 -0.06 -20.67 -57.59 8.02
0.13 -1.01 -0.06 -20.78 -53.60 7.50
0.16 -1.02 -0.07 -20.60 -48.55 6.63
0.17 -1.02 -0.07 -20.00 -42.99 5.77
0.18 -1.04 -0.06 -18.73 -37.28 4.67
0.18 -1.05 -0.07 -17.51 -32.02 3.48
0.18 -1.07 -0.06 -15.60 -26.23 1.77
0.18 -1.09 -0.05 -12.84 -20.64 1.08
0.18 -1.10 -0.04 -9.89 -15.24 1.83
0.19 -1.10 -0.05 -6.85 -9.59 2.41
0.21 -1.11 -0.05 -4.09 -3.28 2.27
0.22 -1.10 -0.06 -1.65 3.48 1.80
0.21 -1.10 -0.06 1.05 10.63 1.16
0.19 -1.10 -0.06 3.66 17.04 0.26
0.16 -1.08 -0.05 5.80 22.09 -1.76
0.16 -1.06 -0.07 7.28 27.22 -3.28
0.15 -1.04 -0.06 8.06 32.58 -3.42
0.14 -1.01 -0.06 8.14 37.34 -2.96
0.13 -1.02 -0.06 8.81 41.66 -1.94
0.13 -1.02 -0.07 10.31 46.34 -1.02
0.13 -1.04 -0.07 11.40 51.10 -2.26
0.11 -1.05 -0.08 12.72 55.62 -5.19
0.10 -1.03 -0.09 13.92 60.02 -7.97
0.09 -1.00 -0.08 14.43 64.82 -10.31
0.06 -0.98 -0.08 13.88 69.05 -11.91
0.01 -0.96 -0.07 12.41 71.39 -12.73
-0.01 -0.95 -0.07 10.78 72.98 -11.89
-0.03 -0.95 -0.06 9.47 74.40 -10.92
-0.05 -0.96 -0.05 8.79 75.45 -10.18
-0.06 -0.99 -0.05 9.47 76.53 -11.69
-0.06 -1.00 -0.05 10.52 77.44 -14.40
-0.07 -0.99 -0.04 10.96 79.01 -17.01
-0.09 -0.98 -0.04 10.93 79.77 -18.76
-0.09 -0.97 -0.04 11.31 81.36 -18.55
-0.12 -0.97 -0.03 11.47 81.88 -16.60
-0.13 -0.96 -0.05 10.82 82.15 -15.94
-0.14 -0.96 -0.05 9.33 82.15 -15.44
-0.13 -0.98 -0.05 8.47 82.50 -16.17
