0.05 -1.01 -0.02 -10.31 7.58 9.17
0.04 -1.02 0.01 -14.21 6.61 7.09
0.02 -1.06 0.03 -17.38 5.09 4.04
0.01 -1.09 0.08 -18.83 3.79 1.33
-0.01 -1.11 0.12 -19.88 1.95 -1.79
-0.03 -1.13 0.16 -21.02 -0.38 -3.60
-0.08 -1.14 0.22 -22.51 -3.61 -6.47
-0.10 -1.15 0.28 -25.73 -7.49 -10.05
-0.14 -1.16 0.37 -31.56 -10.03 -15.77
-0.28 -1.19 0.50 -38.19 -16.56 -24.76
-0.41 -1.26 0.68 -42.97 -25.92 -34.05
-0.55 -1.33 0.80 -40.11 -41.84 -43.00
-0.74 -1.32 0.93 -36.00 -60.65 -49.40
-0.89 -1.30 1.02 -33.34 -85.97 -55.36
-1.03 -1.25 1.06 -29.18 -115.79 -58.07
-1.19 -1.10 1.08 -28.81 -148.14 -55.49
-1.30 -1.10 1.02 -22.90 -184.98 -46.44
-1.43 -1.18 0.92 -13.89 -222.54 -37.84
-1.55 -1.29 0.82 -0.92 -250.14 -37.85
-1.42 -1.40 0.57 16.26 -250.14 -35.91
-1.34 -1.42 0.32 34.03 -250.14 -41.29
-1.16 -1.52 -0.02 57.98 -250.14 -42.27
-0.89 -1.43 -0.36 85.08 -250.14 -43.41
-0.56 -1.23 -0.80 102.38 -250.14 -38.73
-0.35 -1.02 -1.07 101.34 -250.14 -44.17
-0.28 -0.76 -1.18 78.85 -250.14 -58.07
-0.15 -0.79 -1.28 55.82 -250.14 -67.44
-0.09 -0.70 -1.29 42.53 -250.14 -70.53
-0.08 -0.77 -1.36 37.29 -250.14 -64.54
-0.03 -0.78 -1.40 40.35 -250.14 -54.34
0.06 -0.80 -1.49 44.03 -250.14 -49.60
0.20 -0.91 -1.54 50.16 -250.14 -43.20
0.26 -0.78 -1.57 56.33 -231.87 -44.41
0.32 -0.80 -1.65 53.35 -218.10 -43.70
0.55 -0.90 -1.82 47.37 -192.58 -43.40
0.54 -0.70 -1.75 40.60 -163.78 -38.87
0.64 -0.65 -1.79 35.98 -129.53 -29.12
0.72 -0.65 -1.85 35.40 -98.94 -23.79
0.76 -0.59 -1.88 26.95 -64.15 -17.70
0.81 -0.58 -1.87 19.40 -31.27 -10.64
0.88 -0.58 -1.91 14.49 4.70 -2.73
0.88 -0.53 -1.90 8.53 39.83 3.58
0.85 -0.51 -1.84 0.75 70.56 10.10
0.81 -0.52 -1.81 -5.76 102.73 13.05
0.77 -0.56 -1.77 -11.97 131.83 15.89
0.70 -0.60 -1.75 -12.37 158.16 20.99
0.59 -0.60 -1.69 -13.10 185.06 31.14
0.54 -0.56 -1.73 -15.82 210.56 37.12
0.44 -0.58 -1.67 -28.11 235.19 40.77
0.36 -0.67 -1.63 -36.27 250.13 41.91
0.21 -0.73 -1.51 -46.98 250.13 41.27
-0.04 -0.85 -1.27 -50.76 250.13 40.33
-0.22 -1.04 -1.32 -66.45 250.13 41.51
-0.17 -0.99 -1.07 -77.11 250.13 25.80
-0.38 -1.00 -0.80 -81.47 250.13 23.74
-0.45 -1.16 -0.71 -78.24 250.13 29.11
-0.54 -1.20 -0.44 -57.97 250.13 35.63
-0.63 -1.12 -0.30 -51.86 250.13 44.41
-0.78 -1.07 -0.03 -48.30 250.13 38.70
-0.78 -0.81 -0.02 -57.64 250.13 37.83
-0.89 -1.18 0.20 -105.48 250.13 24.60
-1.16 -1.46 0.50 -85.95 250.13 21.08
-1.00 -1.52 0.47 -87.73 226.99 23.24
-1.18 -1.64 0.81 -77.62 206.67 34.37
-0.66 -1.66 0.54 -82.64 187.19 31.91
-1.21 -2.00 0.96 -3.49 158.09 24.06
-0.76 -1.38 0.87 -27.65 158.03 26.34
-0.91 -1.63 0.95 6.69 123.19 11.44
-0.56 -1.21 0.71 -10.79 119.57 10.43
-0.70 -1.32 0.78 3.05 88.68 2.29
-0.48 -1.13 0.65 1.10 75.02 3.13
-0.43 -1.12 0.61 5.90 58.11 3.05
-0.27 -1.03 0.49 6.63 44.36 5.02
-0.17 -1.03 0.42 13.00 34.74 9.42
-0.09 -0.97 0.31 18.86 26.89 10.21
-0.07 -0.90 0.26 18.95 15.36 7.30
0.03 -0.89 0.16 16.18 7.60 5.26
0.10 -0.90 0.08 15.38 4.27 5.29
0.14 -0.90 0.01 14.74 4.60 5.43
0.12 -0.90 0.00 9.40 2.27 3.42
0.16 -0.91 -0.04 5.56 1.15 4.06
0.15 -0.96 -0.09 5.21 2.51 7.71
0.15 -0.96 -0.10 7.24 0.54 9.53
0.12 -0.99 -0.11 6.56 -2.18 9.17
0.18 -1.00 -0.15 6.05 -2.82 9.06
0.18 -1.03 -0.16 8.49 0.50 10.99
0.17 -0.99 -0.18 7.09 1.85 10.15
0.17 -0.99 -0.18 5.84 2.55 10.73
0.16 -1.05 -0.19 7.50 2.87 12.57
0.17 -1.06 -0.19 10.08 3.75 12.49
0.18 -1.06 -0.20 11.02 5.38 10.77
0.19 -1.03 -0.18 9.82 7.07 8.66
0.17 -1.02 -0.17 9.47 8.55 6.99
0.16 -1.01 -0.15 9.57 9.39 6.92
0.44 -1.56 -0.37 28.20 18.79 23.44
0.06 -0.91 -0.10 4.18 4.53 -6.11
0.14 -1.05 -0.16 0.12 10.15 2.91
0.16 -0.99 -0.13 1.95 4.50 1.89
-0.05 -1.03 0.13 10.67 12.00 8.21
0.21 -1.02 -0.16 6.46 4.63 -2.29
