0.12 -0.93 0.24 -7.98 -5.77 -4.98
0.12 -0.97 0.26 -9.15 -7.83 -7.69
0.11 -0.97 0.26 -8.70 -9.82 -8.50
0.12 -0.99 0.27 -6.70 -10.96 -7.97
0.13 -0.96 0.25 -8.40 -11.79 -11.28
0.14 -0.93 0.25 -14.06 -14.29 -18.49
0.12 -0.87 0.24 -23.97 -16.43 -26.21
0.09 -0.84 0.28 -36.49 -19.48 -34.15
0.07 -0.88 0.36 -47.30 -23.98 -42.44
-0.00 -0.95 0.47 -48.17 -27.83 -43.11
-0.14 -1.05 0.64 -36.08 -32.99 -31.89
-0.23 -1.04 0.71 -18.75 -41.27 -15.71
-0.26 -1.00 0.71 -5.27 -51.28 0.08
-0.26 -0.93 0.70 -0.73 -62.96 7.45
-0.26 -0.89 0.68 -5.48 -76.02 3.63
-0.27 -0.88 0.67 -15.53 -90.11 -5.22
-0.32 -0.92 0.70 -24.58 -105.28 -14.63
-0.34 -0.98 0.73 -24.32 -119.85 -17.60
-0.37 -1.03 0.70 -15.36 -130.53 -13.91
-0.45 -1.00 0.67 -5.37 -143.62 -5.65
-0.48 -0.96 0.62 0.99 -157.60 2.06
-0.52 -0.90 0.52 1.47 -173.56 4.47
-0.53 -0.88 0.47 -1.89 -191.19 4.67
-0.48 -0.92 0.38 1.07 -205.01 6.11
-0.50 -0.88 0.32 5.07 -217.37 10.47
-0.49 -0.88 0.23 12.05 -230.32 19.30
-0.46 -0.83 0.08 17.28 -241.76 30.14
-0.35 -0.79 -0.12 17.59 -249.48 40.96
-0.23 -0.76 -0.28 11.91 -253.94 46.95
-0.13 -0.80 -0.39 6.29 -255.18 49.98
0.02 -0.85 -0.50 2.32 -250.12 49.63
0.08 -0.87 -0.54 -0.93 -243.50 48.24
0.12 -0.89 -0.56 -1.91 -236.87 47.36
0.16 -0.88 -0.62 -2.79 -227.60 52.53
0.21 -0.95 -0.64 3.10 -214.35 63.82
0.23 -0.93 -0.68 6.06 -201.83 70.79
0.27 -0.92 -0.68 1.62 -191.79 72.64
0.38 -0.97 -0.68 -3.24 -179.85 64.81
0.41 -1.04 -0.61 -4.56 -169.82 53.25
0.43 -1.09 -0.56 -1.48 -157.62 44.06
0.45 -1.14 -0.57 6.02 -147.59 38.29
0.54 -1.15 -0.65 20.49 -130.81 43.50
0.63 -1.04 -0.76 25.89 -107.66 42.89
0.62 -0.95 -0.80 16.43 -90.72 33.54
0.67 -0.99 -0.82 4.82 -72.85 23.66
0.64 -1.07 -0.77 0.05 -51.94 18.23
0.54 -1.18 -0.68 2.99 -36.96 18.12
0.52 -1.29 -0.65 12.78 -23.01 18.92
0.56 -1.33 -0.68 21.51 -7.53 18.18
0.57 -1.30 -0.72 21.79 8.40 10.05
0.56 -1.30 -0.71 21.95 22.34 0.18
0.55 -1.32 -0.70 27.73 36.85 -6.79
0.53 -1.27 -0.71 35.44 50.50 -8.50
0.54 -1.18 -0.74 41.21 66.60 -6.67
0.56 -1.06 -0.80 40.12 80.81 -9.80
0.59 -0.95 -0.84 28.12 93.59 -17.22
0.57 -0.95 -0.82 17.91 109.76 -19.53
0.50 -1.01 -0.77 15.92 123.69 -17.77
0.45 -1.08 -0.71 18.87 135.13 -16.00
0.45 -1.13 -0.71 23.69 147.18 -15.60
0.46 -1.12 -0.73 27.18 160.76 -16.63
0.42 -1.08 -0.75 24.92 172.20 -23.01
0.39 -1.02 -0.76 15.07 183.47 -33.28
0.30 -1.02 -0.67 6.66 193.40 -40.81
0.20 -1.05 -0.60 4.92 202.52 -43.60
0.07 -1.04 -0.51 3.05 208.78 -46.85
0.02 -1.05 -0.44 2.87 210.43 -47.60
-0.05 -1.02 -0.37 3.80 211.34 -46.21
-0.07 -0.98 -0.32 5.02 216.23 -44.47
-0.13 -0.96 -0.24 5.48 213.51 -44.44
-0.08 -0.90 -0.25 0.18 216.92 -48.70
-0.15 -0.86 -0.16 -8.23 214.70 -54.21
-0.19 -0.85 -0.09 -16.18 210.99 -59.02
-0.29 -0.86 -0.02 -20.34 204.37 -58.32
-0.32 -0.89 0.07 -20.93 200.64 -50.67
-0.32 -0.88 0.14 -19.54 197.05 -42.85
-0.31 -0.86 0.17 -22.41 192.82 -39.63
-0.34 -0.84 0.26 -31.40 186.05 -42.21
-0.73 -0.85 0.57 -29.92 165.01 -42.96
-0.46 -0.95 0.52 -40.43 152.55 -42.15
-0.39 -0.92 0.56 -37.65 149.31 -39.56
-0.37 -1.12 0.59 -17.85 141.89 -19.59
-0.35 -1.07 0.60 1.60 127.36 -11.19
-0.36 -0.93 0.61 0.00 113.69 -14.18
-0.38 -0.86 0.63 -7.13 96.09 -19.33
-0.37 -0.84 0.60 -16.52 86.78 -16.50
-0.37 -0.85 0.64 -23.36 75.05 -14.40
-0.36 -0.94 0.68 -27.25 62.60 -12.92
-0.36 -1.07 0.70 -19.77 50.61 -9.53
-0.25 -1.16 0.70 -5.54 41.71 -4.03
-0.19 -1.14 0.66 8.85 33.48 -1.45
-0.15 -1.00 0.57 13.83 25.45 -3.05
-0.12 -0.92 0.51 12.23 17.80 -3.34
-0.09 -0.88 0.46 8.81 11.89 -1.51
-0.05 -0.92 0.41 8.90 7.86 0.84
0.01 -0.92 0.36 7.36 5.69 -0.14
0.05 -0.91 0.35 5.24 1.89 -2.53
0.06 -0.91 0.31 7.59 1.01 0.41
0.05 -0.88 0.29 10.75 -0.06 5.27
0.08 -0.87 0.25 10.99 -2.63 9.86
