0.05 -0.98 -0.27 -6.87 19.76 8.24
-0.03 -0.97 -0.21 -0.09 27.31 12.92
-0.08 -0.95 -0.16 -0.17 27.92 13.48
-0.10 -0.93 -0.10 -1.22 26.53 13.74
-0.12 -0.92 -0.09 -2.00 26.08 15.37
-0.15 -0.89 -0.07 -3.22 26.09 18.05
-0.19 -0.88 -0.04 -5.94 25.73 20.29
-0.22 -0.88 -0.01 -11.74 25.79 23.22
-0.26 -0.92 0.03 -16.38 25.48 23.82
-0.28 -0.91 0.07 -23.62 26.50 22.50
-0.40 -0.97 0.13 -27.98 22.89 22.66
-0.53 -0.98 0.24 -32.34 17.98 21.57
-0.74 -0.95 0.42 -41.74 4.40 19.37
-0.89 -0.93 0.55 -54.66 -12.95 18.90
-1.20 -0.97 0.79 -66.14 -36.87 19.80
-1.52 -0.99 1.07 -81.59 -74.05 16.73
-1.76 -1.06 1.26 -96.02 -113.79 13.66
-2.05 -1.15 1.48 -101.40 -164.60 6.24
-2.31 -1.16 1.57 -111.62 -223.98 -5.05
-2.23 -1.28 1.54 -112.92 -277.63 -25.34
-2.06 -1.35 1.28 -111.13 -319.80 -43.51
-1.79 -1.42 0.95 -92.24 -340.76 -64.63
-1.52 -1.26 0.68 -78.66 -345.13 -91.66
-1.42 -1.03 0.43 -73.25 -343.02 -118.24
-1.37 -0.76 0.15 -64.81 -347.33 -126.53
-1.37 -0.43 -0.10 -60.09 -353.86 -118.75
-1.43 -0.07 -0.34 -72.61 -367.47 -111.18
-1.26 0.22 -0.60 -104.11 -362.66 -95.82
-1.35 0.14 -0.79 -133.95 -360.73 -89.25
-1.28 -0.12 -1.02 -145.24 -362.96 -84.96
-1.18 -0.38 -1.28 -135.85 -355.69 -82.85
-1.20 -0.49 -1.46 -116.84 -355.66 -79.68
-1.15 -0.52 -1.64 -94.81 -359.92 -75.65
-0.98 -0.55 -1.87 -70.81 -364.03 -63.54
-0.82 -0.54 -2.15 -43.11 -367.22 -49.68
-0.45 -0.41 -2.36 -44.50 -350.78 -41.11
-0.03 -0.60 -2.72 -39.40 -320.70 -34.92
0.36 -0.66 -2.93 -28.82 -276.00 -31.31
0.67 -0.73 -3.06 -22.17 -222.85 -23.47
0.95 -0.81 -3.30 -13.65 -168.14 -30.81
1.15 -0.88 -3.24 -2.11 -101.97 -17.69
1.13 -0.91 -3.27 9.74 -34.38 -14.60
1.09 -0.80 -3.04 15.50 25.08 -0.14
0.93 -0.79 -2.81 17.68 79.56 10.06
0.77 -0.78 -2.56 14.69 126.40 11.40
0.68 -0.85 -2.42 11.77 177.92 6.06
0.47 -0.90 -2.27 11.89 219.30 -2.90
0.33 -0.94 -2.21 10.44 259.30 -14.56
0.14 -1.02 -2.10 26.44 293.07 -13.07
-0.02 -1.01 -2.05 45.07 329.59 -5.22
-0.23 -0.95 -1.98 64.40 359.74 0.67
-0.38 -0.87 -1.89 81.24 379.42 9.80
-0.46 -0.77 -1.82 95.15 397.10 22.50
-0.54 -0.73 -1.72 111.51 411.11 34.90
-0.63 -0.65 -1.62 127.37 424.84 51.73
-0.83 -0.59 -1.43 142.67 428.99 68.02
-1.02 -0.58 -1.18 154.02 420.52 78.24
-1.11 -0.57 -0.99 164.18 409.08 85.45
-1.13 -0.47 -0.83 161.91 395.66 77.10
-1.17 -0.42 -0.67 141.56 383.82 58.75
-1.40 -0.32 -0.34 104.75 361.28 32.15
-1.53 -0.29 0.01 58.50 328.17 6.81
-0.83 -0.03 0.00 -1.89 309.53 -21.33
-1.64 -0.70 0.29 -8.87 264.31 -20.47
-1.31 -0.36 0.60 -3.02 243.51 -10.73
-1.49 -0.85 0.56 12.66 228.32 5.10
-1.47 -0.86 0.70 32.95 191.86 28.31
-1.09 -1.06 0.56 48.49 165.42 39.80
-1.15 -0.79 0.67 46.64 162.49 49.13
-1.24 -0.93 0.79 52.63 118.32 46.23
-1.07 -0.74 0.75 27.22 111.15 31.71
-1.08 -0.80 0.81 8.58 85.73 17.44
-0.96 -0.86 0.75 -8.31 63.53 4.79
-0.81 -0.91 0.67 -20.41 48.75 2.32
-0.64 -1.03 0.54 -21.24 39.66 4.53
-0.56 -1.07 0.44 -15.97 32.46 6.95
-0.50 -1.08 0.35 -7.05 24.87 10.52
-0.47 -1.07 0.30 1.71 17.24 15.40
-0.44 -1.03 0.24 6.00 9.74 18.18
-0.43 -1.02 0.21 5.34 1.07 16.95
-0.41 -1.03 0.16 1.91 -8.15 13.73
-0.38 -1.04 0.12 -1.16 -15.85 10.63
-0.33 -1.06 0.07 -3.37 -21.47 9.28
-0.28 -1.09 0.02 -3.16 -28.78 8.89
-0.25 -1.11 -0.01 -2.81 -33.11 5.88
-0.17 -1.14 -0.09 -2.20 -34.29 1.76
-0.11 -1.17 -0.15 1.01 -35.24 -1.42
-0.05 -1.15 -0.21 4.43 -31.82 -5.31
-0.02 -1.12 -0.22 5.94 -28.73 -7.02
-0.02 -1.08 -0.23 5.10 -23.02 -8.15
-0.03 -1.07 -0.22 5.21 -18.73 -7.88
-0.02 -1.04 -0.23 5.60 -14.60 -5.69
-0.05 -1.01 -0.20 4.20 -10.93 -4.84
-0.06 -1.02 -0.19 4.66 -9.42 -3.42
-0.08 -1.01 -0.16 4.78 -8.50 -3.74
-0.09 -1.01 -0.16 5.01 -9.54 -4.31
-0.10 -1.00 -0.14 6.12 -10.52 -5.02
-0.10 -0.99 -0.13 7.10 -10.96 -4.92
-0.09 -0.98 -0.15 8.00 -11.80 -3.80
-0.09 -0.97 -0.14 9.15 -12.27 -2.95
