0.24 -1.11 -0.01 -17.42 14.41 1.77
0.20 -1.15 0.07 -17.42 17.07 0.20
0.14 -1.16 0.21 -16.66 17.25 -1.53
0.09 -1.14 0.37 -16.00 14.58 -3.07
0.02 -1.07 0.53 -17.57 10.61 -3.13
-0.26 -1.01 0.86 -22.49 -3.42 -1.15
-0.59 -1.06 1.27 -21.25 -30.44 2.49
-1.10 -0.97 1.80 -26.85 -82.05 12.11
-1.70 -0.93 2.35 -34.17 -166.15 34.89
-1.59 -0.82 2.29 -58.76 -241.71 33.98
-1.74 -1.10 2.41 -76.15 -313.19 26.99
-2.00 -1.36 2.46 -75.76 -367.18 36.31
-2.12 -1.44 2.18 -55.83 -406.98 36.90
-2.31 -1.47 1.86 -30.11 -440.31 35.21
-2.54 -1.34 1.35 -9.85 -481.80 32.79
-2.56 -1.21 0.72 2.47 -500.27 33.83
-2.53 -1.24 0.15 20.40 -500.27 36.15
-2.32 -1.22 -0.45 43.68 -500.27 31.71
-1.98 -1.07 -1.07 58.84 -500.27 33.85
-1.76 -0.85 -1.47 58.21 -500.27 29.25
-1.46 -0.89 -1.81 53.37 -484.34 25.01
-0.97 -0.92 -2.18 49.69 -447.16 24.76
-0.47 -1.07 -2.45 47.91 -398.87 25.74
-0.04 -1.21 -2.60 52.34 -341.11 24.56
0.23 -1.37 -2.62 57.39 -287.10 21.19
0.58 -1.39 -2.67 58.70 -232.26 14.21
0.84 -1.39 -2.68 52.12 -167.24 3.71
1.04 -1.40 -2.53 43.53 -120.17 -13.83
0.93 -1.21 -2.20 31.98 -71.44 -17.15
0.87 -1.29 -1.92 28.03 -33.27 -20.50
0.82 -1.03 -1.77 -1.19 -13.27 -48.85
0.84 -1.09 -1.53 -26.90 19.88 -47.66
0.71 -1.29 -1.13 -24.38 50.11 -37.53
0.51 -1.57 -0.79 0.82 74.11 -30.43
0.37 -1.36 -0.64 17.73 96.40 -38.70
0.07 -0.97 -0.46 3.44 108.70 -42.85
-0.29 -0.84 -0.20 -18.78 101.02 -48.76
-0.39 -0.79 -0.17 -33.33 87.01 -43.08
-0.31 -0.87 -0.29 -34.44 83.82 -34.34
-0.18 -0.98 -0.48 -26.66 87.97 -36.63
-0.16 -1.01 -0.68 -13.28 95.83 -38.21
-0.05 -0.95 -0.96 -0.92 108.58 -41.68
0.02 -0.79 -1.25 6.31 126.15 -45.80
0.19 -0.68 -1.65 5.28 153.98 -51.92
0.31 -0.59 -2.00 -1.63 194.72 -54.69
0.25 -0.51 -2.16 -12.56 243.71 -59.07
0.24 -0.53 -2.20 -19.77 286.21 -59.01
0.23 -0.58 -2.21 -19.27 333.30 -54.37
0.09 -0.54 -2.16 -15.24 368.79 -49.53
-0.01 -0.44 -2.10 -16.70 404.23 -38.85
-0.21 -0.37 -1.96 -32.14 436.61 -29.86
-0.52 -0.48 -1.61 -54.63 465.40 -22.87
-0.98 -0.80 -1.06 -66.53 479.04 -22.03
-1.39 -0.99 -0.49 -78.93 475.85 -15.37
-1.52 -1.30 0.06 -83.91 467.18 -14.76
-1.71 -1.45 0.58 -76.26 448.32 -16.53
-1.76 -1.48 0.94 -53.40 422.67 -9.82
-2.15 -1.26 1.53 -38.89 381.30 7.57
-2.27 -1.28 2.00 -28.21 316.73 32.49
-2.08 -1.32 2.09 -17.04 255.54 43.19
-1.86 -1.32 2.09 -16.99 200.50 43.39
-1.64 -1.49 2.00 -12.14 147.44 37.92
-1.30 -1.58 1.68 1.36 104.18 25.39
-0.94 -1.53 1.29 15.98 70.35 10.53
-0.58 -1.44 0.84 26.44 51.62 -5.59
-0.29 -1.23 0.44 28.27 49.24 -21.77
-0.14 -1.06 0.23 21.19 51.40 -29.60
-0.05 -0.97 0.10 15.73 58.85 -30.08
-0.05 -0.93 0.06 18.21 61.39 -16.73
-0.03 -0.93 0.06 20.15 63.27 -6.66
-0.02 -1.04 0.07 22.66 59.44 -2.56
-0.04 -1.11 0.12 25.31 55.33 -4.55
-0.09 -1.20 0.22 31.95 46.37 -9.02
-0.05 -1.22 0.22 42.09 37.28 -13.92
-0.01 -1.16 0.18 50.18 30.89 -17.86
0.02 -1.03 0.11 45.05 25.53 -22.63
0.04 -0.90 0.08 35.60 21.54 -24.21
-0.11 -0.95 0.13 23.01 22.43 -22.21
0.11 -0.81 0.03 10.60 24.14 -19.86
0.08 -0.94 0.06 11.16 23.68 -12.18
0.03 -0.90 0.12 -4.50 26.53 -9.74
0.02 -1.01 0.12 -8.75 23.47 -10.89
-0.01 -1.03 0.12 -12.17 19.60 -14.35
-0.01 -1.08 0.15 -11.39 16.85 -13.59
0.01 -1.09 0.15 -5.08 16.95 -11.05
0.00 -1.04 0.17 0.92 14.61 -9.60
-0.01 -0.95 0.17 1.65 11.42 -9.04
-0.02 -0.87 0.14 -2.90 7.63 -6.95
0.02 -0.85 0.11 -8.64 5.40 -4.37
0.05 -0.88 0.12 -14.14 4.78 -2.73
0.03 -0.92 0.15 -16.52 3.16 -1.02
0.03 -0.98 0.16 -15.50 1.33 -0.06
0.02 -1.02 0.15 -13.59 -0.46 0.43
0.02 -1.06 0.16 -13.05 -4.55 -3.68
0.05 -1.09 0.15 -12.21 -5.71 -8.37
0.06 -1.14 0.13 -7.42 -3.89 -8.17
0.07 -1.13 0.12 -1.02 -1.33 -6.03
0.08 -1.09 0.11 4.09 1.85 -4.60
0.05 -1.05 0.14 5.27 3.31 -4.67
0.04 -1.01 0.16 4.98 4.23 -3.50
