-0.07 -1.01 -0.07 -3.02 -4.82 0.17
-0.08 -1.03 -0.04 -2.90 -5.21 1.22
-0.07 -1.05 -0.02 -0.50 -5.95 2.47
0.00 -1.05 -0.01 2.50 -3.24 2.67
-0.03 -1.04 0.01 5.77 -0.66 1.59
-0.12 -1.06 0.07 10.29 -3.30 4.64
-0.18 -1.02 0.07 11.91 -9.22 8.60
-0.13 -1.06 0.09 10.69 -12.96 13.19
-0.19 -1.04 0.11 10.81 -22.12 -1.62
-0.13 -1.04 0.09 11.68 -26.84 3.28
-0.10 -1.01 0.06 8.41 -29.28 3.02
-0.04 -1.02 0.04 6.66 -28.79 -2.27
-0.05 -1.05 0.07 5.40 -27.18 -4.63
-0.06 -1.02 0.07 6.27 -27.18 -7.13
-0.04 -1.05 0.08 8.82 -24.38 -6.53
-0.14 -0.97 0.08 11.39 -26.72 -2.72
-0.23 -0.93 0.11 9.21 -34.14 -1.10
-0.26 -0.95 0.09 5.08 -45.10 -0.05
-0.21 -1.01 0.06 3.33 -53.71 -2.75
-0.13 -1.07 0.03 4.02 -56.99 -5.62
0.01 -1.18 -0.02 12.82 -51.79 -6.52
0.00 -1.20 0.02 28.44 -43.76 -3.37
-0.05 -1.11 0.00 38.55 -41.16 7.40
-0.09 -1.02 0.01 44.41 -41.80 16.03
-0.12 -0.92 -0.00 45.73 -45.22 23.77
-0.18 -0.86 -0.01 42.35 -51.25 26.20
-0.24 -0.85 0.01 35.42 -60.52 21.47
-0.24 -0.83 -0.01 23.48 -68.66 9.59
-0.22 -0.85 -0.01 8.92 -73.31 -3.89
-0.21 -0.93 -0.01 -2.38 -75.77 -14.21
-0.17 -1.01 -0.01 -4.72 -75.37 -18.87
-0.18 -1.06 -0.04 -1.63 -72.61 -17.54
-0.18 -1.07 -0.07 6.09 -68.52 -10.93
-0.19 -1.03 -0.09 11.97 -68.43 -2.52
-0.16 -0.94 -0.12 13.97 -67.54 4.73
-0.16 -0.91 -0.17 13.71 -66.29 9.33
-0.23 -0.90 -0.17 13.04 -70.21 10.87
-0.19 -0.88 -0.22 10.67 -74.64 10.41
-0.12 -0.85 -0.26 8.38 -75.94 9.40
-0.07 -0.82 -0.32 2.12 -75.47 11.91
-0.03 -0.84 -0.36 -2.21 -73.37 11.39
0.00 -0.88 -0.39 -5.13 -69.63 9.94
-0.00 -0.90 -0.41 -5.91 -65.48 6.56
-0.03 -0.89 -0.42 -7.57 -61.68 3.80
-0.02 -0.87 -0.45 -10.58 -54.76 1.94
-0.06 -0.87 -0.44 -11.89 -47.31 2.27
-0.12 -0.85 -0.45 -13.77 -42.92 4.55
-0.15 -0.86 -0.47 -18.12 -39.79 7.83
-0.15 -0.92 -0.50 -22.27 -35.10 8.00
-0.17 -0.99 -0.50 -25.92 -30.05 4.53
-0.17 -1.06 -0.51 -27.53 -23.71 -0.38
-0.21 -1.12 -0.50 -24.55 -17.89 -3.44
-0.23 -1.12 -0.49 -19.85 -13.36 -4.79
-0.20 -1.09 -0.51 -16.58 -6.76 -4.29
-0.23 -1.08 -0.50 -14.63 -0.89 -3.30
-0.24 -1.09 -0.48 -12.99 1.56 -2.35
-0.20 -1.10 -0.49 -9.91 4.53 0.46
-0.13 -1.09 -0.50 -5.88 10.61 4.27
-0.12 -1.05 -0.49 -2.75 17.04 6.37
-0.12 -1.00 -0.46 -2.75 22.14 5.74
-0.13 -0.97 -0.44 -4.34 26.41 4.58
-0.13 -0.98 -0.41 -4.12 29.73 5.48
-0.13 -0.99 -0.40 -1.74 32.82 8.38
-0.11 -0.97 -0.39 0.05 36.60 10.06
-0.11 -0.92 -0.38 -2.08 40.60 10.58
-0.14 -0.90 -0.34 -8.56 43.51 8.12
-0.15 -0.93 -0.31 -14.29 44.84 6.23
-0.16 -0.97 -0.28 -17.97 46.12 5.86
-0.15 -1.00 -0.27 -17.63 46.70 6.26
-0.15 -0.99 -0.27 -16.23 47.31 8.92
-0.13 -0.99 -0.28 -15.21 48.67 12.05
-0.11 -1.02 -0.28 -11.33 51.11 11.40
-0.10 -0.99 -0.25 -11.98 53.21 11.44
-0.07 -0.98 -0.25 -14.14 56.70 9.50
-0.06 -1.00 -0.24 -16.64 61.65 4.44
-0.07 -1.01 -0.22 -17.63 65.27 2.47
-0.10 -1.03 -0.20 -16.66 67.19 2.61
-0.13 -1.05 -0.17 -14.47 67.91 4.47
-0.12 -1.04 -0.18 -10.85 68.40 8.81
-0.11 -1.01 -0.19 -8.84 70.79 12.24
-0.15 -1.00 -0.14 -9.44 70.50 11.33
-0.18 -1.00 -0.11 -9.76 69.07 8.99
-0.20 -0.99 -0.08 -10.87 66.18 7.71
-0.18 -1.00 -0.06 -11.60 63.77 7.39
-0.12 -1.01 -0.06 -11.05 63.60 8.49
-0.08 -1.00 -0.07 -10.70 66.06 6.95
-0.08 -1.02 -0.07 -10.49 68.32 6.53
-0.13 -1.02 -0.05 -9.08 68.66 7.39
-0.19 -1.00 -0.03 -8.47 66.64 7.86
-0.19 -0.98 -0.02 -7.63 63.79 11.07
-0.21 -1.00 0.00 -5.63 60.35 12.35
-0.24 -0.89 0.03 -11.30 53.63 20.34
-0.19 -0.97 -0.00 -15.48 51.31 15.27
-0.18 -0.97 0.01 -15.91 47.98 10.58
-0.16 -0.99 -0.01 -13.59 47.68 1.65
-0.21 -0.98 0.04 -13.56 43.01 0.00
-0.22 -0.98 0.04 -14.55 37.95 -0.35
-0.17 -0.94 0.03 -18.82 35.76 5.85
-0.15 -0.96 0.02 -21.82 34.47 5.63
-0.16 -1.00 0.02 -19.89 34.23 1.15
