-0.08 -0.92 -0.01 -6.56 22.47 5.07
-0.07 -0.92 -0.01 -7.40 23.79 7.40
-0.04 -0.93 -0.03 -8.32 26.34 7.66
-0.02 -0.96 -0.03 -9.24 32.66 7.47
-0.06 -0.98 -0.02 -9.52 39.61 6.62
-0.16 -0.99 0.01 -10.11 41.95 4.19
-0.25 -1.00 0.05 -9.63 40.11 1.31
-0.29 -1.03 0.07 -6.74 37.18 1.97
-0.35 -1.01 0.09 -2.96 33.12 3.19
-0.41 -0.97 0.07 -1.68 26.99 4.13
-0.48 -0.93 0.08 -3.47 17.76 3.47
-0.49 -0.90 0.08 -7.05 9.51 3.88
-0.50 -0.92 0.05 -8.76 5.22 8.07
-0.56 -0.94 0.06 -9.82 -0.88 12.21
-0.63 -0.97 0.08 -10.28 -10.73 15.39
-0.70 -1.01 0.10 -9.45 -24.79 18.26
-0.78 -1.07 0.13 -6.33 -42.27 18.66
-0.78 -1.11 0.13 0.35 -59.74 23.24
-0.70 -1.12 0.10 9.24 -70.58 30.19
-0.66 -1.07 0.05 14.96 -78.53 36.15
-0.64 -0.98 0.01 14.66 -87.93 36.77
-0.64 -0.91 -0.02 8.76 -97.47 35.53
-0.59 -0.86 -0.04 1.31 -107.07 34.21
-0.58 -0.86 -0.06 -4.73 -115.63 34.60
-0.57 -0.87 -0.08 -11.83 -124.76 34.87
-0.56 -0.92 -0.10 -17.22 -134.64 33.67
-0.53 -0.98 -0.11 -20.31 -144.26 31.98
-0.50 -1.01 -0.14 -22.60 -152.77 29.53
-0.45 -1.05 -0.18 -23.47 -157.67 26.63
-0.44 -1.08 -0.20 -23.05 -161.39 22.65
-0.42 -1.10 -0.19 -20.66 -166.37 18.98
-0.40 -1.09 -0.22 -16.98 -171.04 18.32
-0.35 -1.07 -0.24 -13.97 -175.47 21.76
-0.32 -1.05 -0.25 -11.34 -179.52 26.08
-0.29 -1.05 -0.25 -10.99 -185.61 26.52
-0.21 -1.04 -0.29 -9.95 -189.27 25.90
-0.12 -1.00 -0.33 -10.08 -187.89 25.11
-0.07 -0.97 -0.36 -12.48 -183.44 21.70
-0.08 -0.96 -0.34 -16.36 -180.26 15.20
-0.09 -0.96 -0.32 -20.37 -180.02 6.05
-0.07 -0.96 -0.32 -22.08 -180.25 0.63
-0.02 -0.97 -0.32 -21.43 -178.40 2.78
0.01 -0.97 -0.34 -19.38 -176.06 8.05
0.04 -0.95 -0.34 -19.03 -173.66 14.27
0.18 -0.97 -0.36 -17.87 -166.25 20.51
0.31 -0.99 -0.38 -14.76 -150.11 27.72
0.30 -0.96 -0.35 -14.76 -134.97 27.19
0.27 -0.95 -0.33 -18.25 -125.54 19.31
0.24 -0.93 -0.30 -22.21 -121.54 12.89
0.28 -0.95 -0.29 -23.80 -116.09 15.63
0.37 -1.00 -0.30 -21.07 -107.85 23.88
0.46 -1.02 -0.30 -17.18 -95.47 31.64
0.52 -1.01 -0.30 -15.34 -80.79 34.25
0.57 -1.01 -0.30 -15.23 -65.13 30.49
0.57 -1.01 -0.26 -15.75 -49.65 22.68
0.53 -1.02 -0.25 -16.73 -35.47 13.48
0.47 -1.01 -0.22 -16.76 -23.75 5.88
0.38 -1.04 -0.18 -14.69 -14.98 2.47
0.32 -1.05 -0.18 -10.73 -8.48 6.22
0.31 -1.06 -0.19 -6.85 -2.11 12.53
0.34 -1.07 -0.21 -4.54 4.69 14.05
0.38 -1.09 -0.22 -3.02 13.73 9.63
0.38 -1.09 -0.23 -3.58 22.98 -0.82
0.36 -1.12 -0.22 -3.66 32.89 -10.46
0.30 -1.11 -0.21 -2.98 40.69 -18.11
0.25 -1.10 -0.21 -1.20 46.39 -18.24
0.25 -1.09 -0.21 1.37 52.24 -10.98
0.28 -1.08 -0.24 3.00 59.76 -3.91
0.33 -1.11 -0.25 3.83 67.79 -3.77
0.33 -1.12 -0.23 4.02 76.62 -8.62
0.32 -1.13 -0.25 5.49 86.59 -14.25
0.25 -1.13 -0.24 8.33 94.82 -19.83
0.19 -1.11 -0.23 11.84 101.21 -23.51
0.16 -1.07 -0.24 13.85 106.77 -25.84
0.13 -1.04 -0.24 13.79 111.91 -27.06
0.11 -1.01 -0.23 13.12 116.77 -27.45
0.08 -1.00 -0.24 12.42 121.24 -27.34
0.05 -1.00 -0.23 11.56 124.34 -26.26
0.03 -0.99 -0.23 11.47 127.69 -23.95
0.05 -1.00 -0.22 11.98 132.00 -23.04
0.04 -1.01 -0.22 12.87 137.40 -24.68
0.01 -1.01 -0.22 12.89 141.08 -28.40
-0.02 -0.98 -0.20 11.15 144.60 -34.74
-0.08 -0.99 -0.20 8.78 146.12 -41.22
-0.15 -1.00 -0.15 7.97 145.69 -43.78
-0.18 -1.02 -0.14 9.57 145.90 -41.81
-0.21 -1.03 -0.12 13.32 145.18 -36.88
-0.25 -1.01 -0.11 17.20 143.92 -30.39
-0.26 -0.98 -0.08 20.99 142.60 -24.32
-0.25 -0.95 -0.07 24.32 142.44 -20.24
-0.25 -0.89 -0.06 25.06 142.58 -20.59
-0.28 -0.82 -0.08 21.08 142.55 -24.92
-0.34 -0.81 -0.06 14.46 140.56 -30.93
-0.58 -0.72 0.01 6.91 136.25 -38.73
-0.49 -0.77 -0.01 -3.80 129.32 -41.43
-0.58 -0.89 0.01 -9.87 120.62 -36.04
-0.57 -0.93 0.05 -9.79 112.21 -28.47
-0.59 -0.99 0.08 -5.15 103.48 -18.43
-0.59 -1.01 0.12 1.36 95.31 -10.45
-0.57 -1.01 0.12 7.32 88.22 -4.13
