-0.05 -0.90 -0.02 -0.74 27.87 -5.15
-0.09 -0.93 -0.01 0.09 30.03 -8.27
-0.10 -0.91 -0.01 -0.34 33.03 -10.98
-0.15 -0.90 -0.03 -2.20 35.90 -11.90
-0.23 -0.86 -0.06 -8.73 36.57 -14.60
-0.29 -0.89 -0.05 -17.48 36.45 -19.92
-0.37 -0.97 -0.02 -23.91 34.97 -26.00
-0.48 -1.04 0.05 -25.50 31.05 -31.17
-0.59 -1.12 0.11 -20.32 23.43 -31.16
-0.68 -1.15 0.16 -10.23 13.73 -24.21
-0.74 -1.16 0.18 3.25 1.15 -13.51
-0.74 -1.11 0.15 15.15 -11.71 -1.84
-0.71 -1.03 0.08 21.31 -22.19 10.79
-0.67 -0.94 0.01 20.37 -30.85 17.91
-0.66 -0.89 -0.02 13.09 -40.12 18.90
-0.68 -0.89 -0.01 3.89 -50.12 17.65
-0.69 -0.94 -0.02 -1.37 -59.99 17.15
-0.72 -0.98 -0.00 -4.90 -70.85 17.11
-0.75 -1.02 0.02 -5.26 -83.05 16.89
-0.81 -1.04 0.01 -3.66 -96.44 18.58
-0.85 -1.07 0.01 -1.01 -112.07 23.38
-0.81 -1.08 -0.02 3.84 -124.58 34.58
-0.76 -1.08 -0.03 10.42 -134.17 47.85
-0.72 -1.05 -0.06 15.45 -144.08 55.40
-0.64 -1.00 -0.11 16.28 -151.63 56.32
-0.63 -0.94 -0.14 12.36 -160.27 48.19
-0.64 -0.90 -0.17 3.53 -171.39 37.08
-0.65 -0.87 -0.25 -6.38 -182.50 28.50
-0.66 -0.87 -0.28 -17.77 -194.18 25.15
-0.58 -0.96 -0.31 -24.39 -200.93 28.78
-0.51 -1.04 -0.31 -25.35 -202.42 33.31
-0.51 -1.09 -0.27 -22.67 -205.81 34.84
-0.47 -1.11 -0.27 -17.44 -209.11 36.34
-0.45 -1.10 -0.29 -11.44 -213.66 38.60
-0.40 -1.05 -0.31 -6.66 -219.47 43.79
-0.29 -0.98 -0.38 -5.53 -223.88 52.63
-0.11 -0.93 -0.43 -6.83 -221.87 62.35
0.07 -0.90 -0.48 -10.66 -213.89 67.20
0.24 -0.91 -0.52 -17.05 -197.49 63.95
0.29 -0.90 -0.47 -25.66 -181.92 50.24
0.27 -0.93 -0.42 -34.20 -170.52 29.78
0.21 -0.96 -0.36 -39.40 -162.63 12.48
0.19 -1.00 -0.32 -38.92 -158.34 9.50
0.27 -1.02 -0.32 -32.90 -151.33 22.67
0.38 -1.04 -0.34 -25.06 -138.73 42.52
0.46 -1.02 -0.35 -19.21 -123.18 54.37
0.48 -0.99 -0.33 -18.35 -109.38 52.85
0.52 -1.00 -0.30 -18.54 -95.53 43.31
0.53 -1.01 -0.29 -19.22 -80.09 28.10
0.49 -1.00 -0.27 -22.47 -66.08 12.34
0.38 -0.98 -0.23 -26.18 -55.63 -7.85
0.32 -0.98 -0.21 -27.43 -47.32 -10.26
0.25 -0.99 -0.17 -25.74 -41.17 -8.53
0.23 -1.01 -0.18 -21.15 -35.63 2.17
0.26 -1.03 -0.17 -15.45 -28.21 13.92
0.30 -1.03 -0.19 -12.88 -19.80 21.71
0.33 -1.01 -0.20 -15.16 -10.11 22.05
0.33 -1.04 -0.18 -19.17 -0.89 14.59
0.31 -1.08 -0.16 -22.31 8.73 4.75
0.24 -1.12 -0.14 -24.02 16.61 -3.60
0.18 -1.17 -0.12 -22.44 22.44 -9.26
0.14 -1.23 -0.10 -17.39 26.56 -13.37
0.13 -1.28 -0.08 -8.95 29.95 -12.79
0.17 -1.29 -0.10 2.27 36.52 -10.17
0.19 -1.25 -0.13 12.05 44.11 -6.30
0.17 -1.16 -0.17 16.57 50.50 -8.78
0.18 -1.11 -0.16 17.75 56.47 -13.59
0.17 -1.08 -0.18 17.96 62.22 -18.51
0.17 -1.05 -0.19 17.62 66.82 -18.40
0.20 -1.03 -0.21 17.66 72.85 -13.92
0.22 -1.06 -0.22 18.73 80.41 -10.73
0.24 -1.08 -0.22 20.85 88.80 -11.17
0.25 -1.07 -0.23 22.50 97.77 -15.62
0.23 -1.03 -0.24 22.19 107.16 -23.14
0.18 -1.00 -0.23 20.53 115.66 -30.21
0.10 -0.99 -0.22 18.74 121.45 -37.02
0.04 -0.98 -0.23 16.66 124.57 -41.46
0.00 -0.97 -0.22 15.13 128.03 -40.47
-0.03 -0.97 -0.23 14.69 130.89 -36.75
-0.06 -0.97 -0.21 15.12 132.98 -32.05
-0.06 -0.98 -0.21 15.74 135.18 -26.91
-0.06 -1.00 -0.21 17.00 137.79 -26.13
-0.07 -1.00 -0.19 18.92 140.37 -27.56
-0.07 -0.99 -0.21 20.15 144.16 -30.08
-0.07 -0.98 -0.22 20.73 148.64 -33.97
-0.12 -0.94 -0.20 18.62 151.74 -39.59
-0.17 -0.91 -0.20 14.34 153.27 -44.47
-0.21 -0.89 -0.19 9.00 153.89 -45.14
-0.26 -0.90 -0.16 5.37 152.76 -43.76
-0.28 -0.92 -0.15 3.56 152.44 -38.14
-0.32 -0.95 -0.13 3.76 150.41 -31.24
-0.33 -0.98 -0.11 7.01 148.84 -25.07
-0.34 -1.00 -0.08 11.21 147.01 -22.82
-0.36 -0.99 -0.07 15.69 144.60 -22.82
-0.34 -0.96 -0.05 19.76 143.80 -22.02
-0.37 -0.89 -0.05 20.98 141.58 -23.14
-0.40 -0.81 -0.08 16.98 138.08 -24.96
-0.44 -0.77 -0.10 7.53 133.55 -28.37
-0.49 -0.79 -0.09 -3.23 126.96 -31.73
-0.54 -0.85 -0.06 -10.47 119.18 -33.87
