-0.14 -0.91 -0.07 -5.33 8.67 -0.28
-0.15 -0.94 -0.07 -6.67 8.50 0.66
-0.14 -0.97 -0.06 -5.73 8.98 2.69
-0.10 -0.99 -0.07 -3.23 11.91 4.49
-0.08 -0.98 -0.07 -0.88 16.10 4.69
-0.07 -0.97 -0.07 0.28 20.01 3.21
-0.06 -0.96 -0.06 2.00 25.05 3.37
-0.10 -0.93 -0.06 2.92 28.98 3.26
-0.11 -0.92 -0.07 3.06 32.01 3.89
-0.16 -0.91 -0.04 3.08 33.84 3.20
-0.18 -0.90 -0.03 2.79 35.30 1.51
-0.23 -0.88 -0.04 1.20 37.70 -0.91
-0.31 -0.86 -0.02 -2.69 36.66 -5.20
-0.36 -0.88 -0.00 -6.39 33.79 -10.62
-0.39 -0.87 -0.02 -10.51 32.11 -12.31
-0.50 -0.93 -0.01 -10.41 24.82 -9.92
-0.53 -0.94 0.00 -11.34 18.94 -6.89
-0.59 -0.97 -0.01 -11.72 11.83 -3.89
-0.64 -1.00 0.02 -11.46 4.23 -2.36
-0.69 -1.02 0.03 -9.83 -4.11 -4.68
-0.76 -1.03 0.05 -7.92 -13.34 -10.35
-0.86 -0.99 0.06 -7.81 -26.56 -16.85
-0.94 -0.98 0.07 -6.37 -42.23 -18.60
-1.01 -0.94 0.09 -4.05 -62.48 -14.27
-1.02 -0.89 0.07 -1.70 -83.62 -3.28
-0.96 -0.82 0.01 -0.91 -102.11 12.63
-0.88 -0.76 -0.04 -4.43 -118.40 27.63
-0.79 -0.74 -0.10 -12.45 -133.86 35.73
-0.76 -0.79 -0.12 -21.13 -148.15 36.80
-0.73 -0.85 -0.14 -28.12 -163.08 33.95
-0.64 -0.90 -0.16 -31.43 -174.15 33.48
-0.56 -0.92 -0.21 -32.76 -178.98 37.73
-0.53 -0.94 -0.23 -34.63 -184.76 39.42
-0.50 -0.95 -0.26 -37.27 -192.24 37.56
-0.48 -0.98 -0.27 -38.98 -200.72 32.67
-0.44 -0.99 -0.30 -39.75 -208.10 31.48
-0.42 -0.98 -0.34 -41.89 -214.50 28.67
-0.37 -0.96 -0.37 -45.33 -219.08 23.74
-0.30 -0.98 -0.41 -46.81 -218.46 20.48
-0.27 -1.00 -0.40 -47.24 -218.38 18.72
-0.23 -1.02 -0.41 -45.94 -217.79 18.74
-0.17 -1.02 -0.43 -43.95 -216.48 19.60
-0.03 -1.02 -0.48 -41.85 -209.37 24.74
0.08 -1.02 -0.48 -38.40 -193.62 34.21
0.10 -1.01 -0.47 -35.54 -180.31 39.43
0.13 -0.99 -0.46 -36.05 -170.48 37.91
0.17 -0.98 -0.47 -38.98 -162.90 33.70
0.24 -1.01 -0.45 -40.82 -154.41 31.56
0.34 -1.06 -0.45 -40.40 -141.44 30.94
0.41 -1.08 -0.43 -38.66 -125.54 32.00
0.43 -1.11 -0.40 -36.02 -109.04 29.31
0.42 -1.09 -0.36 -33.15 -96.10 24.01
0.41 -1.08 -0.36 -30.59 -84.55 20.39
0.42 -1.08 -0.35 -28.52 -71.67 20.62
0.43 -1.11 -0.33 -24.66 -59.47 22.82
0.44 -1.11 -0.32 -20.30 -47.34 24.78
0.45 -1.13 -0.30 -17.03 -35.03 24.52
0.45 -1.15 -0.29 -14.28 -22.76 21.44
0.45 -1.16 -0.28 -10.72 -9.64 15.62
0.43 -1.16 -0.27 -7.37 3.98 8.07
0.39 -1.15 -0.26 -4.82 16.82 -0.36
0.31 -1.14 -0.26 -2.26 27.50 -6.53
0.24 -1.13 -0.25 1.18 36.52 -9.46
0.20 -1.14 -0.23 5.85 43.60 -7.84
0.18 -1.12 -0.24 11.24 51.21 -3.75
0.17 -1.09 -0.26 14.79 58.38 -1.76
0.15 -1.07 -0.27 16.10 65.27 -2.02
0.14 -1.06 -0.26 16.90 71.77 -3.78
0.12 -1.06 -0.25 18.02 77.64 -5.85
0.13 -1.07 -0.27 18.79 84.05 -8.24
0.13 -1.08 -0.27 19.76 91.07 -9.63
0.12 -1.11 -0.28 21.60 98.05 -10.97
0.12 -1.13 -0.27 24.69 104.89 -13.04
0.11 -1.14 -0.27 29.29 112.58 -15.41
0.08 -1.14 -0.28 35.02 119.89 -17.62
0.05 -1.10 -0.29 38.36 128.18 -19.09
0.00 -1.07 -0.30 40.98 133.61 -20.87
-0.02 -1.04 -0.31 41.25 137.93 -21.90
-0.05 -1.02 -0.32 41.19 142.37 -20.18
-0.06 -1.00 -0.30 40.56 146.79 -17.97
-0.05 -1.00 -0.31 40.11 153.08 -16.71
-0.09 -1.00 -0.30 40.29 158.81 -18.50
-0.14 -1.02 -0.27 40.93 161.57 -23.47
-0.17 -1.03 -0.26 42.14 163.82 -28.74
-0.21 -1.03 -0.27 43.90 165.51 -32.31
-0.24 -1.03 -0.25 47.90 167.70 -32.64
-0.27 -1.00 -0.25 50.22 169.15 -32.31
-0.26 -0.96 -0.26 50.74 171.99 -31.93
-0.29 -0.93 -0.23 49.70 174.69 -32.49
-0.34 -0.89 -0.23 47.78 175.11 -33.64
-0.39 -0.87 -0.20 45.01 173.81 -34.73
-0.46 -0.84 -0.19 42.30 170.15 -33.64
-0.52 -0.81 -0.17 38.19 164.87 -31.11
-0.57 -0.81 -0.14 33.85 156.94 -28.76
-0.55 -0.84 -0.12 31.54 151.34 -25.10
-0.57 -0.84 -0.12 27.96 147.25 -22.69
-0.60 -0.84 -0.09 23.96 141.75 -21.97
-0.62 -0.85 -0.08 20.71 135.00 -22.27
-0.67 -0.86 -0.04 17.35 126.05 -22.11
-0.72 -0.86 -0.02 14.84 114.47 -22.76
