0.02 -1.02 0.03 -4.09 1.21 0.76
0.03 -1.03 0.02 -3.65 2.70 1.34
0.03 -1.03 0.02 -3.42 3.71 2.14
0.04 -1.03 0.01 -3.48 5.04 2.32
0.05 -1.05 0.01 -3.71 6.05 2.05
0.06 -1.07 -0.00 -2.78 7.65 0.55
0.07 -1.07 0.00 -1.59 9.10 -1.79
0.06 -1.05 0.02 -0.50 9.48 -2.87
0.05 -1.00 0.00 0.56 10.20 -2.55
0.06 -0.94 -0.00 -3.30 12.02 -0.93
0.05 -0.91 0.02 -10.84 13.48 -0.90
0.04 -0.93 0.10 -18.26 14.67 -1.51
-0.03 -0.98 0.23 -21.86 12.61 -2.03
-0.08 -1.00 0.35 -22.37 8.69 -1.36
-0.14 -0.98 0.46 -23.60 3.82 0.21
-0.27 -0.96 0.64 -28.99 -3.92 1.77
-0.48 -0.95 0.88 -37.51 -20.73 2.47
-0.73 -0.93 1.11 -47.56 -46.67 3.01
-1.05 -0.98 1.42 -56.69 -86.72 10.29
-1.23 -1.03 1.57 -65.22 -131.65 16.75
-1.41 -0.93 1.69 -75.66 -174.09 27.18
-1.52 -1.04 1.89 -91.65 -213.54 43.83
-1.75 -1.09 1.95 -103.02 -247.31 41.34
-2.33 -1.17 2.16 -112.64 -303.27 39.66
-2.67 -1.25 2.16 -114.14 -371.45 42.79
-2.97 -1.46 1.96 -104.15 -444.38 34.99
-3.05 -1.55 1.55 -83.66 -500.27 24.82
-2.89 -1.49 0.95 -60.72 -500.27 18.18
-2.76 -1.28 0.41 -44.41 -500.27 3.24
-2.69 -1.13 -0.07 -25.39 -500.27 -2.34
-2.81 -0.87 -0.52 -15.97 -500.27 -15.21
-2.84 -0.77 -1.17 -8.82 -500.27 -22.03
-2.19 -0.83 -2.13 -0.79 -500.27 -10.24
-1.45 -1.06 -2.93 -0.98 -500.27 -16.99
-0.40 -1.38 -3.64 0.18 -499.79 -36.32
0.49 -1.45 -4.00 5.62 -397.02 -56.31
0.95 -1.51 -4.00 22.44 -289.71 -71.13
1.03 -1.39 -3.68 46.66 -205.31 -82.03
1.27 -0.93 -3.52 50.78 -126.08 -82.55
0.90 -0.61 -2.96 38.15 -79.98 -87.37
0.71 -0.36 -2.61 9.15 -37.69 -79.68
0.75 -0.43 -2.14 -16.43 1.97 -74.67
0.61 -0.52 -1.62 -31.45 34.35 -70.27
0.38 -0.70 -1.00 -39.51 58.53 -55.44
0.16 -0.76 -0.51 -37.13 69.91 -49.45
-0.05 -0.75 -0.08 -35.69 69.89 -50.81
-0.23 -0.75 0.15 -32.72 59.54 -53.25
-0.26 -0.79 0.26 -32.89 43.53 -51.56
-0.22 -0.93 0.15 -22.05 29.31 -48.99
-0.11 -0.98 -0.06 -7.88 25.50 -40.26
-0.05 -1.07 -0.33 9.30 24.84 -38.60
0.12 -1.05 -0.66 21.02 28.89 -41.95
0.31 -1.03 -1.01 29.97 43.47 -43.45
0.47 -0.97 -1.33 35.19 67.24 -46.18
0.63 -0.87 -1.61 36.32 100.00 -50.63
0.63 -0.71 -1.86 26.12 139.24 -57.92
0.73 -0.62 -2.06 11.22 182.79 -53.86
0.76 -0.62 -2.24 -4.03 228.03 -60.43
0.66 -0.54 -2.41 -9.34 263.28 -58.84
0.62 -0.44 -2.55 -15.31 306.32 -56.20
0.54 -0.34 -2.72 -25.91 352.75 -50.63
0.27 -0.20 -2.78 -47.54 392.31 -40.66
0.15 -0.27 -2.72 -82.79 431.42 -17.24
-0.04 -0.44 -2.68 -90.95 481.10 -1.05
-0.27 -0.58 -2.52 -97.16 500.26 6.03
-0.67 -0.64 -2.28 -108.47 500.26 11.77
-1.39 -0.72 -1.86 -116.58 500.26 23.66
-2.62 -1.03 -0.71 -116.12 500.26 33.59
-2.92 -1.48 0.22 -101.34 500.26 57.05
-2.72 -1.71 0.67 -63.74 475.34 71.91
-2.54 -1.78 0.96 -18.56 445.62 89.60
-2.41 -1.63 1.12 27.88 426.55 103.45
-2.58 -1.35 1.44 49.82 403.88 108.61
-2.83 -1.22 1.96 30.98 343.59 97.45
-3.14 -1.38 2.45 -4.66 255.50 58.60
-3.04 -1.74 2.82 -22.23 147.21 20.11
-2.32 -1.95 2.36 -1.57 63.07 2.70
-1.74 -1.69 1.85 25.08 17.94 -5.10
-1.34 -1.34 1.43 38.06 -12.99 -3.48
-0.99 -0.88 1.03 21.01 -34.99 -11.25
-0.70 -0.62 0.70 -8.03 -57.25 -16.90
-0.33 -0.60 0.39 -36.46 -64.95 -16.12
-0.05 -0.85 0.13 -46.84 -60.85 -12.11
0.09 -1.11 0.02 -37.39 -53.04 -8.55
0.10 -1.23 -0.03 -16.90 -45.85 -3.47
0.06 -1.20 -0.04 -0.85 -43.22 -0.73
0.01 -1.08 -0.08 2.95 -54.40 0.02
0.30 -0.84 -0.23 -15.54 -38.92 -9.91
0.21 -1.07 -0.24 -15.69 -42.87 -11.25
0.22 -0.99 -0.23 -35.31 -38.00 -14.79
0.22 -1.16 -0.27 -41.15 -33.37 -19.71
0.25 -1.27 -0.27 -38.63 -24.82 -20.47
0.36 -1.37 -0.32 -24.18 -10.76 -17.47
0.34 -1.39 -0.28 -9.13 5.27 -16.34
0.24 -1.29 -0.18 3.30 15.62 -15.50
0.13 -1.13 -0.10 7.04 19.07 -17.89
0.03 -1.00 0.01 1.22 17.05 -21.68
-0.00 -0.97 0.06 -2.96 13.10 -22.02
-0.03 -0.99 0.08 1.63 9.36 -17.40
-0.02 -0.92 0.04 3.97 7.44 -13.11
