0.15 -1.08 0.04 2.96 7.53 -1.74
0.15 -1.01 0.04 2.60 8.99 -1.95
0.14 -0.97 0.03 0.18 10.23 -1.71
0.10 -0.91 0.03 -4.49 10.75 -0.20
0.08 -0.90 0.07 -11.27 10.72 1.86
0.11 -0.92 0.07 -17.89 14.31 4.23
0.00 -0.94 0.22 -24.05 12.69 2.79
-0.18 -0.96 0.44 -27.44 4.35 4.03
-0.46 -0.92 0.68 -28.96 -15.53 10.78
-0.71 -0.89 0.97 -30.46 -43.69 28.31
-1.15 -0.87 1.35 -39.77 -88.84 41.31
-1.23 -0.97 1.59 -56.98 -137.53 57.47
-1.29 -1.00 1.73 -79.18 -181.56 70.20
-1.34 -1.21 1.90 -97.53 -213.42 74.93
-1.57 -1.55 2.09 -95.92 -259.56 61.83
-1.88 -1.78 2.12 -82.75 -317.59 42.61
-1.89 -2.00 1.94 -48.81 -365.47 31.48
-1.82 -1.94 1.45 -7.50 -398.90 20.46
-1.76 -1.65 0.97 22.27 -419.13 10.12
-1.79 -1.28 0.52 33.76 -435.54 2.98
-1.77 -0.94 0.09 26.55 -445.57 -3.11
-1.73 -0.81 -0.26 14.49 -453.01 -4.24
-1.66 -0.77 -0.61 8.41 -453.95 -0.85
-1.55 -1.01 -0.97 11.57 -454.23 1.16
-1.30 -1.20 -1.44 22.95 -446.46 -0.37
-0.86 -1.43 -1.80 39.77 -425.56 -2.99
-0.50 -1.45 -2.18 58.11 -392.96 -13.76
-0.11 -1.46 -2.29 71.33 -356.06 -29.63
0.37 -1.32 -2.55 87.22 -304.23 -42.93
0.73 -1.00 -2.62 92.31 -237.65 -43.76
0.88 -0.72 -2.49 89.21 -176.70 -39.19
0.78 -0.34 -2.23 73.65 -132.96 -29.11
0.76 -0.24 -1.93 52.44 -94.43 -10.26
0.48 -0.28 -1.62 27.37 -71.68 -4.95
0.38 -0.59 -1.11 11.01 -59.15 1.22
0.51 -0.90 -0.95 13.39 -39.24 3.15
0.49 -1.06 -0.73 20.41 -18.43 -1.62
0.43 -1.01 -0.53 21.10 -0.61 -10.37
0.27 -0.90 -0.33 9.63 5.73 -19.69
0.23 -0.95 -0.19 0.72 8.66 -24.21
0.25 -0.99 -0.19 -4.00 13.08 -26.66
0.25 -1.07 -0.25 -7.62 19.11 -26.31
0.32 -1.11 -0.35 -12.50 30.44 -30.38
0.30 -1.12 -0.43 -22.75 41.22 -40.20
0.31 -1.17 -0.47 -33.60 52.18 -48.61
0.37 -1.27 -0.58 -32.26 65.07 -59.39
0.46 -1.28 -0.77 -24.38 87.05 -68.11
0.41 -1.18 -0.89 -15.83 105.08 -69.89
0.40 -1.08 -1.12 -7.66 126.78 -68.89
0.52 -0.92 -1.42 -6.58 156.26 -63.91
0.51 -0.78 -1.66 -12.79 186.55 -64.78
0.54 -0.72 -1.91 -23.71 218.73 -68.32
0.62 -0.68 -2.18 -35.91 262.52 -74.64
0.45 -0.57 -2.30 -54.08 300.82 -82.35
0.46 -0.52 -2.48 -81.85 346.34 -85.54
0.25 -0.64 -2.52 -97.40 391.83 -83.40
0.07 -0.70 -2.47 -104.26 438.43 -70.64
-0.18 -0.67 -2.26 -109.18 487.63 -45.71
-0.65 -0.76 -1.96 -112.92 500.26 -21.40
-1.35 -1.02 -1.36 -114.43 500.26 -7.71
-1.91 -1.36 -0.57 -110.78 500.26 4.35
-1.93 -1.71 -0.04 -84.14 500.18 11.04
-1.99 -1.68 0.41 -48.00 478.29 13.53
-2.24 -1.50 0.84 -21.48 451.33 14.56
-2.64 -1.27 1.46 -2.67 395.05 23.07
-2.78 -1.12 1.93 5.79 317.65 37.02
-2.63 -1.20 2.18 8.23 241.33 43.65
-2.09 -1.36 2.12 9.57 180.40 38.49
-1.65 -1.46 1.91 12.63 137.54 21.83
-1.34 -1.46 1.71 16.41 105.79 4.26
-1.07 -1.34 1.45 22.27 82.64 -6.84
-0.82 -1.17 1.20 28.11 61.77 -14.49
-0.59 -0.95 0.88 27.65 47.88 -16.00
-0.41 -0.82 0.67 21.91 38.31 -14.53
-0.27 -0.70 0.50 12.70 32.18 -12.06
-0.26 -0.68 0.45 5.76 25.53 -3.28
-0.23 -0.76 0.40 3.18 16.60 7.60
-0.15 -0.91 0.35 0.32 9.22 11.86
-0.05 -1.05 0.30 -2.47 1.28 4.50
0.11 -1.10 0.23 -4.50 1.19 -5.74
0.11 -1.17 0.20 -1.60 0.58 -14.70
0.07 -1.13 0.22 2.56 -0.26 -15.56
0.11 -1.06 0.20 1.65 -2.34 -16.15
0.13 -1.04 0.18 -3.37 -2.20 -17.69
0.14 -1.04 0.16 -11.47 -1.25 -17.79
0.13 -1.09 0.16 -18.32 -1.08 -18.12
0.15 -1.15 0.15 -22.72 0.78 -16.24
0.19 -1.20 0.15 -20.60 2.90 -17.08
0.15 -1.19 0.18 -16.89 4.08 -19.10
0.12 -1.15 0.17 -11.04 3.63 -18.79
0.10 -1.08 0.17 -8.29 2.00 -19.66
0.09 -1.03 0.16 -8.84 -0.11 -20.05
0.07 -0.98 0.17 -8.87 -2.52 -19.40
0.05 -0.92 0.15 -9.05 -5.40 -15.91
0.07 -0.89 0.12 -12.29 -6.95 -11.57
0.10 -0.91 0.10 -15.89 -6.99 -9.82
0.09 -0.95 0.13 -15.98 -6.76 -9.44
0.07 -0.96 0.14 -13.57 -6.63 -7.19
0.09 -0.94 0.14 -11.04 -6.27 -5.22
0.07 -0.92 0.15 -10.03 -6.15 -4.24
