-0.11 -1.01 -0.15 1.80 11.69 1.79
-0.12 -1.00 -0.10 3.89 11.91 3.94
-0.12 -1.00 -0.09 5.19 10.99 5.54
-0.12 -0.98 -0.06 6.32 11.02 6.78
-0.14 -0.99 -0.04 7.08 10.76 8.12
-0.16 -0.94 -0.01 5.65 11.37 8.27
-0.20 -0.90 0.03 -0.06 11.66 8.12
-0.27 -0.85 0.09 -10.70 11.30 4.90
-0.35 -0.84 0.18 -22.38 8.06 2.66
-0.48 -0.86 0.28 -32.82 -0.12 1.15
-0.67 -0.89 0.45 -44.61 -11.92 -4.09
-0.91 -0.89 0.68 -61.63 -35.56 -15.39
-1.22 -0.91 0.92 -83.62 -74.55 -30.82
-1.37 -0.99 1.11 -104.69 -122.17 -43.57
-1.54 -1.15 1.16 -104.76 -169.80 -47.39
-1.63 -1.22 1.20 -87.69 -218.12 -37.73
-1.49 -1.20 1.18 -64.92 -249.57 -25.50
-1.43 -1.34 0.97 -31.89 -273.33 -9.66
-1.25 -1.15 0.86 -20.09 -284.08 -7.97
-1.25 -0.89 0.76 -37.22 -294.99 -24.60
-1.26 -0.69 0.73 -77.08 -304.55 -50.11
-1.16 -0.70 0.56 -108.50 -309.50 -70.95
-1.15 -0.69 0.40 -124.85 -310.09 -81.02
-1.19 -0.71 0.30 -136.67 -313.19 -88.72
-1.14 -0.62 0.11 -146.98 -300.66 -98.46
-1.30 -0.56 0.02 -152.09 -315.40 -96.93
-1.43 -0.55 -0.10 -149.60 -330.15 -94.79
-1.39 -0.63 -0.34 -142.09 -340.96 -90.72
-1.37 -0.71 -0.63 -121.08 -352.35 -89.79
-1.28 -0.73 -0.93 -99.31 -358.81 -87.63
-1.20 -0.60 -1.25 -78.27 -360.73 -80.46
-1.03 -0.43 -1.53 -73.66 -355.66 -76.64
-0.86 -0.30 -1.85 -86.11 -347.66 -83.15
-0.50 -0.05 -2.12 -134.92 -319.62 -101.44
-0.17 -0.25 -2.44 -161.62 -284.35 -115.01
0.03 -0.55 -2.55 -150.46 -249.42 -109.15
0.26 -0.89 -2.73 -104.60 -213.54 -92.99
0.48 -1.00 -2.88 -41.80 -181.77 -66.08
0.84 -0.87 -3.21 10.73 -141.66 -47.63
1.08 -0.66 -3.23 49.66 -93.01 -20.27
1.23 -0.39 -3.28 61.01 -32.37 -6.18
1.28 -0.15 -3.18 47.28 31.60 10.41
1.12 -0.14 -2.97 23.37 95.60 17.86
0.93 -0.21 -2.74 -3.76 148.06 27.92
0.76 -0.52 -2.52 -21.25 206.58 15.60
0.35 -0.61 -2.17 -25.66 235.15 12.05
0.13 -0.73 -2.03 -20.87 258.85 9.94
-0.06 -0.83 -1.89 5.16 276.90 25.48
-0.10 -0.78 -1.86 31.54 301.16 44.55
-0.18 -0.74 -1.86 57.36 323.48 58.76
-0.27 -0.68 -1.85 80.21 342.09 66.05
-0.35 -0.51 -1.79 92.43 356.93 71.91
-0.37 -0.38 -1.72 95.71 372.92 77.11
-0.45 -0.33 -1.62 97.50 388.47 82.49
-0.54 -0.33 -1.54 98.58 402.79 87.82
-0.69 -0.36 -1.41 102.03 414.26 95.48
-0.86 -0.39 -1.25 109.45 420.23 105.62
-1.01 -0.37 -1.07 119.40 420.49 120.69
-1.21 -0.29 -0.76 123.15 410.37 132.70
-1.37 -0.44 -0.49 121.66 391.86 140.90
-1.60 -0.62 -0.16 128.55 360.76 137.71
-1.85 -0.62 0.31 120.17 308.23 121.01
-1.72 -0.64 0.48 92.60 259.16 90.90
-0.68 -0.52 0.15 58.55 248.26 55.89
-1.10 -0.75 0.28 34.55 217.79 29.22
-1.06 -0.86 0.32 22.76 202.21 14.46
-1.11 -0.99 0.43 29.65 191.92 21.62
-1.15 -0.87 0.62 39.42 195.76 36.64
-1.52 -1.12 0.89 51.82 173.28 28.76
-1.58 -1.22 1.04 70.69 123.53 31.76
-1.28 -1.17 1.04 65.88 98.20 18.58
-1.21 -1.16 1.01 53.73 54.15 6.89
-0.80 -1.15 0.76 43.22 33.08 -6.15
-0.62 -0.99 0.59 27.28 27.30 -20.67
-0.52 -0.89 0.48 9.45 17.54 -29.85
-0.41 -0.82 0.36 -9.08 14.08 -35.21
-0.38 -0.86 0.30 -20.43 10.32 -34.53
-0.34 -0.93 0.22 -20.82 5.40 -26.02
-0.27 -0.97 0.15 -14.44 3.69 -14.64
-0.22 -0.98 0.09 -5.86 2.85 -3.51
-0.15 -0.94 0.02 0.37 2.49 5.85
-0.13 -0.91 -0.01 0.50 2.23 15.31
-0.12 -0.97 -0.04 3.44 -0.40 22.32
-0.09 -1.01 -0.06 4.49 -3.44 23.79
-0.09 -1.06 -0.07 5.01 -7.24 21.65
-0.08 -1.07 -0.09 4.49 -10.84 18.37
-0.07 -1.08 -0.09 1.80 -13.07 13.22
-0.07 -1.11 -0.10 0.99 -16.24 9.02
-0.05 -1.11 -0.12 3.16 -17.62 7.25
-0.02 -1.07 -0.14 3.65 -16.41 7.71
0.04 -1.08 -0.21 3.28 -12.37 8.24
0.06 -1.10 -0.25 4.90 -4.85 6.67
0.03 -1.08 -0.21 5.39 1.83 4.47
-0.02 -1.04 -0.18 3.86 5.28 3.19
-0.08 -1.02 -0.14 1.24 6.29 2.98
-0.10 -1.03 -0.13 -1.53 5.95 1.86
-0.12 -1.07 -0.11 -0.24 4.95 -0.06
-0.14 -1.07 -0.08 2.44 4.06 -0.84
-0.16 -1.04 -0.08 2.81 1.66 -1.13
-0.16 -1.02 -0.07 2.11 0.49 -1.01
