-0.20 -0.96 0.02 -9.05 0.03 1.86
-0.21 -0.98 0.04 -7.86 -0.95 3.37
-0.21 -0.99 0.02 -6.35 -1.71 4.69
-0.20 -0.98 0.02 -5.66 -2.38 4.27
-0.20 -0.97 0.01 -5.53 -2.81 2.63
-0.19 -0.98 0.03 -5.44 -3.27 1.24
-0.20 -0.97 0.04 -4.52 -3.53 0.89
-0.22 -0.96 0.04 -3.66 -4.49 1.33
-0.24 -0.95 0.04 -3.62 -6.00 2.21
-0.26 -0.94 0.02 -5.21 -7.98 3.19
-0.28 -0.94 0.02 -7.27 -10.18 3.88
-0.29 -0.97 0.03 -8.90 -12.75 3.95
-0.29 -0.99 0.05 -8.69 -15.15 4.00
-0.30 -1.01 0.05 -7.25 -17.68 3.02
-0.32 -1.00 0.05 -5.59 -20.76 1.89
-0.32 -0.99 0.05 -4.32 -24.20 2.09
-0.30 -0.97 0.04 -3.48 -26.64 3.88
-0.31 -0.95 0.04 -3.77 -28.92 5.66
-0.29 -0.94 0.03 -5.40 -31.69 5.59
-0.28 -0.94 0.03 -6.82 -34.24 5.77
-0.29 -0.94 0.03 -8.00 -36.06 6.24
-0.30 -0.95 0.04 -8.81 -38.47 5.94
-0.32 -0.94 0.05 -8.66 -41.31 5.59
-0.33 -0.95 0.04 -8.47 -44.32 6.50
-0.34 -0.95 0.03 -8.32 -48.18 6.93
-0.33 -0.98 0.03 -7.59 -51.44 8.14
-0.30 -0.97 0.02 -6.73 -53.65 9.92
-0.29 -0.96 0.00 -7.16 -55.62 10.43
-0.27 -0.95 0.00 -8.31 -57.60 10.27
-0.27 -0.94 0.01 -9.60 -58.92 10.49
-0.27 -0.94 -0.00 -10.64 -61.16 10.63
-0.28 -0.95 -0.01 -11.97 -63.42 10.64
-0.29 -0.96 -0.00 -12.44 -65.85 11.31
-0.28 -0.98 -0.01 -11.48 -68.11 12.37
-0.27 -0.98 -0.01 -10.47 -69.39 12.40
-0.26 -0.97 -0.02 -10.61 -71.48 11.73
-0.26 -0.95 -0.02 -11.11 -73.34 11.04
-0.26 -0.95 -0.02 -11.66 -75.65 10.09
-0.26 -0.95 -0.02 -12.58 -78.50 9.50
-0.26 -0.95 -0.01 -13.05 -81.79 10.41
-0.24 -0.96 -0.02 -13.11 -83.68 11.95
-0.22 -0.98 -0.02 -12.37 -84.26 14.27
-0.21 -0.99 -0.03 -11.79 -84.15 15.57
-0.20 -0.98 -0.04 -11.57 -84.52 15.27
-0.20 -0.98 -0.04 -12.08 -84.40 14.67
-0.20 -0.99 -0.04 -11.89 -85.21 13.36
-0.19 -0.98 -0.04 -11.69 -85.71 12.02
-0.19 -0.98 -0.04 -11.65 -86.34 11.50
-0.18 -0.98 -0.03 -11.28 -86.78 11.40
-0.16 -0.95 -0.04 -11.71 -86.95 11.56
-0.15 -0.94 -0.05 -13.24 -88.49 11.57
-0.13 -0.95 -0.04 -14.23 -86.92 12.03
-0.09 -0.98 -0.05 -13.54 -86.05 12.55
-0.08 -0.97 -0.03 -12.53 -83.45 12.43
-0.09 -0.95 -0.04 -12.60 -82.08 10.67
-0.07 -0.96 -0.05 -13.10 -80.61 8.50
-0.06 -0.95 -0.04 -13.42 -79.44 6.61
-0.06 -0.95 -0.04 -13.40 -78.40 5.59
-0.06 -0.93 -0.04 -13.88 -77.15 5.60
-0.06 -0.92 -0.04 -14.79 -76.09 6.84
-0.05 -0.92 -0.03 -15.65 -75.34 8.12
-0.06 -0.90 -0.04 -17.02 -74.93 8.95
-0.05 -0.90 -0.04 -19.77 -75.13 9.28
-0.02 -0.92 -0.05 -21.15 -74.37 9.77
0.01 -0.95 -0.04 -20.47 -71.83 11.07
0.04 -0.95 -0.05 -20.11 -68.66 10.49
0.07 -0.96 -0.04 -19.48 -64.29 8.49
0.08 -0.96 -0.05 -19.27 -60.72 5.62
0.08 -0.97 -0.04 -20.21 -57.77 2.08
0.09 -0.96 -0.05 -20.98 -54.60 0.56
0.08 -0.96 -0.04 -21.40 -51.82 0.82
0.10 -0.99 -0.04 -21.07 -48.82 2.55
0.11 -1.00 -0.03 -19.48 -45.10 4.21
0.15 -1.01 -0.05 -18.34 -39.92 4.72
0.17 -1.01 -0.04 -17.76 -33.73 3.45
0.17 -1.04 -0.04 -16.35 -27.53 2.09
0.13 -1.05 -0.02 -14.58 -22.37 -0.29
0.10 -1.05 -0.01 -13.13 -18.90 -1.11
0.07 -1.05 -0.01 -11.25 -16.02 -0.84
0.07 -1.04 -0.02 -9.86 -12.58 0.14
0.07 -1.03 -0.02 -9.33 -9.47 -0.82
0.06 -1.02 -0.03 -9.91 -6.87 -2.70
0.04 -1.03 0.00 -9.59 -4.96 -4.31
0.01 -1.05 0.01 -7.65 -3.02 -3.44
0.01 -1.04 -0.01 -4.96 -0.61 -0.58
0.02 -1.02 -0.01 -2.79 2.08 2.00
0.00 -1.01 -0.00 -1.50 4.34 2.92
-0.00 -0.98 -0.00 -1.77 5.98 1.79
-0.00 -0.97 -0.00 -3.04 7.79 -0.43
-0.01 -0.99 0.01 -3.45 9.83 -1.42
-0.01 -1.00 0.02 -2.52 11.40 -1.05
-0.00 -0.99 0.00 -1.79 13.74 0.26
0.01 -1.01 -0.00 -0.76 16.20 1.16
0.01 -1.03 -0.01 1.25 18.35 1.66
0.03 -1.03 -0.01 3.56 21.15 1.91
0.05 -1.01 -0.02 4.84 24.24 0.52
0.03 -1.00 -0.03 4.98 26.99 -1.39
0.05 -1.00 -0.03 5.60 29.71 -1.71
0.06 -1.01 -0.03 6.90 33.05 0.20
0.06 -1.00 -0.02 7.79 35.91 1.92
