-0.19 -1.00 -0.07 0.82 4.11 2.69
-0.18 -1.00 -0.07 0.37 4.53 1.98
-0.17 -1.02 -0.08 1.65 5.04 1.60
-0.15 -1.02 -0.09 3.47 6.11 2.78
-0.13 -1.01 -0.09 6.17 7.44 4.41
-0.12 -0.99 -0.09 7.37 8.56 4.76
-0.10 -0.97 -0.09 6.43 10.60 4.35
-0.10 -0.94 -0.08 4.73 14.09 3.97
-0.13 -0.93 -0.06 2.98 18.69 4.84
-0.19 -0.93 0.02 1.85 20.95 6.38
-0.21 -0.93 0.07 0.05 19.08 7.97
-0.29 -0.93 0.14 -2.72 16.32 6.00
-0.38 -0.92 0.20 -6.73 14.58 6.70
-0.48 -0.92 0.29 -10.96 7.15 4.73
-0.63 -0.96 0.40 -14.43 -3.04 1.77
-0.72 -0.90 0.49 -22.79 -15.74 0.12
-0.90 -0.91 0.64 -32.46 -30.99 -6.89
-0.95 -1.01 0.65 -38.63 -47.13 -9.54
-1.11 -0.99 0.75 -44.38 -69.98 -16.18
-1.16 -0.97 0.78 -51.69 -85.42 -13.21
-1.23 -1.00 0.85 -54.63 -108.15 -13.77
-1.32 -1.03 0.86 -54.53 -136.69 -12.18
-1.36 -1.02 0.83 -53.65 -166.44 -14.17
-1.40 -0.92 0.77 -55.83 -191.97 -16.81
-1.46 -0.75 0.78 -62.00 -217.22 -12.85
-1.62 -0.50 0.72 -79.50 -243.44 -15.01
-1.79 -0.44 0.69 -101.45 -276.44 -9.10
-1.80 -0.51 0.55 -115.80 -308.11 -3.74
-1.61 -0.68 0.36 -118.79 -325.21 0.70
-1.51 -0.84 0.17 -114.00 -335.33 2.38
-1.52 -0.77 0.06 -116.14 -343.44 -10.34
-1.50 -0.79 -0.01 -122.56 -347.68 -26.78
-1.52 -0.80 -0.13 -126.14 -352.66 -47.88
-1.49 -0.89 -0.22 -121.30 -358.46 -61.56
-1.44 -0.79 -0.51 -104.29 -371.89 -72.81
-1.68 -0.54 -0.66 -99.85 -397.98 -68.89
-1.43 -0.65 -1.10 -87.56 -418.24 -56.06
-0.98 -0.79 -1.64 -73.50 -408.15 -43.97
-0.49 -1.05 -1.93 -47.57 -385.19 -31.02
-0.23 -1.12 -2.17 -13.01 -370.44 -31.34
0.63 -1.02 -2.54 19.74 -318.49 -14.69
1.07 -0.73 -2.70 34.37 -257.18 -1.30
1.23 -0.54 -2.60 25.37 -194.08 2.84
1.39 -0.23 -2.56 -0.03 -136.49 9.92
0.77 -0.56 -2.00 -40.82 -95.74 -8.32
0.80 -0.82 -1.68 -56.92 -59.62 -10.35
0.43 -1.22 -1.24 -41.94 -48.93 -16.09
0.31 -1.35 -1.00 -11.44 -38.08 -7.08
0.27 -1.17 -0.86 15.50 -21.25 6.70
0.18 -0.95 -0.71 25.85 -2.23 13.97
0.04 -0.81 -0.54 15.25 14.47 11.85
-0.10 -0.82 -0.35 -4.47 24.82 3.25
-0.29 -0.96 -0.15 -17.45 27.39 -3.59
-0.45 -1.08 -0.01 -20.52 21.37 -5.05
-0.54 -1.21 0.07 -14.85 9.92 -2.78
-0.54 -1.31 0.03 -2.63 -4.34 0.37
-0.40 -1.27 -0.07 10.55 -12.24 6.35
-0.35 -1.25 -0.15 15.98 -19.51 3.15
-0.13 -1.30 -0.38 14.87 -14.63 -6.02
0.05 -1.32 -0.61 10.82 -5.80 -22.58
0.25 -1.37 -0.83 7.77 11.08 -39.10
0.46 -1.46 -1.07 12.75 38.03 -49.27
0.58 -1.45 -1.21 21.45 66.93 -53.73
0.68 -1.40 -1.36 28.75 91.94 -55.27
0.84 -1.43 -1.55 34.34 122.64 -56.87
0.90 -1.46 -1.71 45.07 154.06 -61.31
0.94 -1.43 -1.89 59.71 188.09 -63.37
0.93 -1.34 -2.07 76.89 222.38 -61.40
0.90 -1.12 -2.27 92.66 259.33 -53.79
0.79 -0.89 -2.37 97.59 293.65 -52.79
0.76 -0.76 -2.56 98.98 339.95 -39.33
0.65 -0.64 -2.64 99.71 380.43 -30.12
0.53 -0.49 -2.64 99.77 425.01 -25.50
0.30 -0.26 -2.52 93.24 478.47 -17.15
-0.33 -0.18 -2.24 78.50 500.26 -15.34
-1.32 -0.06 -1.65 52.41 500.26 -28.55
-2.21 0.00 -0.91 14.92 478.00 -35.98
-2.53 -0.18 -0.32 -13.94 427.19 -18.46
-2.82 -0.53 0.24 -9.22 366.23 2.15
-2.78 -0.67 0.64 1.25 318.21 26.18
-3.34 -1.31 0.83 49.07 288.32 32.15
-3.06 -0.95 1.27 27.83 244.67 54.64
-2.89 -0.94 1.59 35.54 198.76 59.10
-2.49 -1.09 1.52 41.74 164.44 53.24
-2.15 -1.07 1.46 40.17 138.11 37.24
-1.80 -1.04 1.32 36.31 116.46 26.72
-1.48 -1.01 1.19 41.92 82.82 28.78
-1.16 -1.06 1.00 38.43 76.02 17.10
-0.85 -0.98 0.76 40.76 62.69 11.76
-0.57 -0.85 0.52 34.55 45.59 14.20
-0.25 -0.85 0.30 26.02 51.97 13.73
-0.20 -0.89 0.19 22.20 51.94 12.95
-0.13 -0.88 0.10 15.48 54.37 8.43
-0.11 -0.85 0.06 10.52 55.31 6.06
-0.10 -0.91 0.03 8.76 54.70 3.54
-0.14 -0.97 0.00 6.43 46.14 0.00
-0.09 -1.04 -0.01 6.41 46.60 -4.53
-0.11 -1.01 0.00 6.31 44.00 -11.57
-0.13 -0.96 0.00 4.63 39.88 -12.99
-0.16 -0.95 0.00 7.59 38.75 -7.30
