-0.09 -0.99 -0.16 1.77 6.50 1.73
-0.10 -1.00 -0.14 1.57 6.60 1.54
-0.10 -1.00 -0.12 2.61 6.03 1.50
-0.11 -0.99 -0.09 3.86 5.21 2.00
-0.11 -0.98 -0.09 4.78 4.96 2.49
-0.12 -0.94 -0.06 3.86 5.89 3.62
-0.17 -0.90 -0.01 0.38 6.37 5.18
-0.30 -0.91 0.10 -3.89 4.32 4.12
-0.44 -0.84 0.28 -15.91 -4.95 2.60
-0.73 -0.90 0.49 -26.29 -16.87 -8.46
-0.95 -0.83 0.75 -45.83 -38.89 -14.81
-1.11 -0.87 0.93 -63.40 -59.33 -21.80
-1.32 -1.02 1.15 -74.70 -80.27 -27.21
-1.37 -1.10 1.23 -78.41 -104.27 -17.42
-1.45 -1.22 1.17 -73.57 -123.19 -13.57
-1.61 -1.22 1.28 -68.31 -148.60 -13.28
-1.64 -1.17 1.21 -65.02 -182.96 -16.35
-1.62 -1.07 1.01 -64.99 -216.75 -20.35
-1.70 -0.95 0.90 -72.98 -253.45 -32.69
-1.76 -0.86 0.72 -82.00 -296.38 -47.85
-1.75 -0.84 0.49 -90.76 -337.31 -64.46
-1.80 -0.75 0.26 -96.18 -377.85 -74.61
-1.71 -0.78 -0.01 -97.13 -407.28 -72.69
-1.58 -0.84 -0.32 -83.53 -422.21 -66.70
-1.42 -0.92 -0.62 -61.68 -419.91 -64.11
-1.37 -0.79 -0.85 -42.41 -419.56 -63.74
-1.23 -0.63 -1.08 -36.61 -413.05 -63.19
-1.08 -0.56 -1.34 -37.04 -402.14 -58.90
-0.94 -0.51 -1.55 -40.87 -392.47 -56.90
-0.82 -0.45 -1.76 -48.75 -380.21 -51.95
-0.71 -0.51 -1.85 -60.05 -364.70 -58.47
-0.60 -0.56 -2.11 -74.31 -352.29 -63.68
-0.30 -0.53 -2.25 -98.66 -333.34 -80.18
0.08 -0.89 -2.63 -102.17 -299.27 -84.32
0.42 -1.11 -2.85 -70.02 -260.08 -83.94
0.78 -1.17 -3.41 -26.76 -210.18 -82.37
1.11 -1.07 -3.42 17.04 -141.50 -75.63
1.39 -0.75 -3.57 40.23 -66.72 -48.75
1.54 -0.51 -3.48 38.81 12.87 -20.66
1.39 -0.38 -3.24 26.50 88.17 -18.15
1.09 -0.26 -2.91 0.46 153.19 -2.79
0.79 -0.39 -2.58 -18.70 209.77 12.50
0.49 -0.65 -2.32 -24.85 244.64 7.11
0.35 -0.78 -2.14 -26.35 277.40 13.30
0.17 -0.95 -1.99 -6.63 304.44 15.33
0.02 -0.90 -1.81 12.82 331.42 26.27
-0.20 -0.83 -1.65 26.73 347.02 36.41
-0.33 -0.82 -1.57 42.37 356.90 42.31
-0.47 -0.72 -1.47 54.96 363.51 45.24
-0.55 -0.59 -1.41 57.10 368.53 49.16
-0.58 -0.52 -1.37 53.60 375.82 53.48
-0.60 -0.49 -1.35 48.09 387.21 58.66
-0.59 -0.56 -1.33 45.59 400.70 61.02
-0.69 -0.64 -1.26 51.91 413.56 63.13
-0.95 -0.66 -1.02 64.92 416.90 72.35
-1.26 -0.69 -0.64 80.32 403.11 84.55
-1.47 -0.80 -0.33 100.26 375.92 97.45
-1.64 -0.84 -0.02 117.10 331.74 100.56
-1.16 -0.53 -0.19 112.76 280.52 77.25
-1.57 -1.03 0.17 82.95 267.86 65.76
-1.05 -0.61 -0.01 63.42 262.85 38.63
-1.07 -0.53 0.04 29.04 264.63 21.91
-1.54 -0.58 0.39 1.94 255.42 21.51
-1.50 -0.71 0.62 -18.23 243.59 19.44
-1.57 -0.95 0.85 -20.55 201.30 25.95
-1.75 -1.13 1.14 -15.24 159.92 23.60
-1.73 -1.27 1.32 -4.03 107.19 32.40
-1.51 -1.42 1.23 22.35 67.50 39.40
-1.26 -1.41 1.08 49.51 40.11 44.37
-1.02 -1.30 0.91 65.08 23.04 43.59
-0.82 -1.19 0.77 62.60 9.48 34.98
-0.82 -1.02 0.74 47.60 5.79 18.55
-0.70 -0.99 0.61 27.18 -7.57 6.43
-0.57 -0.99 0.47 12.81 -14.69 -5.02
-0.49 -0.99 0.39 3.69 -22.18 -10.09
-0.40 -0.97 0.29 -0.34 -27.18 -10.93
-0.34 -0.94 0.21 -2.93 -32.12 -8.40
-0.26 -0.95 0.10 -3.24 -35.21 -6.08
-0.20 -0.95 -0.01 -2.44 -37.36 -4.03
-0.14 -0.92 -0.08 -3.19 -37.89 -3.88
-0.12 -0.87 -0.13 -10.44 -39.98 -7.76
-0.08 -0.85 -0.17 -22.46 -42.72 -14.12
-0.04 -0.89 -0.23 -30.89 -43.76 -19.11
-0.08 -0.88 -0.24 -32.56 -42.09 -17.36
0.05 -0.95 -0.31 -30.93 -40.93 -11.44
0.04 -0.98 -0.32 -25.19 -36.66 -3.24
0.04 -1.02 -0.32 -17.31 -34.92 4.29
0.04 -1.05 -0.33 -10.32 -31.16 9.02
0.07 -1.08 -0.36 -5.13 -25.07 12.21
0.08 -1.10 -0.36 -1.71 -16.00 10.67
0.05 -1.10 -0.34 -1.13 -8.70 8.02
-0.01 -1.10 -0.28 -2.44 -3.77 3.21
-0.06 -1.06 -0.23 -4.15 -0.98 -0.75
-0.09 -1.07 -0.22 -3.36 0.20 -2.75
-0.13 -1.06 -0.18 -1.71 0.18 -3.21
-0.15 -1.06 -0.14 0.69 -1.27 -3.31
-0.15 -1.06 -0.13 2.61 -2.93 -3.82
-0.15 -1.05 -0.13 5.47 -4.29 -4.89
-0.13 -1.04 -0.14 7.92 -6.15 -3.95
-0.11 -1.00 -0.13 8.70 -7.62 -2.64
