0.17 -0.99 0.09 -3.11 3.33 -0.44
0.15 -0.97 0.09 -0.63 2.96 1.30
0.16 -0.97 0.09 -0.06 3.18 1.50
0.16 -0.96 0.10 -1.36 2.76 0.87
0.17 -0.97 0.10 -2.12 2.08 -0.11
0.16 -0.97 0.10 -1.79 2.12 -0.05
0.17 -0.97 0.10 -0.81 1.62 0.93
0.17 -0.96 0.10 -0.55 1.05 1.80
0.18 -0.96 0.09 0.02 0.55 1.65
0.20 -0.96 0.08 0.24 0.53 1.04
0.20 -0.94 0.06 -0.63 0.76 0.67
0.19 -0.93 0.07 -1.73 0.66 1.08
0.20 -0.92 0.08 -1.68 0.82 2.76
0.21 -0.94 0.07 -1.45 0.61 3.79
0.19 -0.92 0.07 -2.82 -0.60 2.52
0.21 -0.95 0.05 -4.63 -0.37 3.69
0.21 -0.96 0.07 -4.09 -0.72 3.16
0.22 -0.97 0.07 -4.26 -0.58 2.58
0.22 -0.98 0.07 -4.46 -0.60 1.10
0.22 -0.98 0.05 -4.27 -0.03 -0.35
0.21 -0.97 0.06 -3.88 0.32 -0.52
0.20 -0.97 0.06 -3.65 0.90 -0.12
0.19 -0.96 0.06 -4.20 1.07 -0.02
0.18 -0.98 0.09 -4.40 1.10 0.02
0.18 -1.00 0.09 -4.31 1.08 0.00
0.18 -1.01 0.07 -3.36 1.65 -0.38
0.17 -1.01 0.08 -1.53 2.08 -0.55
0.17 -1.00 0.08 -0.02 2.67 -0.64
0.16 -0.99 0.08 0.87 2.66 -0.69
0.17 -0.97 0.09 0.52 2.17 -1.05
0.17 -0.97 0.08 0.20 1.85 -1.04
0.17 -0.96 0.10 0.61 1.66 0.00
0.17 -0.96 0.09 1.74 1.77 1.66
0.17 -0.96 0.08 1.69 1.48 1.60
0.18 -0.94 0.07 0.18 1.40 1.02
0.18 -0.94 0.07 -1.37 1.10 0.14
0.18 -0.94 0.07 -2.31 1.07 0.50
0.19 -0.94 0.07 -1.42 1.19 1.47
0.19 -0.95 0.08 -1.25 0.61 1.54
0.20 -0.96 0.08 -1.73 0.26 1.18
0.20 -0.95 0.08 -2.40 0.05 0.81
0.20 -0.94 0.08 -3.02 -0.46 1.31
0.20 -0.95 0.07 -3.01 -0.95 1.68
0.22 -0.96 0.06 -3.34 -0.56 2.17
0.22 -0.97 0.06 -2.90 -0.11 1.53
0.24 -0.97 0.05 -3.05 0.38 0.40
0.21 -0.98 0.06 -3.31 0.43 -0.87
0.23 -0.98 0.06 -2.95 1.22 -1.37
0.22 -0.98 0.05 -2.56 2.05 -1.76
0.20 -0.98 0.07 -2.60 2.49 -1.65
0.19 -0.99 0.08 -2.23 2.73 -1.92
0.18 -0.97 0.08 -2.24 3.05 -2.14
0.16 -0.97 0.09 -2.43 2.99 -1.86
0.15 -0.98 0.10 -1.66 2.95 -0.93
0.16 -0.99 0.11 -0.41 2.53 -0.34
0.17 -0.98 0.10 0.37 2.56 -0.76
0.16 -0.97 0.08 -0.52 2.24 -2.02
0.16 -0.95 0.09 -2.21 1.66 -2.40
0.16 -0.97 0.10 -1.48 1.42 -1.44
0.16 -0.96 0.10 0.12 1.08 0.35
0.17 -0.96 0.10 1.44 0.64 1.92
0.18 -0.94 0.09 1.42 0.31 2.44
0.19 -0.93 0.08 0.05 -0.11 2.14
0.20 -0.93 0.07 -1.47 -0.37 1.44
0.19 -0.95 0.08 -2.24 -0.90 1.07
0.20 -0.94 0.08 -2.31 -0.95 1.45
0.20 -0.94 0.08 -2.76 -1.27 1.27
0.20 -0.95 0.07 -3.31 -1.48 1.22
0.21 -0.94 0.05 -3.82 -1.71 1.18
0.21 -0.96 0.06 -4.05 -1.56 1.13
0.22 -0.97 0.06 -3.66 -1.36 0.75
0.22 -0.98 0.05 -3.57 -0.63 0.70
0.22 -0.98 0.07 -2.63 -0.50 -0.23
0.23 -0.98 0.06 -1.76 0.31 -0.67
0.21 -0.96 0.06 -1.27 0.58 -1.28
0.21 -0.95 0.05 -2.17 1.60 -1.92
0.20 -0.96 0.05 -3.34 2.31 -2.73
0.18 -0.97 0.06 -3.76 2.90 -2.55
0.17 -0.98 0.09 -2.37 3.40 -1.45
0.16 -0.98 0.09 -0.49 3.24 0.84
0.16 -0.98 0.10 1.27 3.10 1.97
0.16 -0.98 0.10 1.85 3.16 2.41
0.16 -0.97 0.09 1.19 2.43 2.14
0.15 -0.96 0.09 -0.23 2.18 1.39
0.17 -0.95 0.09 -1.91 0.98 0.03
0.17 -0.96 0.09 -2.96 0.60 -0.79
0.17 -0.95 0.09 -2.31 0.00 -0.17
0.19 -0.94 0.09 -1.25 -0.20 1.42
0.20 -0.94 0.08 -0.84 -0.64 2.44
0.21 -0.94 0.07 -1.13 -0.58 2.85
0.22 -0.93 0.06 -2.12 -0.38 2.93
0.21 -0.94 0.05 -2.85 -0.27 2.67
0.21 -0.94 0.06 -3.16 -0.44 3.04
0.22 -0.96 0.06 -2.55 -0.38 2.66
0.23 -0.95 0.05 -2.46 -0.12 2.49
0.22 -0.96 0.06 -3.10 -0.02 1.94
0.23 -0.96 0.06 -3.02 0.43 1.42
0.22 -0.98 0.06 -2.81 0.60 0.95
0.22 -0.99 0.07 -2.85 0.89 0.56
0.22 -0.98 0.06 -2.96 1.51 -0.58
