-0.06 -1.01 -0.08 -2.60 1.59 -0.50
-0.06 -1.02 -0.07 -2.02 1.71 -0.40
-0.06 -1.02 -0.09 -0.98 1.86 -0.27
-0.05 -1.01 -0.10 -1.15 2.11 0.03
-0.06 -1.00 -0.08 -1.22 2.44 -0.09
-0.05 -1.01 -0.08 -1.83 2.56 -0.40
-0.06 -1.01 -0.08 -2.72 2.72 -1.08
-0.06 -1.02 -0.07 -2.85 2.82 -1.27
-0.06 -1.02 -0.07 -1.66 2.41 -0.90
-0.06 -1.02 -0.06 -0.58 2.40 -0.49
-0.05 -1.00 -0.06 -0.34 2.27 -0.50
-0.05 -1.01 -0.07 -0.79 2.15 -0.44
-0.05 -1.00 -0.07 -1.02 2.37 -0.35
-0.05 -1.00 -0.06 -1.82 2.40 -0.53
-0.05 -1.00 -0.06 -1.97 2.27 -0.46
-0.06 -1.01 -0.05 -1.94 2.05 -0.27
-0.06 -1.01 -0.06 -1.44 1.73 -0.05
-0.06 -1.01 -0.06 -1.01 1.51 0.35
-0.06 -1.00 -0.06 -1.25 1.54 0.29
-0.06 -0.99 -0.07 -2.11 1.45 0.24
-0.06 -1.00 -0.07 -2.98 1.19 0.32
-0.05 -1.01 -0.07 -2.72 1.48 0.44
-0.06 -1.01 -0.07 -3.08 1.48 0.18
-0.06 -1.02 -0.08 -3.10 1.08 -0.20
-0.05 -1.03 -0.07 -2.47 1.15 -0.32
-0.06 -1.02 -0.07 -2.08 1.24 -0.05
-0.05 -1.02 -0.08 -1.48 1.62 0.32
-0.05 -1.01 -0.08 -1.51 2.03 0.50
-0.06 -1.01 -0.07 -1.79 2.05 0.14
-0.05 -1.02 -0.08 -1.39 1.80 0.03
-0.06 -1.01 -0.07 -1.39 2.21 -0.12
-0.06 -1.01 -0.07 -2.24 2.08 -0.82
-0.06 -1.02 -0.06 -2.11 2.03 -0.63
-0.06 -1.03 -0.07 -0.67 1.91 -0.09
-0.05 -1.01 -0.07 -0.06 2.09 0.20
-0.05 -1.00 -0.06 -0.63 2.02 -0.02
-0.05 -1.00 -0.06 -1.05 2.23 0.64
-0.06 -0.99 -0.06 -1.79 2.21 0.69
-0.05 -1.00 -0.06 -2.56 2.12 0.49
-0.06 -1.00 -0.06 -3.37 2.08 0.11
-0.06 -1.02 -0.07 -3.34 1.71 -0.24
-0.07 -1.03 -0.06 -3.11 1.69 -0.61
-0.06 -1.03 -0.06 -1.86 1.39 -0.20
-0.07 -1.02 -0.06 -1.51 1.30 0.00
-0.06 -1.02 -0.06 -1.83 1.07 -0.40
-0.06 -1.01 -0.07 -1.91 1.08 -0.73
-0.05 -1.01 -0.07 -1.89 1.22 -0.85
-0.05 -1.01 -0.08 -1.73 1.48 -0.70
-0.05 -1.01 -0.07 -1.53 1.86 -0.55
-0.06 -1.00 -0.08 -1.50 1.86 -0.31
-0.05 -1.00 -0.08 -1.27 1.89 0.15
-0.06 -0.99 -0.07 -2.02 2.26 0.18
-0.05 -0.99 -0.07 -2.99 2.32 0.21
-0.06 -1.01 -0.08 -2.55 2.21 0.78
-0.05 -1.00 -0.06 -2.52 2.03 0.61
-0.05 -1.02 -0.06 -2.55 2.14 0.55
-0.06 -1.02 -0.07 -1.92 1.98 0.43
-0.06 -1.03 -0.06 -1.63 1.77 0.21
-0.06 -1.03 -0.06 -1.37 1.92 -0.05
-0.06 -1.02 -0.06 -1.33 1.88 -0.06
-0.06 -1.01 -0.06 -1.11 1.56 -0.03
-0.05 -1.01 -0.06 -1.07 1.66 -0.08
-0.05 -1.00 -0.06 -1.28 1.83 0.11
-0.06 -1.01 -0.07 -1.42 1.54 -0.26
-0.06 -1.00 -0.07 -2.35 1.40 -0.55
-0.06 -1.01 -0.07 -2.93 1.27 -0.87
-0.05 -1.01 -0.06 -2.26 1.42 -0.40
-0.06 -1.01 -0.05 -1.76 1.36 0.00
-0.05 -1.00 -0.08 -1.47 1.25 0.37
-0.05 -1.00 -0.06 -2.11 1.62 0.35
-0.05 -1.01 -0.07 -2.60 1.63 0.18
-0.05 -1.01 -0.07 -2.47 1.60 -0.02
-0.05 -1.01 -0.05 -2.70 1.92 -0.35
-0.05 -1.01 -0.07 -3.18 1.86 -0.56
-0.06 -1.03 -0.07 -2.34 1.85 -0.23
-0.05 -1.02 -0.06 -1.44 1.79 0.23
-0.06 -1.01 -0.07 -1.05 1.94 0.40
-0.06 -1.00 -0.06 -1.13 1.73 0.47
-0.06 -1.00 -0.07 -1.48 2.03 0.40
-0.06 -1.00 -0.06 -1.92 1.66 0.46
-0.06 -1.01 -0.07 -2.15 1.56 0.40
-0.05 -1.01 -0.06 -2.76 1.83 0.03
-0.06 -1.01 -0.06 -3.08 1.86 -0.27
-0.06 -1.02 -0.07 -2.79 1.33 -0.09
-0.05 -1.02 -0.08 -1.47 1.30 0.41
-0.06 -1.01 -0.07 -1.24 1.76 0.66
-0.06 -1.00 -0.06 -1.62 1.66 0.63
-0.06 -1.00 -0.08 -2.05 1.77 0.35
-0.06 -1.01 -0.07 -2.70 1.74 -0.11
-0.05 -1.02 -0.07 -2.63 1.86 -0.37
-0.06 -1.02 -0.06 -2.08 1.98 -0.17
-0.06 -1.02 -0.05 -1.40 1.88 0.21
-0.06 -1.02 -0.06 -0.99 1.85 0.35
-0.06 -0.99 -0.07 -1.34 1.83 0.00
-0.05 -1.00 -0.07 -2.02 1.60 -0.02
-0.05 -1.01 -0.08 -2.37 2.12 0.14
-0.06 -1.01 -0.07 -2.24 2.14 0.52
-0.06 -1.01 -0.07 -2.29 1.56 0.32
-0.07 -1.02 -0.06 -2.37 1.59 -0.15
-0.05 -1.02 -0.06 -2.02 1.47 -0.37
