0.11 -0.98 0.09 -1.18 0.93 -1.24
0.09 -0.96 0.10 0.18 1.66 0.18
0.09 -0.94 0.08 -0.81 0.87 0.32
0.09 -0.96 0.08 -2.00 0.03 0.75
0.10 -0.96 0.09 -1.59 0.26 1.34
0.11 -0.97 0.08 -1.63 0.85 1.94
0.10 -0.97 0.10 -1.56 1.10 1.89
0.10 -0.97 0.10 -1.71 0.89 1.42
0.10 -0.96 0.09 -2.76 0.35 1.15
0.10 -0.98 0.09 -1.94 0.63 1.59
0.10 -0.98 0.09 -1.25 1.01 1.83
0.09 -0.96 0.08 -2.58 0.84 1.59
0.10 -0.97 0.08 -3.73 0.35 0.37
0.10 -0.99 0.08 -3.19 0.66 -0.11
0.10 -1.00 0.08 -2.23 0.79 -0.34
0.11 -0.99 0.09 -1.25 1.27 -0.34
0.10 -0.99 0.07 -1.16 1.33 -0.64
0.11 -0.99 0.08 -0.44 1.66 -0.24
0.10 -0.98 0.09 1.24 2.03 0.29
0.09 -0.97 0.09 1.83 2.27 1.50
0.10 -0.97 0.08 1.69 2.47 1.10
0.10 -0.95 0.08 -1.33 2.06 -0.50
0.09 -0.94 0.09 -4.27 1.13 -1.11
0.09 -0.97 0.09 -3.65 0.93 -0.53
0.08 -0.95 0.10 -2.89 0.78 0.70
0.09 -0.97 0.10 -1.98 0.70 1.91
0.10 -0.97 0.09 -2.08 0.24 0.93
0.10 -0.98 0.09 -3.30 0.06 -0.73
0.10 -0.97 0.08 -4.11 -0.05 -1.50
0.09 -0.98 0.09 -3.97 -0.23 -0.38
0.09 -0.98 0.10 -2.69 -0.31 0.92
0.10 -0.97 0.07 -1.50 0.14 2.20
0.10 -0.99 0.09 -1.74 0.18 2.14
0.10 -0.98 0.09 -1.65 0.27 1.18
0.12 -0.99 0.08 -1.48 0.73 -0.06
0.11 -0.99 0.08 -0.92 0.99 -0.75
0.09 -0.98 0.09 -0.89 1.13 -1.16
0.09 -0.97 0.08 -1.13 0.98 -1.11
0.10 -0.96 0.07 -1.73 1.22 -1.48
0.09 -0.97 0.08 -3.13 1.08 -2.20
0.11 -0.98 0.09 -2.52 0.92 -2.47
0.09 -0.97 0.09 -1.11 1.10 -1.27
0.09 -0.93 0.09 -0.46 1.37 0.99
0.09 -0.92 0.08 -1.50 1.08 2.92
0.11 -0.95 0.07 -3.39 1.07 2.98
0.11 -0.98 0.07 -3.59 1.31 2.37
0.09 -0.99 0.09 -3.18 1.79 2.09
0.10 -1.00 0.08 -2.35 1.89 1.65
0.10 -0.99 0.10 -1.85 1.80 1.45
0.09 -1.00 0.10 -0.35 1.28 1.34
0.10 -0.99 0.09 -0.03 1.01 0.76
0.11 -0.97 0.07 -1.83 1.15 -0.17
0.11 -0.96 0.08 -3.53 1.30 -0.92
0.10 -0.99 0.09 -2.43 1.56 -0.32
0.10 -0.96 0.09 -1.68 1.68 0.47
0.10 -0.96 0.10 -2.00 1.77 1.21
0.12 -0.97 0.08 -2.66 1.77 0.99
0.12 -0.97 0.08 -3.28 2.05 -0.38
0.10 -0.99 0.10 -3.10 2.24 -0.99
0.09 -0.98 0.11 -1.05 2.35 0.11
0.08 -0.98 0.10 1.24 2.46 1.59
0.09 -0.97 0.09 0.73 2.61 2.00
0.09 -0.96 0.09 -0.89 1.63 0.93
0.10 -0.97 0.09 -1.63 1.92 -0.35
0.10 -0.96 0.09 -2.98 1.76 -1.69
0.10 -0.97 0.09 -2.98 1.92 -1.59
0.10 -0.96 0.10 -1.48 1.73 -0.78
0.10 -0.94 0.09 -1.40 1.91 -0.31
0.09 -0.95 0.09 -3.08 0.63 -1.48
0.10 -0.94 0.09 -4.46 0.52 -0.79
0.10 -0.95 0.09 -4.81 0.72 -0.20
0.10 -0.98 0.09 -4.58 0.43 -0.08
0.10 -0.98 0.10 -2.95 0.26 0.08
0.10 -0.98 0.09 -1.77 0.18 0.70
0.12 -0.98 0.06 -2.00 0.35 -0.46
0.12 -0.95 0.05 -4.55 0.96 -2.38
0.11 -0.98 0.07 -5.31 1.53 -1.92
0.11 -0.99 0.08 -5.22 1.04 -2.82
0.10 -0.99 0.09 -3.68 2.08 -1.69
0.09 -0.99 0.09 -2.41 1.89 -0.95
0.09 -0.98 0.09 -2.14 1.80 0.67
0.09 -0.99 0.11 -1.13 1.74 1.68
0.11 -1.01 0.10 0.99 1.62 1.79
0.10 -0.99 0.09 1.21 1.54 0.58
0.11 -0.98 0.08 -1.33 1.69 -1.19
0.11 -0.99 0.10 -1.89 1.68 -2.92
0.09 -1.00 0.12 -0.58 0.99 -2.98
0.10 -0.99 0.11 1.16 1.02 -1.48
0.11 -0.96 0.08 0.70 0.81 -1.42
0.10 -0.93 0.08 -1.95 1.01 -0.52
0.10 -0.95 0.09 -2.99 0.90 0.02
0.10 -0.97 0.09 -2.98 0.46 0.67
0.11 -1.00 0.09 -1.74 0.06 0.27
0.13 -0.98 0.06 -0.96 0.46 -1.40
0.13 -0.97 0.06 -2.32 0.47 -2.87
0.13 -0.96 0.06 -2.55 1.01 -3.56
0.11 -0.95 0.06 -2.12 1.56 -1.97
0.10 -0.92 0.06 -2.31 2.15 1.31
0.10 -0.94 0.07 -1.83 2.11 3.77
0.10 -0.96 0.07 -2.20 2.44 4.03
