-0.04 -1.02 -0.06 -1.83 1.25 -0.05
-0.04 -1.01 -0.06 -1.39 1.45 0.37
-0.04 -1.00 -0.06 -1.77 1.53 0.37
-0.03 -1.01 -0.07 -1.89 1.50 0.58
-0.04 -1.01 -0.07 -2.32 1.89 0.78
-0.05 -1.02 -0.06 -1.66 1.65 1.02
-0.04 -1.02 -0.06 -1.39 1.73 0.75
-0.04 -1.01 -0.06 -1.91 1.36 0.11
-0.05 -1.02 -0.06 -2.50 1.10 -0.02
-0.04 -1.03 -0.07 -1.48 0.95 -0.02
-0.04 -1.02 -0.07 -0.70 1.37 -0.03
-0.05 -1.01 -0.07 -1.11 1.50 -0.29
-0.04 -1.00 -0.07 -1.36 1.48 0.06
-0.03 -1.02 -0.07 -0.67 1.53 0.20
-0.04 -1.00 -0.07 -0.95 1.89 0.40
-0.04 -1.00 -0.06 -1.13 1.51 0.21
-0.04 -1.02 -0.07 -0.40 1.39 0.32
-0.03 -1.01 -0.07 -0.21 2.05 0.14
-0.04 -1.00 -0.06 -1.21 1.92 -0.03
-0.03 -1.00 -0.06 -1.47 1.76 0.02
-0.04 -1.00 -0.06 -1.76 1.74 0.37
-0.05 -1.00 -0.06 -2.27 1.42 0.52
-0.05 -1.00 -0.05 -2.34 1.44 0.79
-0.04 -1.00 -0.06 -2.53 1.37 0.81
-0.04 -1.00 -0.06 -3.25 1.33 0.70
-0.05 -1.02 -0.06 -3.51 1.24 0.85
-0.03 -1.02 -0.06 -2.89 1.25 1.10
-0.04 -1.01 -0.05 -2.82 1.25 1.15
-0.05 -1.03 -0.06 -2.69 1.11 0.95
-0.05 -1.03 -0.06 -2.55 1.18 0.61
-0.05 -1.03 -0.06 -2.61 1.11 0.26
-0.05 -1.03 -0.06 -2.21 0.89 0.26
-0.05 -1.02 -0.06 -1.56 1.10 0.00
-0.05 -1.03 -0.07 -0.58 0.66 -0.06
-0.04 -1.01 -0.05 -0.31 0.69 -0.02
-0.04 -1.00 -0.07 -0.75 0.72 -0.21
-0.03 -0.99 -0.07 -1.65 1.27 -0.23
-0.04 -0.99 -0.08 -2.95 1.62 0.03
-0.04 -1.00 -0.08 -3.13 1.76 -0.05
-0.04 -1.01 -0.07 -2.98 2.14 0.06
-0.05 -1.01 -0.07 -2.49 1.91 0.21
-0.05 -1.02 -0.07 -1.66 1.82 0.78
-0.05 -1.01 -0.06 -1.48 1.74 0.79
-0.05 -1.01 -0.07 -1.76 2.06 0.43
-0.04 -1.02 -0.06 -2.02 2.05 0.18
-0.05 -1.01 -0.06 -2.44 2.06 -0.43
-0.05 -1.02 -0.05 -3.08 1.63 -1.08
-0.05 -1.02 -0.06 -2.58 1.53 -1.18
-0.05 -1.01 -0.06 -1.65 1.73 -0.66
-0.05 -1.01 -0.07 -1.10 1.63 0.00
-0.04 -1.00 -0.06 -1.28 1.83 0.49
-0.05 -0.98 -0.07 -2.26 1.71 0.40
-0.03 -0.99 -0.08 -3.27 1.82 0.00
-0.03 -1.00 -0.07 -4.24 1.76 -0.58
-0.04 -1.01 -0.08 -5.13 1.88 -0.98
-0.05 -1.02 -0.08 -4.43 1.85 -1.13
-0.04 -1.03 -0.05 -3.15 1.79 -0.87
-0.04 -1.02 -0.07 -2.60 1.79 -0.52
-0.04 -1.00 -0.06 -3.33 1.85 -1.02
-0.03 -1.00 -0.07 -4.24 1.85 -1.13
-0.04 -1.02 -0.07 -4.14 1.83 -0.18
-0.04 -1.02 -0.06 -3.04 2.06 0.53
-0.05 -1.02 -0.07 -2.00 1.86 0.35
-0.05 -1.02 -0.06 -1.76 1.51 0.24
-0.04 -1.01 -0.07 -1.85 1.48 0.15
-0.05 -1.01 -0.06 -1.82 1.28 0.37
-0.04 -1.02 -0.07 -1.19 1.36 0.72
-0.04 -1.01 -0.07 -1.69 1.69 0.70
-0.04 -1.01 -0.06 -2.58 1.71 -0.27
-0.05 -1.01 -0.07 -3.33 1.39 -0.78
-0.05 -1.02 -0.06 -3.50 1.24 -1.18
-0.04 -1.03 -0.07 -2.66 1.22 -0.79
-0.04 -1.02 -0.07 -1.50 1.30 -0.47
-0.04 -1.01 -0.06 -1.36 1.47 -0.14
-0.05 -1.00 -0.07 -1.50 1.47 -0.18
-0.05 -1.00 -0.07 -1.82 1.71 0.52
-0.05 -1.00 -0.07 -1.62 1.95 1.34
-0.04 -1.00 -0.07 -1.80 2.00 1.37
-0.05 -1.01 -0.07 -1.69 1.73 1.21
-0.04 -1.00 -0.07 -2.85 1.95 0.46
-0.05 -1.00 -0.07 -4.31 1.77 -0.37
-0.05 -1.02 -0.06 -5.11 1.91 -0.96
-0.05 -1.03 -0.06 -3.95 1.62 -0.99
-0.05 -1.03 -0.06 -3.33 1.62 -0.73
-0.05 -1.02 -0.06 -2.76 1.39 -0.76
-0.04 -1.00 -0.07 -2.38 1.24 -0.40
-0.04 -1.01 -0.07 -2.46 1.18 -0.12
-0.04 -1.01 -0.08 -1.74 1.24 0.17
-0.04 -1.00 -0.07 -1.51 1.45 0.34
-0.04 -1.00 -0.08 -2.78 1.76 -0.20
-0.04 -1.01 -0.08 -3.66 2.11 -0.40
-0.04 -1.01 -0.07 -3.59 1.94 -0.21
-0.05 -1.02 -0.07 -2.78 2.14 0.03
-0.05 -1.02 -0.07 -2.27 1.71 0.21
-0.05 -1.03 -0.06 -1.21 1.59 0.66
-0.04 -1.02 -0.08 -0.47 1.60 0.61
-0.04 -1.01 -0.07 -0.53 1.66 0.34
-0.05 -1.00 -0.07 -1.31 1.85 -0.08
-0.05 -1.00 -0.07 -2.61 1.65 -0.47
-0.03 -1.00 -0.07 -2.27 1.97 -0.34
