-0.07 -0.95 -0.09 -6.89 1.04 -1.66
-0.07 -0.96 -0.08 -7.74 1.28 -1.27
-0.08 -0.97 -0.07 -7.97 1.77 -0.85
-0.09 -0.99 -0.06 -7.59 1.36 -1.36
-0.11 -1.00 -0.06 -6.35 0.87 -2.23
-0.09 -1.00 -0.07 -4.73 1.31 -2.09
-0.10 -0.99 -0.08 -3.95 1.62 -2.32
-0.11 -0.98 -0.08 -3.98 1.91 -2.41
-0.12 -0.98 -0.08 -4.69 2.00 -1.74
-0.13 -0.98 -0.08 -5.21 1.95 -0.95
-0.15 -1.00 -0.09 -5.04 1.57 -0.58
-0.15 -1.01 -0.07 -3.71 1.10 0.24
-0.15 -1.03 -0.08 -1.56 0.63 0.72
-0.13 -1.02 -0.08 0.73 0.46 0.70
-0.13 -0.99 -0.10 1.39 0.31 0.82
-0.13 -0.96 -0.10 0.50 0.44 0.64
-0.13 -0.96 -0.10 -0.67 0.03 1.95
-0.12 -0.96 -0.10 -1.42 -0.34 2.75
-0.11 -0.97 -0.10 -1.89 -0.89 3.05
-0.10 -0.97 -0.09 -1.56 -1.30 2.64
-0.09 -0.97 -0.08 -1.31 -1.25 2.12
-0.07 -0.96 -0.09 -1.69 -0.63 1.69
-0.08 -0.96 -0.09 -2.43 -0.79 0.53
-0.08 -0.95 -0.10 -2.84 -0.05 0.67
-0.09 -0.95 -0.09 -3.71 -0.21 0.55
-0.09 -0.96 -0.09 -4.35 -0.41 1.04
-0.09 -0.96 -0.08 -4.87 -0.24 0.99
-0.08 -0.96 -0.08 -4.99 -0.38 0.72
-0.08 -0.97 -0.08 -5.51 0.00 0.69
-0.09 -0.97 -0.08 -5.91 0.49 0.72
-0.09 -0.96 -0.09 -6.47 0.70 0.53
-0.11 -0.97 -0.08 -7.39 0.72 -0.11
-0.12 -1.00 -0.08 -7.25 0.43 0.03
-0.12 -1.02 -0.08 -5.85 -0.11 0.56
-0.12 -1.03 -0.07 -4.32 -0.46 0.69
-0.12 -1.02 -0.07 -2.98 -0.84 1.24
-0.11 -1.00 -0.08 -2.24 -1.07 1.47
-0.11 -0.99 -0.09 -2.61 -0.96 1.16
-0.11 -0.98 -0.09 -3.18 -0.95 0.31
-0.10 -0.99 -0.09 -3.48 -0.76 0.41
-0.11 -0.98 -0.09 -3.47 -0.90 0.44
-0.12 -0.99 -0.09 -3.74 -1.39 -0.23
-0.12 -1.00 -0.08 -3.16 -2.00 -0.11
-0.11 -0.99 -0.09 -2.34 -2.00 0.47
-0.10 -0.97 -0.09 -2.31 -1.98 0.76
-0.10 -0.96 -0.09 -2.78 -1.83 0.69
-0.08 -0.96 -0.09 -3.33 -1.25 0.79
-0.09 -0.96 -0.10 -4.29 -0.90 0.40
-0.09 -0.96 -0.10 -5.30 -0.66 0.21
-0.11 -0.98 -0.10 -5.63 -1.19 -0.11
-0.10 -0.99 -0.08 -5.25 -0.99 0.53
-0.10 -0.99 -0.09 -4.78 -0.79 0.70
-0.10 -0.99 -0.08 -4.84 -0.96 0.49
-0.09 -0.99 -0.09 -4.53 -0.75 0.44
-0.09 -0.98 -0.09 -4.47 -0.29 0.09
-0.09 -0.98 -0.10 -4.99 0.29 -0.11
-0.10 -0.99 -0.10 -5.36 0.24 -0.76
-0.10 -1.00 -0.09 -4.92 0.23 -0.55
-0.11 -1.00 -0.09 -4.29 0.37 0.20
-0.11 -1.00 -0.09 -3.40 0.26 0.78
-0.10 -1.00 -0.09 -3.10 0.52 0.53
-0.09 -1.00 -0.09 -2.96 0.43 0.21
-0.09 -0.99 -0.08 -2.81 0.93 -0.21
-0.09 -0.98 -0.09 -2.78 0.98 -0.78
-0.10 -0.98 -0.09 -3.60 0.92 -1.07
-0.10 -0.97 -0.10 -4.31 1.01 -0.46
-0.10 -0.98 -0.10 -4.72 0.96 -0.09
-0.10 -0.99 -0.09 -4.26 1.19 0.43
-0.09 -1.00 -0.08 -3.39 1.22 0.85
-0.09 -0.99 -0.08 -2.78 1.50 0.60
-0.09 -0.98 -0.09 -2.81 1.74 0.08
-0.10 -0.97 -0.09 -3.45 1.80 -0.49
-0.10 -0.97 -0.08 -3.50 1.62 -0.56
-0.10 -0.97 -0.08 -3.76 1.59 -0.31
-0.11 -0.97 -0.08 -4.35 1.33 0.02
-0.10 -0.97 -0.08 -4.66 1.16 0.06
-0.10 -0.98 -0.09 -4.40 0.76 0.55
-0.09 -0.98 -0.07 -3.98 1.13 0.75
-0.09 -0.98 -0.08 -3.91 1.42 0.29
-0.10 -0.97 -0.08 -4.43 0.96 -0.12
-0.12 -0.97 -0.08 -4.60 0.78 -0.21
-0.11 -0.98 -0.07 -4.76 0.47 0.20
-0.10 -0.98 -0.08 -4.61 0.20 0.73
-0.11 -1.00 -0.09 -4.05 0.11 1.25
-0.11 -1.01 -0.09 -3.33 -0.14 0.67
-0.10 -1.00 -0.09 -2.29 -0.21 0.76
-0.10 -0.99 -0.09 -1.28 0.08 1.11
-0.09 -0.97 -0.09 -1.53 0.23 1.13
-0.09 -0.96 -0.11 -2.52 0.46 1.11
-0.10 -0.96 -0.10 -3.92 0.23 0.81
-0.10 -0.97 -0.09 -4.58 0.26 1.28
-0.10 -0.98 -0.09 -4.73 -0.08 1.27
-0.09 -0.99 -0.09 -4.34 -0.18 0.64
-0.10 -0.99 -0.09 -3.89 -0.29 0.52
-0.08 -0.98 -0.10 -3.47 0.24 0.50
-0.08 -0.96 -0.11 -4.02 0.60 0.50
-0.08 -0.96 -0.10 -4.66 0.87 0.63
-0.09 -0.97 -0.10 -5.56 0.99 0.52
-0.10 -0.98 -0.09 -5.68 0.84 0.27
-0.09 -1.00 -0.09 -4.92 0.99 0.52
