0.16 -0.98 0.05 -2.16 2.92 -1.77
0.15 -0.97 0.06 -1.85 2.95 -1.17
0.15 -0.97 0.06 -1.21 2.74 -0.56
0.15 -0.96 0.06 -1.47 2.43 -1.00
0.14 -0.94 0.06 -3.38 1.80 -0.53
0.14 -0.95 0.06 -3.89 1.57 0.42
0.15 -0.97 0.06 -2.63 1.53 1.22
0.14 -0.99 0.07 -1.48 1.21 1.15
0.16 -0.99 0.06 -1.44 1.10 -0.02
0.16 -1.00 0.07 -1.56 0.76 -1.86
0.16 -1.00 0.05 -0.89 0.42 -3.47
0.16 -0.97 0.06 -0.72 0.33 -3.44
0.16 -0.94 0.05 -0.85 0.20 -2.07
0.17 -0.94 0.04 -2.29 0.11 -0.42
0.17 -0.95 0.05 -3.58 0.36 0.25
0.18 -0.98 0.05 -2.71 1.18 1.02
0.18 -0.99 0.05 -0.75 1.53 1.59
0.17 -0.98 0.05 -0.66 1.56 1.52
0.17 -0.97 0.04 -0.62 1.77 1.02
0.16 -0.96 0.03 -2.50 1.86 0.34
0.16 -0.95 0.03 -5.24 1.90 0.14
0.16 -0.99 0.05 -5.63 2.24 0.32
0.15 -1.02 0.05 -3.38 2.35 -0.18
0.15 -1.02 0.06 -1.09 2.31 -0.60
0.16 -1.01 0.05 0.86 2.93 -0.44
0.14 -0.96 0.05 0.76 2.63 0.11
0.14 -0.95 0.06 -1.90 2.41 -0.24
0.15 -0.94 0.06 -3.50 1.63 -0.55
0.16 -0.96 0.07 -4.00 1.24 -0.37
0.16 -0.96 0.07 -3.40 0.94 0.39
0.16 -0.98 0.06 -2.50 0.45 1.03
0.16 -0.98 0.06 -1.29 0.46 1.31
0.17 -0.97 0.06 -0.80 0.97 2.05
0.16 -0.96 0.05 -1.26 1.12 2.50
0.17 -0.97 0.05 -2.09 1.33 1.23
0.16 -0.96 0.05 -4.20 1.08 0.56
0.15 -0.97 0.05 -5.16 0.93 -0.40
0.15 -0.98 0.05 -6.22 0.53 -1.32
0.15 -0.99 0.06 -5.48 0.28 -0.80
0.15 -1.00 0.06 -2.07 0.57 0.65
0.14 -0.98 0.05 -0.98 0.25 1.44
0.15 -0.97 0.04 -3.03 -0.35 0.31
0.16 -0.99 0.04 -4.18 -0.25 -1.07
0.15 -1.01 0.06 -2.76 -0.07 -1.34
0.16 -1.00 0.05 -0.87 0.82 -0.74
0.16 -0.98 0.04 0.11 0.88 -0.27
0.16 -0.96 0.04 -0.82 0.97 -0.50
0.16 -0.94 0.04 -2.56 0.90 -1.66
0.16 -0.95 0.05 -4.18 0.60 -1.60
0.15 -0.96 0.06 -3.26 1.03 0.05
0.15 -0.95 0.06 -2.02 0.56 1.08
0.15 -0.96 0.06 -1.74 0.13 2.00
0.16 -0.97 0.05 -1.87 0.24 1.05
0.16 -0.97 0.05 -2.63 0.61 -0.08
0.15 -0.95 0.04 -3.88 0.54 -0.95
0.14 -0.95 0.05 -5.10 0.24 -0.85
0.13 -0.95 0.05 -5.56 -0.69 0.02
0.16 -0.98 0.04 -4.79 -0.80 1.03
0.17 -0.97 0.02 -4.90 -0.61 0.62
0.16 -0.98 0.03 -5.94 -0.06 -0.60
0.16 -1.00 0.05 -6.33 -0.11 -1.22
0.16 -1.00 0.03 -5.04 -0.37 0.04
0.17 -0.99 0.02 -3.67 0.33 1.31
0.18 -0.98 0.03 -4.15 0.72 1.08
0.17 -1.00 0.03 -3.87 0.91 0.33
0.17 -1.01 0.03 -2.37 1.57 -0.37
0.18 -0.98 0.02 -2.68 1.96 -1.95
0.18 -0.96 0.03 -4.27 2.18 -3.68
0.17 -0.95 0.03 -4.41 2.79 -3.85
0.16 -0.94 0.03 -5.55 2.48 -2.82
0.16 -0.95 0.05 -6.05 2.21 -0.89
0.15 -1.00 0.06 -3.53 2.15 0.89
0.17 -1.02 0.06 -0.77 2.45 1.30
0.18 -1.01 0.04 0.59 2.96 0.08
0.17 -1.00 0.05 0.44 2.92 -1.69
0.16 -0.98 0.04 -0.15 3.09 -2.36
0.16 -0.98 0.05 -0.67 2.30 -3.42
0.16 -0.95 0.05 -1.82 1.57 -3.85
0.17 -0.95 0.05 -2.92 1.40 -3.01
0.18 -0.97 0.04 -1.87 1.64 -2.02
0.17 -0.96 0.04 -0.07 1.93 -0.72
0.17 -0.94 0.02 0.12 2.36 -0.02
0.17 -0.92 0.03 -1.76 2.20 -0.39
0.16 -0.92 0.03 -4.92 1.86 -1.34
0.15 -0.92 0.04 -7.77 0.90 -1.50
0.15 -0.96 0.05 -7.40 -0.30 -0.71
0.17 -1.01 0.04 -3.91 -0.26 0.46
0.17 -0.99 0.03 -1.26 -0.11 1.15
0.17 -0.97 0.02 -1.71 0.32 1.20
0.18 -0.97 0.02 -2.76 0.59 0.71
0.18 -0.98 0.02 -3.37 1.08 0.12
0.18 -0.99 0.02 -3.63 1.71 -0.63
0.18 -0.99 0.03 -2.98 2.40 -0.96
0.18 -0.99 0.04 -1.89 2.60 0.09
0.18 -0.99 0.04 -0.98 2.70 -0.08
0.17 -0.97 0.05 -2.17 2.75 -0.28
0.17 -0.98 0.05 -2.97 2.56 -0.13
0.18 -1.00 0.05 -1.93 2.86 -0.45
0.18 -1.00 0.05 -1.37 2.75 -0.69
0.15 -1.00 0.06 -0.95 2.39 -1.07
