-0.07 -1.00 0.01 -3.86 -1.63 1.65
-0.08 -1.01 -0.01 -2.82 -1.88 1.56
-0.07 -1.00 -0.00 -2.26 -1.54 2.18
-0.07 -1.00 -0.00 -1.42 -1.86 1.73
-0.05 -1.00 0.00 -1.02 -1.30 1.39
-0.04 -0.99 -0.00 -0.61 -0.85 2.11
-0.04 -0.97 -0.01 -0.87 -0.06 1.92
-0.05 -0.97 -0.00 -1.59 0.09 1.25
-0.06 -0.96 -0.01 -2.66 0.11 0.64
-0.07 -0.97 -0.00 -3.15 0.18 0.64
-0.08 -0.98 0.00 -3.57 -0.11 0.78
-0.07 -0.98 -0.01 -3.85 -0.18 0.64
-0.07 -1.00 -0.00 -3.80 -0.05 0.40
-0.08 -1.00 -0.00 -3.16 -0.27 0.61
-0.07 -1.00 -0.02 -2.73 -0.12 0.76
-0.08 -1.00 -0.00 -2.34 0.31 0.47
-0.09 -0.98 -0.00 -2.95 -0.11 0.41
-0.08 -0.98 -0.01 -3.39 -0.35 0.85
-0.07 -0.99 -0.01 -3.34 -0.55 1.86
-0.06 -0.99 0.00 -3.33 0.03 2.18
-0.06 -1.00 0.00 -2.90 -0.08 1.66
-0.05 -0.98 0.00 -2.60 0.02 0.84
-0.05 -0.98 0.01 -1.97 0.14 0.47
-0.05 -0.97 -0.00 -1.85 0.24 0.38
-0.07 -0.96 0.00 -2.23 0.05 0.34
-0.06 -0.95 0.01 -3.59 0.02 0.03
-0.06 -0.97 -0.00 -4.56 0.20 -0.17
-0.07 -0.98 0.01 -4.56 0.23 -0.09
-0.06 -0.99 0.01 -4.11 0.38 0.24
-0.07 -0.99 0.02 -3.37 0.47 -0.23
-0.07 -0.98 0.01 -2.47 0.18 -0.78
-0.08 -0.96 0.02 -2.35 0.09 -1.13
-0.09 -0.96 0.00 -2.60 0.05 -0.52
-0.09 -0.96 0.02 -3.07 -0.09 0.12
-0.09 -0.97 0.01 -4.14 -0.47 0.12
-0.09 -0.99 0.01 -3.80 -0.56 0.24
-0.09 -1.01 0.00 -2.90 -0.78 0.02
-0.10 -1.02 0.01 -1.27 -1.07 -0.08
-0.08 -1.00 0.00 -0.21 -1.05 0.32
-0.08 -0.98 0.00 -0.58 -1.39 0.79
-0.06 -0.98 -0.00 -1.02 -0.99 1.33
-0.05 -0.97 0.00 -1.07 -0.73 1.31
-0.05 -0.96 -0.00 -1.63 -0.21 1.34
-0.06 -0.96 -0.00 -2.37 0.14 0.69
-0.06 -0.97 0.00 -2.66 0.12 0.20
-0.06 -0.98 0.00 -2.31 0.40 0.58
-0.05 -0.97 -0.00 -2.11 0.44 0.61
-0.05 -0.96 0.00 -2.43 0.49 0.44
-0.04 -0.96 -0.00 -2.92 0.67 -0.05
-0.05 -0.97 0.00 -2.82 1.21 -0.12
-0.05 -0.96 0.00 -3.50 1.44 -0.03
-0.05 -0.98 0.02 -3.45 1.86 0.23
-0.07 -0.99 0.02 -3.27 2.08 0.03
-0.07 -0.98 0.02 -3.11 1.79 -0.06
-0.07 -0.97 0.02 -3.24 1.66 0.03
-0.07 -0.97 0.02 -3.97 1.71 0.26
-0.07 -0.98 0.02 -3.92 1.92 0.46
-0.07 -0.98 0.02 -3.01 1.95 0.50
-0.08 -0.98 0.02 -2.67 1.97 0.23
-0.08 -0.97 0.02 -3.24 1.42 -0.05
-0.08 -0.97 0.02 -3.85 0.79 0.00
-0.08 -0.98 0.02 -3.69 0.46 0.78
-0.08 -0.99 0.03 -3.51 0.06 1.63
-0.07 -0.99 0.03 -3.19 -0.35 1.24
-0.07 -0.99 0.03 -2.76 -0.98 0.58
-0.06 -0.99 0.02 -2.35 -1.08 0.21
-0.05 -0.98 0.03 -1.91 -0.72 -0.21
-0.06 -0.97 0.01 -2.09 -0.49 -0.89
-0.05 -0.96 0.00 -3.22 -0.23 -0.92
-0.05 -0.97 0.01 -3.76 -0.29 -0.38
-0.05 -0.97 0.02 -3.88 -0.08 0.24
-0.06 -0.99 0.02 -3.04 -0.03 0.70
-0.05 -1.00 0.02 -2.02 0.15 0.37
-0.06 -1.00 0.02 -1.30 0.02 -0.24
-0.06 -0.99 0.02 -0.98 -0.17 -1.08
-0.06 -0.95 0.01 -1.21 -0.31 -0.64
-0.06 -0.94 0.00 -2.21 -0.08 -0.61
-0.06 -0.93 0.00 -3.94 0.03 -0.21
-0.06 -0.94 -0.01 -4.96 0.23 0.34
-0.06 -0.97 0.00 -5.60 0.23 0.47
-0.06 -0.99 0.02 -4.81 0.63 0.55
-0.07 -1.00 0.01 -3.42 0.63 0.67
-0.07 -1.00 0.01 -1.88 1.05 0.24
-0.07 -0.98 0.01 -1.79 0.90 -0.26
-0.08 -0.95 0.01 -2.49 0.58 0.26
-0.06 -0.95 0.00 -3.68 0.73 1.68
-0.06 -0.96 0.01 -4.81 0.73 2.38
-0.05 -0.97 0.01 -5.27 0.70 1.89
-0.05 -0.99 0.01 -4.87 0.79 1.57
-0.05 -1.00 0.02 -3.91 1.18 1.07
-0.05 -1.00 0.01 -2.78 1.53 0.64
-0.06 -0.98 0.01 -2.99 1.39 0.35
-0.06 -0.96 0.01 -3.92 1.50 0.49
-0.06 -0.96 0.02 -5.13 1.62 0.95
-0.06 -0.97 0.01 -5.69 1.83 1.50
-0.06 -0.99 0.02 -5.36 1.53 1.22
-0.07 -1.00 0.03 -4.92 1.16 0.73
-0.07 -1.01 0.03 -3.68 0.67 -0.26
-0.07 -1.01 0.02 -2.47 0.79 -0.99
-0.07 -0.97 0.02 -2.52 0.92 -0.55
