0.13 -0.99 -0.04 -0.80 0.88 -0.16
0.13 -0.98 -0.05 -1.26 1.39 -0.29
0.14 -0.98 -0.05 -2.54 1.92 -1.15
0.13 -0.99 -0.04 -1.74 2.25 -1.18
0.13 -0.99 -0.04 -0.64 2.81 -0.94
0.12 -0.95 -0.04 -1.44 2.67 -1.39
0.13 -0.96 -0.03 -2.42 2.45 -1.56
0.12 -0.96 -0.03 -2.39 2.34 -0.82
0.11 -0.95 -0.02 -1.86 2.10 0.56
0.11 -0.97 -0.02 -1.78 1.31 0.74
0.12 -0.99 -0.02 -0.47 1.21 0.96
0.11 -0.97 -0.03 0.20 1.00 1.02
0.12 -0.95 -0.03 -1.60 0.81 1.02
0.13 -0.96 -0.03 -3.73 1.21 0.21
0.12 -1.00 -0.02 -3.53 1.47 0.37
0.10 -1.00 -0.00 -1.18 0.66 1.89
0.12 -0.99 -0.02 0.60 0.16 3.05
0.12 -0.99 -0.03 0.61 0.21 2.72
0.12 -0.99 -0.03 0.72 0.09 2.13
0.13 -0.99 -0.04 1.24 0.14 1.97
0.14 -0.96 -0.05 -1.44 0.74 0.91
0.14 -0.96 -0.04 -4.69 1.53 -1.05
0.13 -0.99 -0.04 -4.86 1.69 -1.22
0.11 -1.01 -0.02 -1.85 1.13 0.98
0.11 -1.01 -0.03 1.10 0.38 3.41
0.13 -1.00 -0.05 0.98 0.55 2.47
0.13 -0.98 -0.05 -1.74 1.16 0.05
0.12 -0.98 -0.04 -3.63 1.08 -1.11
0.11 -1.00 -0.03 -2.13 0.81 0.67
0.11 -1.02 -0.03 0.80 0.48 2.47
0.13 -0.98 -0.03 1.31 0.80 2.50
0.13 -0.97 -0.04 -0.59 0.55 1.02
0.13 -0.98 -0.04 -2.47 0.79 -0.04
0.12 -0.99 -0.04 -2.76 0.77 -0.22
0.13 -1.00 -0.03 -1.97 0.81 0.63
0.13 -1.01 -0.04 -0.87 1.45 1.24
0.13 -1.01 -0.04 0.28 1.52 1.41
0.12 -0.99 -0.04 0.67 1.59 1.24
0.13 -0.98 -0.03 -0.63 1.73 0.35
0.13 -0.98 -0.04 -1.98 1.89 -0.95
0.13 -0.97 -0.04 -2.77 2.15 -1.03
0.12 -0.98 -0.02 -2.53 2.07 -0.71
0.12 -0.99 -0.02 -1.88 1.69 -0.03
0.12 -1.00 -0.03 -0.66 1.60 1.07
0.12 -0.99 -0.02 0.48 1.57 1.80
0.12 -0.97 -0.03 -0.63 1.62 1.27
0.12 -0.97 -0.03 -2.81 1.89 -0.05
0.12 -0.98 -0.03 -3.15 1.98 -0.53
0.11 -1.00 -0.02 -1.92 2.25 -0.32
0.10 -0.99 -0.01 -1.32 1.57 0.24
0.11 -0.99 -0.02 -0.34 1.31 0.89
0.11 -0.98 -0.03 -0.12 1.16 1.05
0.12 -0.97 -0.04 -1.52 1.32 0.66
0.12 -0.98 -0.02 -1.73 1.23 0.79
0.12 -0.98 -0.03 -0.87 1.40 1.47
0.13 -0.97 -0.03 -0.37 0.72 1.56
0.13 -0.96 -0.03 -1.28 0.84 1.56
0.13 -0.97 -0.04 -2.25 1.13 1.65
0.13 -0.97 -0.02 -2.63 1.05 1.98
0.12 -0.99 -0.02 -2.79 1.14 2.10
0.12 -1.00 -0.02 -1.88 1.11 2.17
0.12 -1.00 -0.02 -1.98 0.94 1.46
0.13 -0.99 -0.02 -3.00 1.31 0.18
0.12 -1.01 -0.02 -3.06 0.89 -0.43
0.10 -1.01 -0.04 -1.56 0.92 0.68
0.12 -1.01 -0.03 -0.36 0.68 1.50
0.13 -1.00 -0.04 0.01 0.78 1.27
0.13 -0.98 -0.04 -0.99 1.30 0.21
0.13 -0.98 -0.04 -2.11 1.63 -0.65
0.13 -0.98 -0.04 -1.53 1.76 0.05
0.13 -0.98 -0.03 -1.87 1.92 0.23
0.13 -0.98 -0.03 -2.08 2.28 0.30
0.11 -0.98 -0.03 -2.49 1.73 -0.21
0.10 -0.99 -0.03 -2.66 1.25 0.37
0.11 -1.01 -0.03 -1.68 0.76 0.52
0.12 -0.99 -0.03 -0.92 1.08 0.52
0.12 -0.98 -0.03 -2.00 1.05 -0.51
0.12 -0.98 -0.02 -3.50 0.66 -1.18
0.13 -0.99 -0.03 -3.27 0.79 -0.84
0.12 -0.99 -0.03 -2.05 1.03 0.19
0.13 -0.98 -0.03 -1.08 1.01 1.29
0.14 -0.97 -0.05 -1.71 1.53 0.85
0.12 -0.97 -0.04 -3.25 1.67 -0.24
0.13 -0.99 -0.04 -3.41 2.20 -0.98
0.12 -1.00 -0.03 -3.29 2.02 -0.93
0.12 -1.01 -0.03 -1.95 2.26 -0.47
0.11 -0.99 -0.02 -0.99 2.05 0.18
0.11 -0.98 -0.01 -1.33 1.45 -0.21
0.11 -0.98 -0.02 -1.40 0.98 0.53
0.12 -1.00 -0.02 -0.53 0.91 0.85
0.12 -0.98 -0.02 -0.33 1.19 0.73
0.13 -0.97 -0.03 -0.79 1.02 0.05
0.12 -0.98 -0.02 -1.65 0.90 -0.56
0.12 -0.97 -0.03 -2.08 0.86 -0.41
0.13 -0.97 -0.03 -2.49 1.18 0.23
0.13 -0.97 -0.03 -3.74 1.19 0.73
0.12 -0.99 -0.03 -3.71 0.60 0.73
0.13 -1.01 -0.04 -2.74 1.02 0.88
0.13 -1.02 -0.03 -1.18 1.28 0.62
0.13 -1.00 -0.03 -1.48 1.40 -0.70
