-0.06 -1.02 -0.07 -1.73 1.27 0.58
-0.06 -1.02 -0.07 -1.62 1.24 0.27
-0.06 -1.01 -0.07 -2.34 1.36 -0.11
-0.06 -1.02 -0.07 -2.38 1.33 -0.55
-0.06 -1.02 -0.07 -1.83 1.27 -0.78
-0.06 -1.02 -0.08 -1.62 1.39 -0.95
-0.06 -1.02 -0.07 -1.04 1.28 -0.72
-0.05 -1.02 -0.08 -1.07 1.74 -0.78
-0.05 -1.01 -0.07 -1.27 1.98 -0.75
-0.05 -1.01 -0.07 -0.89 2.12 -0.58
-0.04 -1.01 -0.08 -0.53 2.44 -0.03
-0.05 -1.00 -0.06 -0.38 2.72 0.12
-0.04 -0.99 -0.06 -1.34 2.53 -0.31
-0.05 -0.99 -0.06 -2.46 2.49 -0.31
-0.05 -0.99 -0.06 -2.96 2.37 -0.32
-0.06 -1.01 -0.05 -3.37 2.21 -0.17
-0.05 -1.02 -0.06 -2.73 1.59 0.00
-0.06 -1.02 -0.04 -1.85 1.73 0.61
-0.06 -1.02 -0.05 -1.60 1.42 0.82
-0.06 -1.02 -0.06 -1.48 1.19 0.92
-0.06 -1.01 -0.06 -2.05 1.24 -0.08
-0.06 -1.01 -0.07 -2.64 1.21 -0.72
-0.06 -1.01 -0.06 -1.95 1.02 -0.79
-0.06 -1.02 -0.06 -2.00 1.21 -0.53
-0.05 -1.01 -0.06 -1.45 1.19 -0.29
-0.04 -1.01 -0.07 -1.44 1.30 0.11
-0.04 -1.00 -0.07 -1.88 1.15 0.20
-0.04 -1.00 -0.07 -2.26 1.48 0.79
-0.05 -1.01 -0.09 -1.82 1.69 0.32
-0.04 -1.01 -0.09 -1.83 2.27 0.37
-0.05 -1.00 -0.07 -2.14 2.46 -0.03
-0.05 -1.02 -0.06 -2.17 1.77 -0.37
-0.06 -1.01 -0.06 -2.03 1.76 -0.21
-0.05 -1.01 -0.06 -1.04 2.20 -0.09
-0.06 -1.00 -0.07 -1.18 2.00 0.31
-0.06 -1.00 -0.06 -1.63 2.02 -0.02
-0.06 -1.00 -0.06 -2.43 1.97 0.08
-0.06 -1.01 -0.05 -2.49 2.15 0.08
-0.06 -1.01 -0.05 -2.40 2.29 0.40
-0.05 -1.01 -0.06 -2.32 2.15 0.26
-0.06 -1.01 -0.05 -2.37 1.74 0.24
-0.06 -1.01 -0.05 -2.17 1.57 0.02
-0.06 -1.01 -0.07 -2.43 1.39 0.09
-0.07 -1.00 -0.06 -2.92 1.18 -0.14
-0.06 -1.01 -0.06 -2.75 0.78 0.05
-0.05 -1.02 -0.07 -2.09 1.15 0.17
-0.06 -1.02 -0.07 -1.36 1.42 0.61
-0.05 -1.01 -0.07 -1.69 1.45 0.37
-0.05 -1.01 -0.07 -2.76 1.33 -0.24
-0.06 -1.00 -0.07 -3.21 1.54 -0.66
-0.05 -1.00 -0.07 -3.21 2.05 -0.29
-0.05 -1.01 -0.07 -2.53 1.82 0.08
-0.05 -1.01 -0.07 -1.89 2.23 0.75
-0.05 -1.01 -0.07 -1.62 1.77 0.87
-0.05 -1.00 -0.06 -1.68 2.06 0.82
-0.05 -1.01 -0.07 -2.05 1.82 0.44
-0.05 -1.01 -0.07 -2.26 2.08 0.34
-0.06 -1.02 -0.06 -3.10 2.21 -0.38
-0.06 -1.03 -0.05 -2.49 1.88 -0.37
-0.06 -1.02 -0.06 -1.54 1.79 -0.44
-0.06 -1.02 -0.05 -0.95 1.69 -0.63
-0.06 -1.01 -0.05 -0.73 1.62 -0.34
-0.05 -1.00 -0.07 -0.70 1.56 0.32
-0.05 -0.99 -0.08 -0.98 1.74 0.38
-0.04 -0.99 -0.07 -2.85 1.80 -0.20
-0.06 -1.00 -0.07 -3.47 1.85 -0.52
-0.05 -1.02 -0.06 -3.13 1.62 -0.56
-0.05 -1.02 -0.07 -2.58 1.65 -0.17
-0.04 -1.01 -0.06 -2.23 1.65 0.18
-0.06 -1.02 -0.06 -1.63 1.83 0.40
-0.05 -1.01 -0.09 -1.28 1.82 0.58
-0.05 -1.01 -0.07 -1.45 1.98 0.44
-0.05 -1.01 -0.07 -1.50 1.77 0.46
-0.05 -1.01 -0.07 -2.05 2.38 0.06
-0.06 -1.01 -0.06 -2.85 2.03 -0.76
-0.06 -1.02 -0.07 -2.55 1.51 -0.75
-0.06 -1.02 -0.06 -1.16 1.50 0.02
-0.06 -1.01 -0.06 -0.21 1.59 0.27
-0.05 -1.01 -0.06 -0.90 1.73 -0.06
-0.05 -0.99 -0.07 -1.54 1.60 0.00
-0.05 -1.00 -0.06 -2.40 1.82 0.08
-0.05 -1.01 -0.06 -2.79 1.80 -0.14
-0.05 -1.01 -0.07 -3.04 1.88 -0.34
-0.05 -1.02 -0.06 -2.12 1.88 -0.21
-0.05 -1.01 -0.05 -2.08 1.98 -0.50
-0.05 -1.01 -0.07 -1.79 1.59 -0.44
-0.05 -1.00 -0.06 -1.73 1.89 -0.03
-0.05 -1.00 -0.07 -1.80 1.74 0.35
-0.05 -1.00 -0.06 -1.83 1.85 0.52
-0.04 -1.01 -0.07 -2.09 1.74 0.43
-0.05 -1.01 -0.07 -2.78 1.85 0.17
-0.06 -1.01 -0.06 -2.70 1.54 0.17
-0.06 -1.02 -0.06 -2.40 1.63 0.15
-0.06 -1.01 -0.07 -2.32 1.47 -0.15
-0.06 -1.01 -0.06 -2.26 1.30 -0.02
-0.04 -1.01 -0.07 -1.82 1.40 0.18
-0.04 -1.00 -0.06 -1.63 1.51 0.37
-0.05 -1.00 -0.07 -1.51 1.59 0.67
-0.05 -1.01 -0.07 -1.94 1.66 0.47
-0.05 -1.01 -0.07 -2.75 1.91 -0.03
