-0.13 -0.97 -0.08 -6.20 2.73 -0.76
-0.13 -0.98 -0.08 -5.82 2.23 0.63
-0.14 -0.99 -0.07 -5.36 1.30 0.69
-0.13 -0.99 -0.07 -5.24 1.02 0.78
-0.13 -1.00 -0.07 -4.82 0.38 0.84
-0.13 -1.00 -0.08 -4.24 -0.20 1.34
-0.12 -1.00 -0.09 -3.79 -0.44 2.00
-0.12 -1.00 -0.09 -3.47 -0.63 1.94
-0.12 -1.01 -0.09 -2.98 -0.95 2.09
-0.11 -1.01 -0.09 -2.76 -1.13 1.77
-0.11 -1.01 -0.09 -1.92 -1.57 1.73
-0.11 -1.00 -0.10 -1.77 -1.83 1.54
-0.11 -0.99 -0.09 -1.92 -2.72 1.40
-0.09 -0.99 -0.10 -2.17 -2.26 1.51
-0.08 -0.98 -0.10 -2.93 -2.32 1.57
-0.07 -0.97 -0.10 -3.34 -2.12 1.33
-0.07 -0.99 -0.09 -3.27 -2.03 0.49
-0.07 -0.99 -0.10 -3.24 -1.77 0.02
-0.06 -1.00 -0.10 -2.89 -1.33 -0.67
-0.06 -1.00 -0.10 -2.61 -0.61 -0.81
-0.07 -0.99 -0.11 -2.96 -0.08 -0.89
-0.08 -0.98 -0.11 -3.54 0.06 -1.04
-0.09 -1.00 -0.10 -3.24 -0.43 -0.79
-0.08 -1.00 -0.10 -2.18 -0.12 -0.31
-0.08 -0.98 -0.10 -1.66 0.09 -0.55
-0.10 -1.00 -0.10 -2.08 0.08 -0.60
-0.09 -0.96 -0.10 -2.55 0.72 -2.14
-0.08 -0.95 -0.10 -3.82 1.16 -2.43
-0.08 -0.96 -0.09 -4.95 1.33 -1.30
-0.09 -0.94 -0.10 -5.82 1.40 -0.67
-0.10 -0.97 -0.09 -6.18 0.96 0.06
-0.09 -0.98 -0.09 -5.88 0.75 0.18
-0.09 -0.99 -0.09 -5.77 0.73 0.02
-0.09 -0.99 -0.09 -5.92 0.63 -0.96
-0.08 -0.99 -0.09 -5.54 0.78 -0.73
-0.09 -0.99 -0.09 -5.39 0.90 -0.23
-0.09 -0.97 -0.09 -5.60 0.49 -0.12
-0.08 -0.99 -0.09 -5.60 0.96 -0.34
-0.10 -0.99 -0.08 -5.68 0.52 -0.46
-0.10 -1.00 -0.08 -5.22 0.67 0.05
-0.11 -1.00 -0.08 -4.61 0.58 0.43
-0.10 -1.01 -0.09 -4.52 -0.05 0.41
-0.09 -1.00 -0.08 -3.95 0.08 -0.09
-0.09 -1.00 -0.09 -3.33 -0.03 -0.05
-0.10 -1.00 -0.09 -2.66 -0.11 -0.14
-0.12 -0.99 -0.09 -2.58 -0.85 -0.06
-0.10 -0.98 -0.09 -2.15 -1.11 0.58
-0.09 -0.97 -0.10 -2.24 -1.56 0.87
-0.08 -0.96 -0.10 -2.70 -1.39 1.05
-0.07 -0.96 -0.10 -3.66 -0.63 0.56
-0.07 -0.96 -0.10 -4.44 -0.31 0.21
-0.07 -0.98 -0.11 -4.58 0.20 -0.18
-0.07 -0.98 -0.10 -4.35 0.38 -0.09
-0.08 -0.98 -0.10 -4.11 0.58 -0.81
-0.08 -0.98 -0.10 -4.00 0.61 -0.66
-0.08 -0.98 -0.10 -3.92 0.84 -0.67
-0.08 -0.99 -0.10 -3.92 1.31 -0.21
-0.08 -1.00 -0.11 -3.31 1.53 0.31
-0.08 -0.99 -0.10 -2.73 1.82 0.50
-0.08 -0.98 -0.10 -2.41 2.17 0.61
-0.09 -0.96 -0.10 -2.99 2.02 0.47
-0.09 -0.95 -0.10 -4.02 1.63 0.27
-0.09 -0.95 -0.10 -4.66 1.79 0.58
-0.11 -0.97 -0.09 -5.27 1.07 -0.20
-0.11 -0.98 -0.09 -5.45 0.98 -0.24
-0.10 -0.99 -0.10 -5.37 0.95 -0.05
-0.09 -0.99 -0.10 -5.21 0.95 0.21
-0.10 -0.99 -0.09 -4.82 1.21 0.58
-0.09 -1.00 -0.09 -4.09 0.79 1.04
-0.09 -0.99 -0.10 -3.48 0.79 1.83
-0.10 -0.98 -0.09 -3.25 0.58 1.80
-0.10 -0.97 -0.10 -3.69 0.14 1.74
-0.09 -0.98 -0.10 -4.18 -0.05 1.42
-0.08 -0.99 -0.10 -3.98 0.31 1.31
-0.07 -0.98 -0.10 -4.17 0.61 1.37
-0.07 -0.98 -0.10 -4.29 1.30 1.13
-0.08 -0.99 -0.09 -4.46 1.30 1.04
-0.07 -1.00 -0.10 -3.85 1.85 1.11
-0.08 -1.00 -0.09 -3.37 1.97 1.05
-0.09 -0.99 -0.10 -3.18 1.33 0.60
-0.09 -0.98 -0.10 -3.10 1.07 0.53
-0.09 -0.97 -0.09 -3.28 0.85 1.08
-0.09 -0.97 -0.10 -4.08 0.67 1.08
-0.08 -0.97 -0.09 -4.58 0.55 1.18
-0.08 -0.98 -0.09 -4.26 0.72 1.11
-0.07 -0.98 -0.09 -4.08 1.02 1.18
-0.07 -0.97 -0.10 -4.72 1.15 0.53
-0.09 -0.98 -0.10 -5.13 1.39 -0.15
-0.10 -0.99 -0.10 -4.78 1.45 0.06
-0.10 -0.98 -0.09 -4.58 1.25 0.78
-0.10 -0.99 -0.10 -4.55 0.85 0.95
-0.09 -0.99 -0.09 -4.34 0.60 1.18
-0.09 -0.99 -0.09 -3.91 0.34 1.19
-0.09 -0.98 -0.08 -3.48 0.18 1.30
-0.08 -0.99 -0.09 -3.40 0.21 1.28
-0.09 -0.98 -0.10 -3.50 0.64 1.15
-0.09 -0.98 -0.10 -4.06 0.76 0.85
-0.09 -0.98 -0.10 -4.67 0.56 0.61
-0.10 -0.99 -0.09 -4.18 0.27 0.89
-0.10 -1.00 -0.10 -3.88 -0.05 0.98
