0.23 -0.98 0.05 -3.63 0.76 2.00
0.23 -0.98 0.06 -3.36 1.18 1.63
0.22 -0.97 0.04 -3.39 1.68 1.33
0.21 -0.97 0.04 -4.61 2.11 0.67
0.22 -0.99 0.07 -5.18 2.52 -0.17
0.20 -1.00 0.08 -4.12 2.89 -1.28
0.18 -1.00 0.09 -2.27 2.99 -1.42
0.17 -0.99 0.10 -0.64 3.45 -0.47
0.16 -0.98 0.09 -0.15 3.04 -0.06
0.18 -0.98 0.08 -0.09 2.99 -0.32
0.17 -0.98 0.08 -0.08 3.28 -1.04
0.16 -0.97 0.09 -0.66 3.02 -1.37
0.16 -0.98 0.10 -0.92 2.70 -1.30
0.17 -0.98 0.09 0.09 2.78 -0.41
0.16 -0.98 0.10 1.59 2.35 0.15
0.17 -0.96 0.09 2.14 2.20 0.76
0.16 -0.95 0.08 0.78 1.83 0.73
0.17 -0.94 0.07 -0.72 1.22 0.41
0.18 -0.95 0.08 -0.72 1.33 1.07
0.18 -0.96 0.09 0.41 1.31 1.47
0.18 -0.95 0.09 0.53 0.66 1.92
0.19 -0.94 0.07 1.11 0.67 2.52
0.20 -0.93 0.06 0.05 0.63 2.67
0.20 -0.92 0.05 -2.35 0.41 2.23
0.22 -0.95 0.06 -3.59 0.27 1.51
0.21 -0.97 0.07 -3.07 0.12 1.54
0.21 -0.96 0.06 -1.60 0.47 1.54
0.20 -0.95 0.07 -1.50 0.29 2.03
0.21 -0.96 0.05 -1.60 0.50 2.37
0.22 -0.97 0.05 -1.85 0.98 1.94
0.22 -0.96 0.04 -2.34 1.30 0.61
0.21 -0.96 0.05 -3.63 1.66 -0.61
0.21 -0.99 0.06 -3.74 2.06 -1.34
0.20 -1.00 0.07 -2.34 2.78 -1.57
0.18 -1.00 0.06 -0.95 3.19 -1.63
0.18 -0.99 0.07 -0.14 3.77 -0.93
0.17 -0.99 0.08 0.43 4.18 -0.38
0.17 -0.98 0.09 1.51 4.63 0.27
0.17 -0.98 0.09 1.57 4.32 0.46
0.15 -0.97 0.09 0.14 3.94 0.12
0.16 -0.97 0.10 0.00 3.11 -0.53
0.16 -0.98 0.11 0.49 2.72 -0.69
0.16 -0.96 0.10 1.07 2.11 -0.40
0.17 -0.95 0.10 1.34 1.94 0.29
0.17 -0.94 0.09 1.76 1.54 1.19
0.17 -0.92 0.09 1.44 1.56 2.17
0.18 -0.93 0.07 -0.17 1.04 2.27
0.19 -0.93 0.08 -1.89 0.31 1.97
0.18 -0.94 0.08 -2.40 -0.21 2.00
0.19 -0.95 0.07 -2.15 -0.58 2.02
0.20 -0.94 0.06 -2.61 -0.81 1.92
0.20 -0.94 0.07 -3.30 -0.76 1.51
0.22 -0.95 0.06 -3.83 -0.82 1.18
0.21 -0.96 0.06 -3.76 -0.24 1.66
0.22 -0.97 0.06 -3.13 -0.08 1.44
0.22 -0.97 0.05 -2.53 0.46 0.96
0.22 -0.97 0.06 -2.46 0.73 0.96
0.21 -0.98 0.06 -2.46 1.05 0.18
0.21 -0.99 0.06 -2.21 1.73 -0.41
0.19 -0.99 0.07 -2.03 2.47 -1.33
0.19 -0.99 0.07 -1.65 2.87 -2.24
0.18 -0.98 0.08 -1.30 3.31 -2.35
0.17 -0.98 0.09 -0.81 3.80 -2.20
0.16 -0.97 0.08 -0.18 4.11 -1.28
0.15 -0.96 0.10 0.37 3.63 0.05
0.16 -0.96 0.10 0.46 3.65 0.60
0.16 -0.97 0.10 0.21 3.11 0.41
0.16 -0.97 0.11 1.01 3.02 0.58
0.15 -0.94 0.10 0.49 2.32 0.03
0.15 -0.94 0.11 -1.59 1.02 -0.26
0.17 -0.95 0.10 -2.05 0.85 -0.47
0.17 -0.95 0.11 -0.92 0.49 0.69
0.18 -0.95 0.10 0.31 0.06 2.17
0.19 -0.93 0.09 0.40 -0.46 2.70
0.20 -0.92 0.08 -1.08 -0.58 2.82
0.21 -0.93 0.06 -3.10 -0.79 2.64
0.21 -0.95 0.08 -3.86 -0.87 2.31
0.21 -0.96 0.07 -3.42 -0.89 2.14
0.22 -0.95 0.06 -3.51 -0.84 1.33
0.22 -0.95 0.06 -4.23 -1.11 0.60
0.23 -0.96 0.05 -4.35 -0.46 -0.05
0.22 -0.96 0.06 -5.02 0.21 -0.61
0.20 -0.97 0.07 -5.22 0.44 -1.11
0.20 -1.00 0.07 -3.77 1.04 -0.55
0.20 -1.00 0.08 -1.89 1.51 0.15
0.19 -0.98 0.07 -0.60 2.11 -0.21
0.19 -0.97 0.07 -1.37 2.21 -1.36
0.18 -0.97 0.08 -3.18 2.43 -2.40
0.17 -0.98 0.09 -3.40 2.73 -2.73
0.15 -0.99 0.10 -2.38 2.70 -1.92
0.14 -0.98 0.10 -0.70 2.58 -0.43
0.15 -0.97 0.11 0.52 2.02 0.85
0.16 -0.97 0.08 0.95 2.09 1.44
0.17 -0.96 0.09 0.20 1.73 1.13
0.18 -0.98 0.09 -0.12 1.22 0.46
0.18 -0.96 0.08 0.43 1.16 0.23
0.19 -0.97 0.08 1.05 1.01 0.31
0.20 -0.96 0.08 0.95 0.96 -0.15
0.21 -0.95 0.06 0.35 1.31 -0.67
0.21 -0.93 0.05 -0.92 1.63 -0.69
