0.11 -0.96 0.09 -1.92 0.93 -0.06
0.11 -0.96 0.08 -2.82 1.66 0.09
0.09 -0.96 0.10 -2.98 1.69 0.89
0.09 -0.98 0.10 -1.85 0.69 1.48
0.11 -0.98 0.10 -0.37 1.24 2.18
0.12 -0.98 0.08 -0.05 1.79 1.01
0.12 -0.97 0.08 -1.39 1.89 -1.24
0.11 -0.96 0.09 -1.56 2.20 -1.31
0.10 -0.95 0.11 -0.90 2.02 -0.43
0.10 -0.95 0.10 -0.87 2.00 0.99
0.11 -0.95 0.10 -2.23 1.56 0.79
0.11 -0.96 0.09 -3.04 1.88 0.09
0.10 -0.97 0.11 -2.24 1.89 0.49
0.09 -0.98 0.11 -0.29 1.82 2.18
0.10 -0.97 0.10 0.60 2.21 2.73
0.11 -0.97 0.11 -1.53 2.21 1.15
0.11 -0.98 0.11 -3.40 1.51 -1.16
0.10 -0.99 0.12 -2.64 1.10 -2.06
0.09 -0.97 0.10 -1.86 1.04 -0.82
0.10 -0.97 0.11 -0.90 0.99 0.67
0.10 -0.96 0.10 0.26 1.33 2.79
0.10 -0.97 0.08 0.41 1.10 3.92
0.11 -0.98 0.10 0.69 0.89 3.69
0.11 -0.97 0.09 0.32 1.37 2.02
0.11 -0.97 0.09 -0.96 1.13 0.90
0.09 -1.04 0.11 -0.96 0.67 -1.04
0.12 -0.97 0.09 -1.98 0.95 0.23
0.10 -0.97 0.09 -3.05 0.66 0.11
0.12 -0.98 0.09 -2.90 0.56 -0.89
0.12 -0.98 0.08 -2.46 0.73 -0.92
0.11 -0.98 0.09 -2.32 0.89 -1.13
0.11 -0.97 0.09 -2.23 0.92 -0.55
0.10 -0.97 0.10 -2.52 0.79 -0.02
0.11 -0.96 0.09 -2.66 0.70 0.50
0.11 -0.97 0.10 -2.92 0.46 0.11
0.10 -0.99 0.10 -2.95 0.24 -0.53
0.11 -0.99 0.11 -2.47 0.53 -1.18
0.11 -1.00 0.11 -0.92 0.79 -1.45
0.12 -0.99 0.10 1.18 1.25 -2.23
0.10 -0.95 0.08 0.43 1.27 -2.46
0.10 -0.92 0.08 -1.65 1.22 -2.43
0.10 -0.93 0.09 -3.94 1.37 -2.38
0.10 -0.95 0.09 -4.40 1.60 -1.13
0.10 -0.96 0.11 -3.94 2.03 -0.72
0.09 -0.96 0.10 -3.82 1.94 -1.10
0.10 -0.96 0.11 -4.26 1.89 -1.54
0.09 -0.94 0.09 -5.74 1.05 -2.75
0.10 -0.95 0.08 -7.68 1.16 -2.93
0.11 -0.97 0.08 -7.71 1.59 -2.72
0.10 -0.97 0.09 -6.55 1.48 -1.85
0.10 -0.97 0.10 -5.54 0.72 -0.92
0.12 -0.97 0.10 -4.70 0.95 -0.29
0.11 -0.97 0.09 -4.11 0.84 -0.11
0.12 -0.98 0.09 -3.62 0.72 0.72
0.11 -0.98 0.10 -2.06 0.76 2.00
0.12 -1.00 0.10 -0.08 0.75 3.08
0.12 -0.99 0.09 0.93 1.22 2.87
0.12 -1.00 0.11 0.37 1.36 1.60
0.13 -1.00 0.10 0.18 1.63 0.37
0.12 -0.99 0.10 0.23 1.89 -0.44
0.11 -0.97 0.09 -0.53 1.71 -0.92
0.10 -0.98 0.09 -0.84 1.63 -0.43
0.10 -0.98 0.11 -0.21 1.47 1.04
0.12 -0.99 0.10 0.73 0.95 0.14
0.12 -0.98 0.09 0.56 1.36 -0.78
0.12 -0.96 0.10 0.11 1.59 -1.36
0.12 -0.94 0.10 0.24 1.68 -0.11
0.11 -0.96 0.10 0.66 1.62 0.98
0.13 -0.97 0.09 -0.40 1.10 -0.09
0.13 -0.97 0.09 -1.47 1.37 -0.49
0.11 -0.97 0.10 -1.57 1.53 -0.52
0.11 -0.96 0.10 -0.73 1.47 0.63
0.11 -0.97 0.10 -0.37 1.18 1.18
0.11 -0.96 0.09 -0.38 1.39 1.18
0.11 -0.96 0.10 -0.81 1.57 1.88
0.09 -0.95 0.11 -0.90 0.79 1.98
0.11 -0.97 0.08 -1.45 0.06 1.02
0.12 -0.96 0.08 -2.50 0.08 0.46
0.12 -0.98 0.10 -1.79 0.69 0.05
0.11 -0.98 0.10 -1.13 1.05 0.15
0.11 -0.95 0.09 -1.36 0.75 -0.21
0.11 -0.95 0.08 -2.63 0.79 0.35
0.11 -0.97 0.09 -2.81 1.48 1.22
0.11 -0.99 0.11 -1.19 2.08 2.60
0.10 -0.99 0.10 0.49 1.48 2.73
0.10 -0.97 0.12 0.50 0.75 2.40
0.11 -0.96 0.10 0.24 0.64 1.98
0.12 -0.98 0.10 -0.75 0.70 1.05
0.11 -0.97 0.10 -1.98 0.73 -0.72
0.12 -0.96 0.08 -3.36 1.07 -1.30
0.11 -0.98 0.10 -2.46 1.37 -0.78
0.10 -0.96 0.11 -0.98 1.16 0.15
0.10 -0.95 0.08 -0.78 0.40 1.05
0.11 -0.95 0.08 -1.24 0.75 1.60
0.11 -0.96 0.09 -1.86 1.33 1.95
0.11 -0.97 0.10 -2.84 1.05 1.08
0.12 -0.98 0.09 -3.24 1.42 0.38
0.12 -0.98 0.09 -3.45 1.28 -1.18
0.10 -0.98 0.11 -2.99 0.96 -1.33
0.10 -0.98 0.12 -0.96 0.90 -0.61
