-0.03 -0.91 -0.03 -0.95 0.60 0.29
-0.05 -0.94 -0.01 -2.40 1.25 1.83
-0.07 -0.95 -0.01 -2.82 1.13 3.13
-0.08 -0.96 0.00 -3.02 0.87 3.82
-0.07 -0.94 -0.02 -4.37 0.72 3.01
-0.07 -0.93 -0.02 -6.96 0.58 0.98
-0.09 -0.94 -0.00 -9.40 -0.15 -0.32
-0.10 -0.95 -0.01 -10.38 -1.66 -1.05
-0.11 -0.99 0.00 -10.18 -2.92 0.96
-0.11 -1.02 -0.00 -7.50 -4.89 2.03
-0.08 -1.00 -0.00 -5.54 -4.98 3.51
-0.07 -0.98 -0.02 -5.27 -5.13 2.84
-0.06 -1.00 -0.00 -5.15 -5.27 1.34
-0.04 -1.01 -0.01 -3.79 -3.44 0.43
-0.05 -1.00 -0.01 -3.13 -1.60 1.47
-0.09 -0.97 0.00 -3.89 -2.60 2.66
-0.07 -0.98 -0.01 -4.29 -2.20 2.75
-0.06 -0.97 -0.00 -4.92 -2.35 5.02
-0.04 -0.98 -0.01 -5.24 -1.51 6.00
-0.04 -0.98 -0.01 -4.60 -1.39 5.25
-0.08 -0.98 0.02 -4.08 -3.07 5.69
-0.03 -0.98 -0.01 -3.74 -1.85 4.02
-0.03 -0.96 -0.02 -5.08 -1.53 3.37
-0.04 -0.95 -0.01 -7.16 -1.34 2.06
-0.04 -0.96 -0.02 -8.79 -1.33 3.04
-0.05 -0.98 0.01 -8.26 -1.59 4.05
-0.05 -1.01 0.02 -6.67 -1.51 5.02
-0.04 -1.04 0.02 -3.37 -0.75 5.60
-0.03 -1.03 0.01 -1.10 1.22 7.22
-0.04 -0.98 0.00 -1.30 1.79 5.77
-0.07 -0.95 0.01 -3.80 0.50 2.02
-0.08 -0.98 0.01 -5.19 -0.63 -0.12
-0.07 -1.02 0.01 -3.59 -0.63 1.16
-0.08 -1.04 0.02 -0.52 -0.58 3.30
-0.07 -1.01 0.01 1.10 -0.14 3.86
-0.09 -0.97 0.02 -0.31 -1.08 2.56
-0.08 -0.97 0.00 -1.07 -1.50 -0.73
-0.07 -0.99 -0.00 -0.92 -1.92 -1.54
-0.07 -1.00 0.00 -0.18 -1.65 -1.69
-0.06 -0.99 -0.00 -0.46 -0.55 0.38
-0.08 -0.98 0.00 -0.89 -0.87 0.66
-0.06 -1.00 0.01 -0.31 -0.46 1.33
-0.05 -0.99 0.01 0.35 -0.17 1.50
-0.07 -0.99 0.01 0.72 -0.69 0.50
-0.07 -0.97 0.00 -0.46 -1.50 -0.21
-0.05 -0.96 -0.01 -1.53 -1.53 -0.98
-0.07 -0.95 -0.01 -2.96 -1.24 0.66
-0.07 -0.98 -0.00 -3.05 -1.16 2.41
-0.06 -0.99 0.00 -1.76 -1.18 3.83
-0.06 -0.99 0.00 -0.63 -0.79 3.27
-0.05 -0.96 -0.01 -0.17 -0.95 1.69
-0.06 -0.96 0.00 -0.93 -1.60 -0.82
-0.05 -0.96 -0.01 -0.98 -1.30 -3.51
-0.05 -0.94 -0.02 -2.14 0.21 -1.28
-0.06 -0.94 -0.01 -3.08 0.44 0.41
-0.06 -0.97 -0.01 -3.37 0.82 2.20
-0.07 -0.97 0.01 -3.01 1.19 2.53
-0.07 -0.98 0.00 -2.63 1.51 2.99
-0.07 -0.97 0.01 -2.72 1.36 1.92
-0.06 -0.95 -0.00 -3.50 1.42 0.69
-0.07 -0.95 -0.01 -4.05 2.27 0.15
-0.07 -0.94 -0.00 -5.53 2.49 0.67
-0.08 -0.95 0.01 -6.90 1.98 1.50
-0.08 -0.97 0.01 -7.18 1.82 2.82
-0.09 -0.99 0.00 -6.43 1.82 3.83
-0.09 -1.01 0.02 -4.64 1.21 3.54
-0.08 -0.99 0.01 -3.97 0.37 2.76
-0.07 -0.97 0.01 -3.97 -0.12 1.44
-0.07 -0.96 0.01 -5.04 -0.46 0.47
-0.07 -0.97 0.00 -5.97 -0.50 0.89
-0.07 -0.98 0.01 -6.15 -0.34 1.73
-0.07 -0.98 0.01 -6.14 -0.27 2.40
-0.06 -0.99 0.00 -6.00 -0.05 2.32
-0.07 -1.00 0.02 -5.45 0.17 2.09
-0.06 -0.99 0.02 -4.95 0.08 1.33
-0.05 -0.98 0.01 -4.84 0.24 0.67
-0.05 -0.98 0.00 -5.04 0.87 0.08
-0.06 -0.99 0.01 -4.38 0.95 0.12
-0.08 -1.00 0.01 -3.48 0.69 0.41
-0.08 -1.00 0.01 -2.26 0.69 0.12
-0.07 -0.98 0.00 -1.71 0.76 0.14
-0.08 -0.97 0.00 -2.53 0.32 -0.17
-0.09 -0.97 0.01 -2.99 0.29 -0.14
-0.08 -0.97 0.00 -3.01 0.35 0.60
-0.08 -0.96 0.00 -3.24 0.55 1.11
-0.08 -0.97 0.01 -3.44 0.17 1.40
-0.08 -0.97 -0.00 -3.37 -0.41 1.77
-0.07 -0.96 0.01 -3.95 -0.84 1.42
-0.07 -0.95 0.00 -5.13 -0.92 1.02
-0.07 -0.95 0.00 -6.95 -1.11 0.89
-0.07 -0.96 -0.00 -7.89 -1.16 1.15
-0.06 -0.98 0.00 -7.86 -1.04 1.30
-0.07 -1.00 0.01 -6.17 -0.84 1.85
-0.06 -0.99 -0.01 -4.58 -0.61 1.91
-0.07 -0.98 -0.01 -4.63 -0.63 1.25
-0.07 -0.98 -0.01 -5.08 -0.99 0.95
-0.05 -0.97 -0.00 -6.08 -0.32 0.90
-0.06 -0.97 -0.01 -7.07 0.43 1.54
-0.07 -0.99 0.01 -6.92 0.46 1.56
-0.07 -0.99 0.01 -6.56 0.15 1.11
