0.09 -1.02 -0.06 2.05 2.34 1.74
0.10 -1.01 -0.05 3.03 0.75 0.69
0.11 -0.97 -0.08 4.01 1.08 2.31
0.12 -0.96 -0.08 2.81 1.51 1.46
0.10 -0.95 -0.08 -0.07 0.76 -0.11
0.11 -0.99 -0.08 0.24 0.44 -0.60
0.13 -0.99 -0.09 2.39 1.90 0.82
0.11 -1.00 -0.08 3.87 2.59 1.19
0.11 -1.00 -0.08 5.08 3.09 1.31
0.10 -0.96 -0.08 4.95 3.20 1.65
0.12 -0.94 -0.08 1.95 2.95 0.08
0.12 -0.94 -0.08 -2.26 2.44 -1.63
0.12 -0.98 -0.07 -2.02 3.35 -1.09
0.10 -0.99 -0.06 0.51 3.24 0.82
0.11 -0.99 -0.05 1.51 3.22 1.95
0.11 -0.99 -0.07 1.86 3.52 2.08
0.10 -0.98 -0.06 1.18 3.76 2.15
0.09 -0.98 -0.06 0.24 2.91 2.82
0.09 -0.99 -0.06 -0.76 1.93 2.56
0.11 -0.99 -0.07 -1.87 1.32 1.76
0.11 -1.01 -0.07 -2.59 1.67 0.79
0.11 -1.01 -0.07 -1.89 1.96 0.55
0.11 -1.01 -0.07 -0.78 2.11 0.47
0.12 -1.02 -0.07 1.32 2.08 0.22
0.12 -0.99 -0.08 2.14 2.28 0.56
0.11 -0.99 -0.07 1.92 2.24 0.86
0.12 -0.97 -0.09 1.31 2.02 1.06
0.13 -0.95 -0.10 -1.55 2.53 0.11
0.13 -0.96 -0.09 -4.53 2.52 -1.58
0.12 -0.99 -0.09 -5.42 2.81 -1.54
0.11 -0.99 -0.07 -3.37 3.15 0.00
0.10 -1.01 -0.07 -1.56 2.38 0.78
0.12 -1.01 -0.08 -1.42 2.50 -0.07
0.11 -0.98 -0.08 -2.49 2.65 -1.34
0.10 -0.99 -0.06 -2.79 2.24 -1.09
0.11 -1.02 -0.05 -0.53 2.03 -0.21
0.14 -1.02 -0.06 1.90 3.18 -0.08
0.13 -0.99 -0.07 0.97 3.60 -1.79
0.13 -1.00 -0.05 -0.44 4.40 -3.94
0.10 -1.01 -0.04 -0.08 3.69 -4.43
0.08 -1.00 -0.02 0.53 1.86 -3.33
0.09 -1.01 -0.03 2.46 0.53 -1.39
0.11 -0.99 -0.05 2.88 0.37 -0.39
0.12 -0.95 -0.06 -1.81 0.15 -2.69
0.14 -1.00 -0.06 -5.61 0.35 -6.43
0.14 -1.02 -0.05 -5.53 1.82 -7.86
0.11 -1.02 -0.03 -4.66 1.08 -8.48
0.09 -1.02 -0.02 -3.93 -1.38 -10.69
0.09 -1.00 -0.02 -2.73 -4.05 -10.89
0.08 -0.99 -0.03 -1.90 -7.95 -10.76
0.14 -0.96 -0.10 -0.18 -7.95 -9.28
0.20 -0.92 -0.15 0.03 -2.78 -6.98
0.16 -0.96 -0.10 -3.45 -1.24 -11.27
0.16 -1.04 -0.08 -2.76 -1.42 -18.04
0.16 -1.05 -0.07 4.27 0.03 -18.08
0.13 -0.97 -0.07 10.53 0.30 -11.76
0.14 -0.90 -0.08 11.82 -0.67 -6.09
0.16 -0.86 -0.12 7.04 0.09 -2.89
0.18 -0.90 -0.11 -2.00 3.21 -3.76
0.17 -0.99 -0.07 -7.93 5.41 -7.62
0.15 -1.04 -0.05 -7.83 5.98 -9.14
0.12 -1.07 -0.02 -1.66 6.36 -6.49
0.11 -1.06 -0.00 5.97 5.18 -2.85
0.13 -0.99 -0.03 7.44 4.56 -2.53
0.12 -0.94 -0.04 2.24 3.58 -4.42
0.12 -0.96 -0.03 -2.06 2.71 -5.58
0.12 -0.97 -0.03 -2.21 2.35 -3.96
0.12 -0.99 -0.04 0.38 1.26 0.43
0.13 -1.02 -0.04 4.81 0.47 4.51
0.16 -0.97 -0.07 3.63 0.75 2.72
0.18 -0.97 -0.08 -2.08 1.77 -2.85
0.16 -0.99 -0.06 -3.90 2.62 -5.57
0.15 -1.00 -0.07 -1.43 2.89 -4.60
0.16 -0.99 -0.08 -0.21 3.18 -2.44
0.15 -0.96 -0.07 -0.28 3.58 -0.84
0.15 -0.98 -0.08 -1.28 3.25 -0.19
0.15 -0.98 -0.09 -1.86 3.11 -0.47
0.14 -0.97 -0.06 -3.01 2.49 -1.06
0.16 -0.97 -0.06 -4.86 1.11 -2.30
0.17 -0.99 -0.07 -3.91 1.67 -2.19
0.19 -0.99 -0.07 -1.27 3.12 -0.61
0.18 -0.98 -0.08 1.65 4.03 1.68
0.16 -0.92 -0.07 0.57 4.13 2.91
0.16 -0.95 -0.08 -1.31 3.66 3.31
0.18 -0.98 -0.08 -3.40 4.19 1.57
0.17 -1.00 -0.07 -3.41 5.12 0.91
0.15 -1.01 -0.07 -2.42 5.82 1.35
0.13 -1.00 -0.05 -2.89 4.82 1.72
0.13 -1.01 -0.04 -2.79 3.79 2.03
0.14 -1.01 -0.04 -2.69 3.41 1.44
0.14 -1.01 -0.04 -2.77 3.21 1.75
0.13 -1.02 -0.04 -0.89 3.40 3.69
0.13 -1.01 -0.04 0.56 2.97 3.25
0.16 -1.00 -0.06 -3.34 2.74 -0.42
0.18 -1.03 -0.07 -3.53 4.36 -2.62
0.16 -1.00 -0.06 -1.20 4.74 -2.82
0.14 -0.96 -0.06 -1.40 3.90 -1.22
0.15 -0.94 -0.07 -3.13 2.98 -0.96
0.16 -0.95 -0.06 -4.58 2.37 0.01
0.16 -0.98 -0.06 -2.58 1.76 3.02
