0.17 -0.92 0.12 -5.92 -1.51 2.73
0.19 -0.96 0.11 -4.49 -0.67 1.33
0.19 -0.94 0.13 -4.95 0.09 -0.26
0.16 -0.93 0.12 -6.76 0.78 -0.84
0.14 -0.94 0.12 -8.21 0.35 -0.09
0.13 -0.94 0.13 -7.65 0.89 2.32
0.11 -0.97 0.13 -7.16 0.34 4.29
0.10 -0.97 0.12 -7.56 -0.21 5.74
0.09 -1.01 0.15 -7.76 -1.65 6.27
0.14 -1.04 0.15 -5.28 -1.74 5.18
0.14 -1.05 0.13 -1.77 -1.51 3.80
0.15 -0.99 0.13 -1.44 -1.69 1.15
0.13 -1.05 0.15 -0.35 -1.65 -1.57
0.18 -0.98 0.10 -1.54 -1.04 -1.65
0.14 -0.95 0.13 -0.63 -0.96 -2.99
0.15 -0.97 0.11 0.63 -0.66 -2.69
0.14 -0.92 0.10 0.50 -0.29 -1.54
0.13 -0.94 0.11 1.18 -0.40 0.02
0.14 -0.95 0.11 1.44 -0.84 0.69
0.16 -0.98 0.10 2.95 -0.17 -0.66
0.17 -0.98 0.09 5.21 1.15 -0.15
0.15 -0.95 0.11 5.79 0.60 -1.68
0.15 -0.94 0.11 4.96 -0.49 -3.89
0.17 -0.93 0.11 3.92 1.39 -4.26
0.17 -0.93 0.09 3.10 3.86 -3.25
0.14 -0.90 0.12 2.03 4.12 -1.82
0.14 -0.91 0.11 2.06 4.66 1.50
0.12 -0.93 0.13 1.47 4.58 5.01
0.13 -0.98 0.14 0.99 3.82 5.60
0.13 -1.01 0.16 -0.72 3.08 4.12
0.15 -1.04 0.17 0.24 2.90 2.79
0.16 -1.04 0.19 2.26 2.35 0.23
0.17 -1.06 0.17 3.89 1.51 -1.82
0.16 -1.01 0.15 3.28 1.57 -2.11
0.15 -0.99 0.16 2.61 1.79 -1.48
0.16 -0.98 0.15 3.04 2.15 0.44
0.14 -1.00 0.16 4.29 1.31 1.36
0.16 -0.98 0.15 4.93 1.69 2.53
0.18 -1.00 0.15 6.66 1.37 1.73
0.19 -0.96 0.13 6.82 1.94 -0.79
0.19 -0.92 0.14 4.20 0.69 -4.02
0.18 -0.91 0.10 0.90 1.60 -5.48
0.19 -0.91 0.09 0.43 4.21 -3.37
0.17 -0.90 0.11 1.31 6.12 -0.89
0.17 -0.89 0.12 0.43 6.08 0.12
0.19 -0.93 0.13 1.27 7.80 1.79
0.18 -0.97 0.16 3.85 8.26 1.98
0.19 -1.00 0.19 7.07 7.02 0.34
0.20 -1.00 0.20 11.10 6.52 -1.24
0.21 -0.96 0.15 14.52 6.52 -2.78
0.20 -0.87 0.13 11.10 6.66 -3.18
0.21 -0.85 0.09 5.77 7.60 -3.66
0.17 -0.87 0.11 -1.97 7.48 -2.11
0.18 -0.95 0.15 -2.09 8.41 0.09
0.15 -1.02 0.19 1.36 8.79 2.95
0.18 -0.99 0.17 2.78 9.92 5.10
0.15 -0.98 0.21 1.37 8.23 2.12
0.17 -0.98 0.18 -1.86 7.18 -0.18
0.18 -0.99 0.21 -2.47 6.78 -2.31
0.19 -1.01 0.21 1.22 5.04 -3.28
0.18 -0.99 0.19 5.24 4.37 -3.24
0.18 -0.93 0.14 6.44 5.40 -2.44
0.17 -0.88 0.15 1.44 5.16 -2.41
0.16 -0.90 0.16 -2.87 4.63 -2.23
0.16 -0.91 0.17 -4.46 6.05 -1.15
0.16 -0.90 0.19 -0.27 7.28 2.34
0.17 -0.99 0.20 -2.17 5.94 3.57
0.17 -0.93 0.19 -2.58 2.89 -1.44
0.17 -0.94 0.18 -2.96 2.15 -2.58
0.19 -0.93 0.17 -3.21 2.41 -3.11
0.18 -0.94 0.17 -3.15 3.13 -1.25
0.18 -0.92 0.15 -4.63 3.04 -1.36
0.20 -0.94 0.16 -6.82 2.85 -2.92
0.24 -0.97 0.15 -6.06 3.68 0.38
0.22 -0.96 0.14 -3.76 1.88 -3.57
0.19 -0.97 0.16 -1.47 1.95 -3.05
0.19 -0.92 0.12 -2.40 3.02 -2.24
0.18 -0.91 0.11 -6.18 3.56 -1.73
0.16 -0.96 0.18 -9.91 1.45 -3.63
0.16 -0.98 0.17 -7.80 5.22 0.89
0.16 -0.99 0.18 -3.77 4.69 2.98
0.15 -0.97 0.16 -2.43 4.31 3.28
0.15 -0.95 0.16 -5.28 3.74 2.00
0.14 -0.98 0.18 -6.35 3.13 0.06
0.16 -0.99 0.18 -4.81 2.98 -0.70
0.14 -0.95 0.18 -3.37 2.52 -0.73
0.13 -0.89 0.17 -4.84 1.79 0.15
0.12 -0.89 0.18 -7.44 -0.17 -0.24
0.13 -0.93 0.18 -7.71 -1.37 -0.26
0.15 -0.98 0.16 -3.33 -1.68 -0.78
0.15 -0.94 0.16 -0.72 -0.82 -0.03
0.14 -0.93 0.16 0.96 -0.67 0.72
0.14 -0.91 0.15 -0.70 -1.66 -0.12
0.14 -0.91 0.13 -4.90 -2.44 -0.98
0.13 -0.91 0.13 -6.32 -2.38 0.56
0.11 -0.91 0.14 -7.36 -3.83 3.53
0.15 -0.95 0.14 -5.51 -3.57 5.27
0.17 -0.98 0.11 -4.40 -2.14 5.91
0.17 -0.98 0.11 -3.33 -1.04 4.79
0.18 -1.00 0.13 -2.37 -0.44 2.72
