0.20 -0.89 0.25 -2.98 -0.23 -0.40
0.20 -0.92 0.26 -2.56 -0.18 -0.81
0.21 -0.89 0.25 -2.73 0.06 -0.50
0.20 -0.89 0.25 -2.95 -0.26 -0.37
0.20 -0.88 0.26 -2.44 -0.02 0.64
0.20 -0.89 0.26 -1.91 0.20 2.31
0.21 -0.90 0.26 -1.21 0.61 3.97
0.21 -0.90 0.27 -0.47 0.87 5.25
0.23 -0.92 0.25 -0.96 0.90 3.65
0.22 -0.92 0.27 -3.56 0.15 0.82
0.22 -0.94 0.26 -3.44 -0.21 -1.53
0.21 -0.93 0.27 -1.53 0.55 -0.27
0.21 -0.91 0.26 -0.05 0.69 1.51
0.22 -0.91 0.24 -0.15 0.87 1.31
0.21 -0.90 0.25 -2.24 0.82 0.61
0.22 -0.92 0.26 -2.72 0.56 -0.66
0.23 -0.92 0.25 -1.34 1.02 -1.04
0.21 -0.90 0.26 -1.04 1.22 -0.76
0.21 -0.90 0.25 -0.47 1.28 0.08
0.20 -0.90 0.25 0.21 1.68 1.57
0.20 -0.89 0.25 0.17 1.77 3.08
0.21 -0.91 0.24 0.18 2.17 3.42
0.20 -0.92 0.25 1.08 2.84 3.66
0.20 -0.91 0.25 0.06 1.88 1.24
0.19 -0.90 0.25 -2.72 0.85 -0.76
0.21 -0.91 0.26 -2.17 1.22 -0.50
0.19 -0.91 0.26 -0.32 1.11 0.96
0.19 -0.89 0.26 0.29 0.73 2.41
0.22 -0.89 0.23 -0.66 1.19 2.73
0.21 -0.89 0.24 -1.51 0.76 1.98
0.21 -0.90 0.24 -0.96 1.92 3.10
0.21 -0.91 0.24 -0.56 1.19 3.18
0.22 -0.90 0.24 -1.94 0.79 1.34
0.23 -0.91 0.23 -3.92 0.73 0.03
0.22 -0.93 0.24 -2.84 1.40 0.43
0.21 -0.94 0.26 -0.82 1.83 1.86
0.21 -0.93 0.25 0.66 2.35 2.73
0.22 -0.92 0.25 1.07 2.69 2.75
0.21 -0.92 0.26 -0.73 2.31 0.61
0.21 -0.92 0.26 -3.13 1.91 -1.91
0.20 -0.93 0.27 -3.11 1.51 -1.98
0.19 -0.92 0.27 -0.61 1.63 -0.34
0.19 -0.91 0.28 0.60 1.54 0.06
0.21 -0.88 0.26 -1.48 0.52 -1.04
0.19 -0.89 0.27 -3.25 0.27 -1.53
0.19 -0.91 0.27 -1.44 0.26 0.37
0.20 -0.91 0.27 0.43 0.12 1.59
0.20 -0.89 0.26 0.29 0.20 2.87
0.21 -0.90 0.25 -0.76 -0.15 2.24
0.22 -0.91 0.25 -1.92 -0.60 0.55
0.23 -0.90 0.24 -4.17 -0.50 -1.76
0.22 -0.91 0.25 -4.09 0.00 -1.05
0.21 -0.91 0.27 -1.62 0.82 1.13
0.23 -0.91 0.23 -0.40 1.22 1.25
0.22 -0.89 0.24 -2.20 1.19 -0.52
0.21 -0.90 0.24 -4.23 1.18 -1.73
0.21 -0.91 0.27 -3.11 1.28 -0.92
0.20 -0.91 0.27 -0.24 1.89 1.42
0.20 -0.88 0.25 0.67 2.00 2.98
0.22 -0.86 0.23 -1.98 2.00 2.14
0.22 -0.88 0.24 -4.63 1.42 0.11
0.21 -0.91 0.26 -4.76 1.34 -1.50
0.20 -0.90 0.26 -3.08 1.76 -0.75
0.20 -0.89 0.25 -1.51 2.26 1.37
0.21 -0.86 0.24 -2.49 1.94 2.70
0.21 -0.87 0.23 -4.47 2.12 3.24
0.20 -0.92 0.25 -4.41 2.43 3.97
0.21 -0.93 0.26 -3.89 2.53 3.36
0.20 -0.93 0.25 -4.41 1.88 1.77
0.19 -0.94 0.26 -4.05 1.53 1.25
0.20 -0.95 0.26 -2.14 1.85 1.47
0.20 -0.94 0.27 -1.76 1.85 1.31
0.20 -0.93 0.25 -1.63 1.47 0.31
0.21 -0.94 0.26 -1.34 1.15 -0.67
0.20 -0.93 0.25 -1.95 0.23 -1.80
0.19 -0.91 0.26 -2.05 0.21 -0.85
0.20 -0.90 0.27 -1.27 0.00 1.15
0.22 -0.90 0.24 -0.67 0.58 2.17
0.22 -0.91 0.23 -1.08 1.10 2.09
0.22 -0.91 0.24 -1.19 1.27 1.10
0.21 -0.92 0.25 -1.18 1.16 0.89
0.21 -0.93 0.24 -0.75 1.33 -0.27
0.21 -0.91 0.24 -2.20 0.89 -2.17
0.21 -0.89 0.25 -3.50 1.18 -1.88
0.20 -0.90 0.26 -2.23 1.48 0.14
0.20 -0.89 0.24 -1.53 2.06 1.54
0.20 -0.89 0.26 -2.67 1.71 2.49
0.20 -0.92 0.26 -2.06 1.83 3.05
0.19 -0.93 0.27 -0.72 1.50 2.63
0.20 -0.93 0.26 -1.21 0.72 1.27
0.20 -0.90 0.25 -2.35 0.96 0.90
0.21 -0.93 0.26 -2.23 0.73 0.24
0.21 -0.91 0.26 -2.03 0.89 0.08
0.22 -0.91 0.24 -1.16 1.37 0.56
0.21 -0.90 0.25 -0.35 1.85 1.53
0.22 -0.90 0.24 -1.66 0.72 0.46
0.22 -0.89 0.24 -3.24 1.42 0.69
0.22 -0.92 0.25 -2.79 1.27 -0.38
0.21 -0.92 0.25 -3.18 0.73 -1.74
0.21 -0.92 0.25 -2.44 1.51 -1.48
