0.17 -0.97 0.09 0.23 3.10 -0.58
0.16 -0.94 0.09 0.15 2.53 0.52
0.17 -0.93 0.09 -0.06 2.06 2.66
0.17 -0.93 0.09 -0.29 1.57 3.65
0.18 -0.94 0.08 -0.14 1.31 4.63
0.19 -0.94 0.08 -0.20 0.75 4.64
0.20 -0.93 0.08 -1.05 0.34 4.46
0.20 -0.93 0.08 -2.23 -0.06 4.15
0.21 -0.95 0.07 -1.98 -0.14 3.82
0.21 -0.95 0.07 -2.92 -0.41 2.70
0.21 -0.95 0.06 -4.89 -0.90 1.57
0.22 -0.97 0.06 -5.11 -0.56 1.54
0.23 -0.96 0.05 -4.90 -0.44 0.43
0.23 -0.96 0.05 -5.57 -0.52 -0.61
0.23 -0.96 0.04 -5.31 -0.20 -1.08
0.22 -0.96 0.06 -4.84 0.41 -0.34
0.21 -0.97 0.06 -3.53 1.24 0.37
0.20 -0.97 0.06 -3.08 1.53 0.70
0.20 -0.99 0.06 -3.65 1.68 -0.43
0.20 -1.00 0.07 -4.29 2.15 -2.26
0.18 -0.99 0.07 -4.76 2.47 -2.78
0.17 -0.99 0.08 -4.44 2.41 -2.70
0.16 -1.00 0.08 -3.39 2.76 -2.37
0.17 -1.01 0.09 -1.21 2.85 -2.06
0.16 -0.99 0.09 0.56 3.05 -1.36
0.16 -0.96 0.10 0.53 2.69 -0.76
0.15 -0.95 0.09 -0.75 1.95 -0.72
0.17 -0.96 0.08 -2.17 1.65 -1.01
0.18 -0.96 0.08 -2.43 1.47 -1.57
0.18 -0.96 0.09 -2.09 1.13 -1.88
0.18 -0.96 0.07 -1.15 0.85 -1.02
0.19 -0.94 0.07 -0.20 1.04 -0.37
0.21 -0.94 0.06 -0.53 1.40 0.17
0.22 -0.93 0.06 -1.21 1.74 0.75
0.21 -0.93 0.05 -1.56 1.68 0.82
0.21 -0.93 0.06 -1.27 1.65 2.08
0.22 -0.94 0.06 -0.35 1.62 2.46
0.22 -0.94 0.06 -1.02 1.57 2.14
0.22 -0.95 0.05 -2.12 1.39 0.96
0.22 -0.96 0.06 -3.08 1.53 -0.08
0.21 -0.95 0.05 -3.28 1.31 -0.34
0.20 -0.96 0.06 -3.53 1.33 0.20
0.21 -0.97 0.05 -3.36 0.98 0.32
0.22 -0.98 0.05 -3.28 0.95 -0.09
0.23 -0.99 0.04 -2.63 2.03 -0.53
0.22 -0.98 0.04 -2.87 2.67 -0.85
0.20 -0.98 0.05 -2.55 3.34 -0.96
0.19 -0.98 0.04 -1.54 4.17 -0.49
0.18 -0.97 0.07 -1.28 4.70 -0.03
0.18 -0.96 0.07 -2.56 4.29 -1.13
0.18 -0.97 0.08 -3.95 4.21 -1.95
0.17 -0.99 0.09 -3.22 4.17 -2.34
0.15 -0.98 0.11 -1.16 3.79 -1.24
0.15 -0.98 0.10 1.18 3.40 0.70
0.16 -0.96 0.10 1.65 2.70 0.95
0.18 -0.94 0.08 -0.55 2.43 0.35
0.18 -0.95 0.08 -2.69 2.12 -0.64
0.19 -0.96 0.08 -2.12 1.83 -0.35
0.19 -0.95 0.08 -0.84 1.45 0.93
0.19 -0.93 0.08 -1.30 0.78 1.89
0.20 -0.94 0.06 -2.61 0.26 2.27
0.22 -0.95 0.06 -3.13 0.49 2.03
0.23 -0.95 0.07 -3.02 0.55 1.63
0.22 -0.95 0.06 -2.73 0.09 1.79
0.23 -0.95 0.06 -2.38 0.26 2.06
0.24 -0.96 0.05 -2.76 0.27 1.94
0.24 -0.97 0.05 -2.32 0.53 1.22
0.25 -0.97 0.04 -1.89 1.19 0.40
0.24 -0.97 0.04 -1.54 2.41 -0.38
0.22 -0.95 0.05 -2.76 2.90 -1.30
0.22 -0.97 0.05 -3.76 3.07 -1.51
0.20 -0.97 0.07 -2.70 3.77 -0.99
0.20 -0.98 0.08 -0.87 4.06 -0.12
0.19 -0.99 0.08 0.56 3.95 -0.15
0.19 -0.99 0.08 0.58 4.43 -1.50
0.18 -0.97 0.07 -0.43 4.46 -2.81
0.16 -0.97 0.09 -1.45 3.77 -3.37
0.15 -0.95 0.10 -1.05 3.47 -1.94
0.16 -0.96 0.10 -0.99 2.93 -0.76
0.17 -0.97 0.09 -0.27 2.34 0.17
0.18 -0.97 0.09 0.34 2.46 0.56
0.18 -0.96 0.09 0.60 1.76 0.93
0.18 -0.96 0.09 0.26 1.42 0.75
0.19 -0.95 0.09 -0.56 0.85 1.07
0.19 -0.94 0.07 -1.48 0.23 1.36
0.20 -0.94 0.07 -1.31 -0.17 2.14
0.21 -0.96 0.08 -0.18 0.08 2.84
0.21 -0.95 0.06 0.93 -0.31 3.13
0.21 -0.94 0.06 0.70 -0.31 3.69
0.22 -0.94 0.06 -0.64 -0.64 3.31
0.23 -0.95 0.06 -1.07 -0.40 3.16
0.23 -0.95 0.04 -0.98 0.60 3.11
0.22 -0.94 0.05 -2.02 0.26 2.60
0.24 -0.94 0.04 -3.36 0.43 1.63
0.23 -0.97 0.04 -3.68 0.89 0.50
0.22 -0.97 0.05 -3.63 1.51 -0.64
0.21 -0.96 0.05 -3.94 1.82 -0.27
0.20 -0.97 0.06 -3.37 2.60 0.31
0.19 -0.98 0.08 -2.12 2.55 0.55
0.19 -1.00 0.07 -1.21 2.72 1.13
