0.21 -0.95 0.06 -3.94 -1.85 3.63
0.23 -0.96 0.05 -2.40 -1.98 3.04
0.24 -0.97 0.04 -3.37 -2.37 1.48
0.25 -0.97 0.04 -3.11 -1.77 0.40
0.24 -0.97 0.03 -3.18 -1.33 -0.29
0.24 -0.96 0.03 -3.27 -0.95 -0.03
0.24 -0.96 0.03 -3.21 -0.34 0.55
0.22 -0.97 0.04 -2.66 0.05 1.30
0.23 -0.98 0.03 -2.11 0.82 1.22
0.24 -1.00 0.03 -1.53 1.65 0.24
0.21 -1.00 0.05 -1.89 2.29 -1.80
0.20 -0.99 0.05 -2.93 2.58 -3.47
0.19 -1.02 0.07 -1.42 3.24 -4.24
0.18 -1.00 0.06 0.63 3.79 -3.28
0.16 -0.98 0.07 1.36 3.60 -1.92
0.18 -0.98 0.06 1.36 3.11 -0.35
0.18 -0.98 0.05 2.06 3.54 0.49
0.18 -0.97 0.06 1.94 3.40 1.15
0.19 -0.97 0.06 2.44 3.05 0.87
0.19 -0.96 0.06 1.47 2.72 -0.20
0.19 -0.96 0.05 0.98 2.17 -0.44
0.19 -0.97 0.07 1.25 1.86 -0.44
0.20 -0.95 0.06 1.54 1.31 0.37
0.20 -0.94 0.05 1.59 1.30 0.85
0.20 -0.93 0.03 0.20 0.17 1.22
0.22 -0.93 0.04 -1.62 -0.02 1.13
0.22 -0.94 0.04 -3.42 -0.58 0.81
0.22 -0.95 0.05 -4.09 -1.16 0.70
0.22 -0.96 0.05 -3.56 -1.92 0.66
0.23 -0.97 0.05 -2.03 -1.62 1.18
0.24 -0.97 0.03 -1.08 -1.42 1.24
0.25 -0.95 0.03 -1.62 -1.02 0.76
0.25 -0.96 0.04 -2.20 -0.95 0.53
0.24 -0.97 0.03 -1.48 -0.05 -0.41
0.23 -0.97 0.04 -2.03 0.32 -1.10
0.22 -0.98 0.04 -2.55 0.67 -2.37
0.21 -0.97 0.04 -2.99 1.07 -3.33
0.19 -0.96 0.06 -3.16 1.37 -4.00
0.19 -0.95 0.05 -4.20 1.13 -3.98
0.19 -0.95 0.05 -3.68 1.62 -3.22
0.18 -0.96 0.06 -2.20 1.73 -1.45
0.18 -0.97 0.05 -0.58 2.46 0.40
0.18 -0.96 0.06 -0.06 2.96 0.50
0.19 -0.95 0.04 -1.76 2.66 0.05
0.19 -0.96 0.05 -3.19 3.27 -0.73
0.17 -0.96 0.07 -2.78 3.13 0.41
0.16 -0.97 0.09 -0.56 2.66 1.89
0.18 -0.98 0.07 1.98 2.44 3.60
0.19 -0.96 0.06 3.31 2.41 3.97
0.20 -0.93 0.06 1.82 1.86 3.77
0.21 -0.92 0.04 -1.50 1.39 3.08
0.22 -0.94 0.04 -3.15 1.11 2.60
0.22 -0.95 0.06 -2.76 1.01 3.48
0.23 -0.97 0.06 -1.42 0.90 3.95
0.24 -0.97 0.07 -0.37 0.90 4.14
0.24 -0.96 0.04 -0.44 0.41 3.02
0.24 -0.96 0.03 -1.94 -0.20 1.05
0.24 -0.95 0.04 -2.72 -0.43 -0.34
0.24 -0.96 0.04 -2.47 0.21 -0.69
0.23 -0.96 0.05 -2.93 0.56 -0.43
0.22 -0.98 0.04 -3.47 0.60 -1.30
0.23 -0.99 0.04 -3.82 0.89 -2.09
0.21 -1.00 0.03 -2.72 1.66 -2.29
0.20 -1.01 0.05 -1.51 2.00 -2.41
0.20 -1.01 0.05 0.41 2.87 -1.66
0.19 -0.99 0.06 1.31 3.44 -1.45
0.19 -0.99 0.04 1.80 4.15 -1.36
0.19 -0.98 0.04 1.73 4.70 -1.68
0.18 -0.96 0.05 0.46 4.76 -2.38
0.18 -0.97 0.06 -0.06 4.69 -2.27
0.17 -0.97 0.07 0.87 4.35 -1.18
0.18 -0.96 0.07 1.51 3.88 0.40
0.19 -0.95 0.07 1.74 3.66 1.60
0.20 -0.95 0.06 1.57 3.60 2.12
0.20 -0.95 0.07 1.27 2.58 1.63
0.21 -0.93 0.07 0.14 2.27 1.60
0.20 -0.93 0.07 -0.35 2.05 2.08
0.20 -0.92 0.07 -0.67 1.45 3.40
0.20 -0.94 0.08 -0.41 0.87 4.55
0.23 -0.95 0.06 -0.09 0.84 5.05
0.23 -0.94 0.05 -1.39 0.32 4.31
0.24 -0.95 0.04 -3.27 -0.21 2.85
0.24 -0.96 0.05 -4.69 -0.52 1.33
0.23 -0.97 0.04 -3.79 -0.24 0.96
0.24 -0.97 0.05 -3.31 0.15 0.79
0.23 -0.96 0.05 -3.37 0.24 0.82
0.24 -0.98 0.05 -3.62 0.64 -0.32
0.24 -1.01 0.05 -1.80 1.80 -1.95
0.22 -1.01 0.06 0.29 2.82 -2.31
0.21 -0.99 0.05 2.17 3.40 -2.20
0.20 -0.96 0.05 2.14 4.00 -1.40
0.18 -0.95 0.06 1.73 4.08 -0.70
0.20 -0.95 0.06 1.16 4.43 -0.67
0.20 -0.95 0.06 0.15 4.67 -1.36
0.19 -0.96 0.07 -0.53 4.49 -2.08
0.18 -0.97 0.09 -0.41 4.35 -2.26
0.18 -0.96 0.07 0.67 4.61 -1.33
0.16 -0.94 0.09 0.84 3.89 -0.05
0.19 -0.94 0.08 0.37 2.93 0.31
0.18 -0.94 0.07 0.53 2.95 1.39
