0.15 -0.90 0.19 -6.63 -0.31 3.02
0.16 -0.92 0.18 -7.53 -0.08 5.30
0.17 -0.96 0.20 -6.72 -0.31 6.66
0.18 -1.00 0.19 -4.05 -0.49 6.15
0.19 -1.00 0.20 -2.00 0.26 4.92
0.18 -1.00 0.19 -0.43 0.27 2.17
0.20 -0.96 0.18 -0.05 0.47 0.26
0.17 -0.90 0.18 -2.20 -0.03 -0.23
0.17 -0.89 0.17 -4.87 -0.64 -0.02
0.18 -0.91 0.17 -5.37 -1.05 1.22
0.18 -0.91 0.17 -5.28 0.26 3.19
0.18 -0.92 0.17 -3.74 0.44 3.88
0.18 -0.91 0.16 -4.40 0.17 4.23
0.18 -0.91 0.17 -5.65 -0.12 4.03
0.18 -0.91 0.16 -7.27 -0.31 2.38
0.18 -0.94 0.16 -7.40 -0.24 2.76
0.17 -0.96 0.16 -6.14 0.84 4.06
0.17 -0.97 0.17 -4.98 0.81 4.70
0.17 -0.98 0.17 -3.57 0.53 3.50
0.18 -0.98 0.16 -3.33 1.40 3.63
0.16 -0.96 0.17 -2.52 1.62 3.92
0.17 -0.96 0.16 -1.98 1.76 3.53
0.16 -0.95 0.17 -2.93 0.52 1.39
0.16 -0.91 0.15 -5.92 0.82 1.53
0.16 -0.94 0.16 -7.47 0.29 1.25
0.16 -0.97 0.18 -4.96 -0.73 1.53
0.18 -0.96 0.15 -2.95 0.93 2.37
0.15 -0.93 0.16 -4.23 0.21 2.05
0.16 -0.90 0.16 -5.21 -0.72 2.96
0.18 -0.89 0.14 -6.73 0.81 4.37
0.20 -0.96 0.13 -8.89 0.38 7.28
0.18 -0.91 0.14 -8.66 -0.75 3.21
0.17 -0.94 0.15 -11.63 -0.75 4.08
0.16 -0.98 0.16 -10.09 0.56 5.18
0.15 -1.01 0.17 -6.08 -0.31 6.17
0.15 -1.00 0.16 -5.57 0.14 6.31
0.17 -1.00 0.15 -5.39 0.52 5.65
0.16 -1.06 0.16 -3.69 0.63 4.61
0.15 -0.98 0.16 -3.73 -0.41 3.01
0.14 -0.96 0.15 -2.92 -0.44 3.66
0.14 -0.97 0.17 -0.78 -1.04 4.17
0.17 -0.96 0.17 0.53 -0.70 4.06
0.18 -0.95 0.16 1.01 0.03 3.02
0.17 -0.91 0.16 -1.10 -0.23 1.59
0.21 -0.85 0.13 -3.92 0.93 3.27
0.16 -0.90 0.16 -3.34 -0.43 -0.64
0.14 -0.92 0.16 -3.02 0.29 0.31
0.16 -0.91 0.14 -3.27 0.55 1.10
0.16 -0.90 0.14 -4.23 0.49 1.40
0.16 -0.91 0.13 -3.34 -0.12 2.76
0.17 -0.91 0.12 -3.45 0.53 3.33
0.17 -0.93 0.12 -5.36 1.40 3.40
0.16 -0.93 0.13 -5.56 0.41 1.94
0.16 -0.94 0.12 -6.93 1.15 1.56
0.14 -0.94 0.14 -7.30 1.18 2.00
0.13 -0.94 0.13 -7.92 1.44 3.44
0.14 -0.97 0.14 -7.24 1.16 4.08
0.15 -1.00 0.15 -6.46 0.76 3.50
0.14 -1.00 0.16 -5.71 1.21 3.73
0.13 -1.01 0.16 -3.59 0.15 3.54
0.14 -1.00 0.15 -1.04 0.60 4.63
0.13 -1.02 0.16 0.78 -0.34 4.67
0.14 -1.03 0.18 3.16 -1.01 4.44
0.15 -1.02 0.16 5.39 -1.51 3.28
0.15 -0.99 0.16 5.13 -2.14 0.56
0.16 -0.98 0.16 3.04 -2.81 -2.29
0.17 -0.97 0.14 1.80 -1.94 -3.50
0.16 -0.95 0.15 1.47 -2.92 -5.40
0.17 -0.94 0.15 0.21 -2.69 -6.18
0.17 -0.94 0.13 0.52 -2.55 -6.02
0.15 -0.91 0.15 1.22 -1.89 -3.40
0.16 -0.89 0.13 1.05 -1.47 -0.61
0.17 -0.92 0.13 0.58 -1.56 0.24
0.17 -0.93 0.14 0.41 -1.76 -0.56
0.18 -0.94 0.13 1.18 -0.82 -1.15
0.17 -0.93 0.14 1.69 -0.87 -1.48
0.17 -0.90 0.12 0.93 -0.02 -2.05
0.16 -0.89 0.13 -1.24 -0.23 -2.17
0.14 -0.90 0.16 -1.50 -1.47 -1.36
0.14 -0.89 0.15 -0.78 -1.28 0.63
0.13 -0.87 0.14 -2.03 -1.50 3.08
0.13 -0.91 0.16 -3.85 -3.18 2.96
0.15 -0.94 0.17 -3.27 -3.86 3.37
0.17 -0.97 0.16 -1.31 -2.85 3.47
0.17 -0.98 0.16 1.74 -3.25 2.66
0.17 -0.94 0.16 2.53 -2.89 2.87
0.18 -0.95 0.15 3.98 -3.42 3.30
0.20 -0.92 0.12 4.43 -1.94 4.29
0.20 -0.96 0.12 2.24 -1.60 2.99
0.18 -0.91 0.14 -1.83 -3.19 0.92
0.21 -0.94 0.11 -6.31 -3.54 -1.28
0.19 -0.98 0.14 -4.46 -2.72 -1.19
0.17 -0.99 0.15 -3.73 -2.78 -0.96
0.18 -1.03 0.17 -1.15 -2.96 -0.96
0.19 -0.99 0.16 1.59 -2.66 -0.35
0.19 -0.96 0.15 4.34 -2.75 1.22
0.19 -0.89 0.14 3.31 -1.48 2.11
0.17 -0.87 0.09 -1.97 -0.73 3.27
0.16 -0.90 0.13 -9.39 -2.52 2.95
0.18 -0.98 0.15 -11.39 -1.21 1.92
