0.08 -0.99 -0.07 -2.04 0.66 1.82
0.08 -0.99 -0.08 -2.15 1.45 2.30
0.07 -1.00 -0.07 -2.14 1.19 2.16
0.07 -1.01 -0.07 -1.53 0.98 2.11
0.07 -1.02 -0.07 -0.90 1.12 0.85
0.07 -1.00 -0.08 -1.11 1.19 0.16
0.07 -0.99 -0.08 -2.66 1.43 -0.72
0.05 -0.98 -0.07 -3.38 1.82 -0.10
0.07 -0.99 -0.08 -1.93 2.36 1.79
0.06 -1.00 -0.06 0.69 2.08 4.46
0.06 -1.00 -0.05 2.92 1.49 6.19
0.07 -0.99 -0.07 4.07 1.57 5.83
0.08 -0.97 -0.07 1.45 1.66 4.37
0.08 -0.98 -0.07 -0.69 2.59 3.53
0.07 -0.99 -0.07 -1.09 2.85 2.54
0.05 -0.98 -0.05 -1.73 2.98 3.31
0.04 -1.01 -0.05 0.00 3.02 5.08
0.03 -1.01 -0.03 1.79 1.21 6.55
0.03 -1.02 -0.04 4.47 0.08 8.50
0.04 -1.02 -0.06 6.53 -0.64 9.60
0.05 -1.02 -0.06 9.84 1.24 17.05
0.02 -1.01 -0.06 10.69 0.51 17.54
0.06 -0.99 -0.08 8.76 1.91 20.55
0.05 -1.20 -0.02 16.97 -0.02 16.20
0.08 -1.48 0.04 44.30 2.63 14.66
-0.07 -1.05 0.03 43.69 0.60 23.79
-0.05 -1.08 0.02 44.79 -4.53 24.91
-0.01 -1.15 0.03 52.92 -4.72 29.12
-0.02 -1.17 0.05 59.10 -4.88 32.46
-0.01 -1.11 0.03 59.39 -5.81 34.95
-0.02 -1.03 0.05 55.01 -7.05 35.62
0.02 -0.98 0.02 48.85 -7.41 38.20
0.02 -0.93 -0.02 42.45 -7.57 41.42
0.02 -0.86 -0.01 32.53 -8.45 43.31
0.02 -0.81 -0.04 24.29 -9.70 45.67
-0.07 -0.78 0.03 19.47 -13.21 43.31
-0.03 -0.92 -0.01 16.38 -12.87 47.40
0.05 -0.92 -0.02 16.05 -11.87 52.47
-0.05 -0.92 0.03 16.50 -16.33 52.56
-0.02 -0.98 0.01 22.18 -15.18 54.05
-0.04 -0.96 0.01 23.56 -15.15 51.88
-0.05 -0.94 0.02 22.47 -13.62 51.79
-0.05 -0.95 0.01 20.58 -10.30 52.17
-0.08 -0.93 0.03 14.12 -11.76 42.01
-0.05 -0.90 0.01 4.81 -11.40 32.34
-0.04 -0.93 0.01 -0.39 -8.44 27.31
-0.07 -0.90 0.03 -4.73 -6.71 21.74
-0.06 -0.91 0.02 -7.96 -5.35 17.56
-0.05 -0.96 0.03 -8.73 -2.64 15.04
-0.07 -0.96 0.04 -7.83 -1.05 12.69
-0.09 -0.93 0.05 -8.29 -1.12 9.53
-0.05 -0.89 0.03 -10.21 0.31 7.75
-0.05 -0.93 0.04 -11.05 2.07 3.36
-0.04 -0.92 0.03 -13.58 5.13 -0.99
-0.06 -0.93 0.04 -17.32 6.89 -5.04
-0.09 -0.93 0.06 -19.98 6.99 -8.50
-0.11 -0.95 0.07 -18.63 6.56 -8.58
-0.11 -0.97 0.08 -13.90 6.77 -6.44
-0.13 -0.97 0.09 -11.16 4.91 -6.92
-0.10 -0.97 0.07 -10.31 3.86 -9.08
-0.09 -0.93 0.05 -11.15 4.38 -9.58
-0.09 -0.92 0.03 -12.54 5.39 -9.92
-0.07 -0.93 0.03 -14.97 6.21 -11.75
-0.08 -0.93 0.02 -19.51 6.97 -15.59
-0.05 -0.92 0.00 -24.81 7.13 -21.98
-0.04 -0.96 -0.01 -29.93 8.37 -27.96
-0.06 -0.99 -0.01 -32.00 9.53 -32.29
-0.06 -1.00 0.00 -29.41 11.45 -29.81
-0.09 -1.02 0.02 -22.15 11.87 -24.15
-0.09 -1.01 0.02 -17.57 10.90 -20.56
-0.07 -0.97 0.00 -16.39 10.44 -17.45
-0.09 -0.98 0.00 -14.88 9.25 -15.66
-0.10 -0.97 0.01 -14.08 7.08 -14.11
-0.08 -0.98 0.01 -13.58 4.71 -13.53
-0.04 -0.96 -0.02 -14.23 5.94 -12.32
-0.01 -0.94 -0.03 -18.25 7.87 -14.06
-0.01 -0.95 -0.03 -22.41 10.18 -16.22
-0.03 -0.96 -0.03 -23.24 11.76 -15.45
-0.06 -0.97 0.01 -22.15 10.30 -13.90
-0.08 -1.01 0.04 -18.09 7.08 -11.20
-0.07 -1.03 0.02 -10.87 5.62 -6.57
-0.07 -1.00 0.02 -6.12 3.91 -2.06
-0.06 -1.01 0.02 -3.44 2.42 -0.36
-0.04 -1.00 0.00 -3.62 1.50 -1.60
-0.02 -1.00 -0.02 -6.61 2.72 -4.28
-0.01 -1.01 -0.02 -9.85 4.41 -7.05
-0.01 -1.02 -0.01 -11.22 5.50 -9.99
-0.02 -1.02 -0.01 -11.89 5.40 -11.98
-0.02 -1.02 -0.02 -10.79 5.69 -12.05
-0.04 -1.01 -0.01 -8.63 4.98 -9.88
-0.07 -0.98 0.00 -6.24 3.31 -6.64
-0.06 -0.98 -0.00 -3.97 1.60 -3.02
-0.04 -0.99 -0.02 -1.95 0.90 -0.39
-0.05 -0.97 -0.03 -2.75 0.53 0.92
-0.03 -0.98 -0.02 -4.53 0.12 0.99
-0.01 -1.01 -0.03 -4.96 0.07 -0.28
-0.01 -1.01 -0.04 -5.06 1.15 -2.05
-0.02 -1.01 -0.04 -5.97 1.66 -3.98
-0.01 -1.00 -0.05 -6.68 2.84 -5.96
-0.02 -1.00 -0.03 -7.47 2.92 -6.74
