0.16 -1.01 0.04 -0.56 0.93 0.40
0.17 -1.00 0.02 -0.45 1.65 -0.33
0.17 -1.00 0.03 -0.86 2.10 -1.35
0.16 -0.99 0.03 -1.44 2.32 -2.82
0.16 -0.97 0.03 -1.97 1.82 -3.63
0.16 -0.96 0.03 -2.79 1.56 -3.02
0.16 -0.94 0.04 -3.11 1.92 -0.94
0.16 -0.96 0.04 -2.58 2.03 0.92
0.16 -0.97 0.03 -1.85 1.88 0.56
0.16 -0.97 0.04 -1.55 1.74 0.73
0.16 -0.98 0.03 -1.41 1.67 -0.17
0.16 -0.99 0.03 -0.46 2.01 -0.16
0.16 -0.97 0.03 -0.15 2.60 -0.42
0.15 -0.97 0.04 -0.94 2.31 -0.48
0.16 -0.97 0.03 -1.49 1.92 -0.13
0.16 -0.98 0.04 -0.66 2.01 0.37
0.15 -0.99 0.05 0.41 1.60 0.79
0.16 -0.97 0.04 0.18 1.86 0.46
0.16 -0.96 0.03 -0.09 2.14 -0.09
0.16 -0.96 0.04 -0.53 2.14 -0.93
0.16 -0.97 0.03 -1.03 1.97 -1.14
0.16 -0.97 0.04 -0.45 1.90 -0.47
0.15 -0.95 0.04 -0.91 1.48 0.49
0.15 -0.96 0.06 -1.51 1.10 1.13
0.16 -0.96 0.04 -1.60 0.82 1.60
0.16 -0.97 0.05 -0.95 1.18 1.56
0.16 -0.98 0.04 -0.94 1.25 1.04
0.16 -0.98 0.04 -0.56 1.63 1.31
0.16 -0.98 0.04 -0.09 1.41 1.62
0.16 -0.98 0.03 0.34 1.71 1.77
0.17 -0.98 0.03 0.27 1.77 1.66
0.16 -0.97 0.04 -1.32 1.53 0.05
0.16 -0.96 0.03 -3.66 1.08 -0.34
0.17 -0.97 0.05 -3.26 1.03 0.32
0.17 -0.99 0.04 -2.33 0.86 1.08
0.17 -0.98 0.04 -1.69 0.82 0.85
0.17 -0.98 0.03 -1.47 0.94 0.83
0.16 -0.98 0.04 -1.15 1.39 0.72
0.16 -0.98 0.04 -1.50 1.37 0.75
0.17 -1.00 0.04 -0.40 1.52 0.81
0.17 -0.99 0.03 -1.09 1.97 -0.59
0.17 -0.99 0.03 -2.01 2.24 -2.25
0.16 -0.99 0.04 -1.23 2.24 -2.86
0.15 -0.96 0.04 -1.63 1.95 -2.37
0.15 -0.96 0.04 -2.56 1.79 -1.25
0.15 -0.96 0.04 -2.47 1.79 0.47
0.15 -0.97 0.05 -1.41 1.73 1.60
0.16 -0.97 0.04 -1.13 1.44 2.08
0.16 -0.96 0.04 -1.31 1.18 0.95
0.16 -0.97 0.05 -2.90 1.18 -0.85
0.16 -0.98 0.04 -3.89 1.23 -2.31
0.16 -0.97 0.03 -3.57 1.37 -1.93
0.15 -0.97 0.04 -2.89 0.89 -0.83
0.16 -0.97 0.03 -1.39 0.95 0.87
0.15 -0.96 0.04 -0.76 0.69 1.22
0.15 -0.95 0.04 -1.65 0.71 1.77
0.17 -0.96 0.04 -2.89 0.78 1.47
0.17 -0.97 0.03 -3.68 1.08 0.53
0.18 -0.99 0.02 -3.40 1.63 -0.07
0.16 -0.98 0.03 -2.99 2.03 -0.42
0.15 -0.99 0.04 -2.95 1.79 -0.24
0.16 -0.98 0.02 -1.71 1.58 0.29
0.16 -0.96 0.04 -2.03 1.37 0.65
0.16 -0.98 0.03 -2.81 1.40 0.73
0.16 -1.00 0.03 -2.17 1.83 1.39
0.16 -0.98 0.04 -0.98 1.70 1.24
0.17 -0.99 0.03 -1.02 1.63 0.78
0.18 -0.98 0.03 -0.46 1.99 -0.21
0.17 -0.97 0.04 -0.92 2.19 -1.29
0.17 -0.96 0.05 -2.57 2.03 -1.48
0.17 -0.96 0.03 -3.01 1.97 -1.38
0.16 -0.96 0.04 -3.38 1.92 -0.46
0.15 -0.97 0.04 -2.63 1.66 0.66
0.17 -0.98 0.03 -1.32 1.83 1.46
0.17 -0.98 0.03 -0.47 2.04 1.64
0.17 -0.97 0.03 -0.47 1.95 0.96
0.17 -0.98 0.03 -1.11 2.34 0.08
0.16 -0.97 0.04 -2.39 2.54 -0.77
0.15 -0.96 0.05 -1.79 2.32 0.24
0.15 -0.97 0.05 -1.12 1.66 1.38
0.16 -0.97 0.04 -0.92 1.79 1.82
0.15 -0.96 0.05 -1.90 1.29 1.74
0.15 -0.97 0.04 -2.31 0.93 1.58
0.16 -0.98 0.05 -2.39 0.90 0.85
0.15 -0.97 0.05 -2.50 0.33 0.36
0.17 -0.97 0.03 -1.90 0.50 -0.17
0.17 -0.98 0.03 -1.02 1.23 0.35
0.17 -0.97 0.05 -0.60 1.47 0.24
0.17 -0.96 0.04 -0.69 1.53 0.85
0.17 -0.97 0.03 -0.36 1.76 1.47
0.16 -0.97 0.04 0.08 1.62 2.01
0.16 -0.96 0.04 -1.30 1.56 1.89
0.16 -0.96 0.04 -3.25 1.63 1.21
0.17 -0.98 0.04 -3.59 1.42 0.57
0.16 -1.00 0.05 -1.95 1.62 0.57
0.16 -1.00 0.05 -0.98 1.33 0.85
0.15 -0.97 0.05 -1.66 1.39 0.89
0.16 -0.97 0.05 -2.13 0.76 0.80
0.16 -0.99 0.05 -1.43 0.23 1.56
0.16 -0.99 0.05 0.07 0.31 2.15
