0.16 -0.96 0.12 -2.58 1.48 1.45
0.16 -0.97 0.10 -2.21 1.56 1.95
0.16 -0.97 0.11 -1.91 1.37 2.03
0.17 -0.99 0.11 -1.51 1.40 1.63
0.16 -0.98 0.10 -1.31 0.95 1.02
0.18 -0.97 0.09 -2.08 0.99 0.14
0.17 -0.98 0.10 -3.02 1.47 -0.89
0.18 -0.98 0.10 -1.37 1.53 -0.66
0.16 -0.96 0.11 -0.18 1.60 0.18
0.16 -0.95 0.09 -0.58 1.51 0.70
0.16 -0.96 0.10 -0.78 1.62 1.21
0.16 -0.97 0.11 -0.40 1.59 0.95
0.16 -0.97 0.11 -0.41 1.69 0.43
0.15 -0.96 0.09 -0.67 1.65 0.20
0.16 -0.95 0.09 -1.28 1.56 -0.20
0.15 -0.94 0.10 -2.24 1.16 -0.58
0.15 -0.95 0.10 -2.61 1.40 0.40
0.15 -0.96 0.10 -2.06 1.53 1.79
0.16 -0.96 0.11 -1.36 1.02 1.95
0.15 -0.96 0.10 -1.25 0.52 1.66
0.17 -0.97 0.09 -1.28 0.53 1.82
0.16 -0.96 0.09 -2.15 0.63 1.74
0.16 -0.96 0.09 -3.77 0.12 0.82
0.16 -0.99 0.10 -3.60 -0.26 0.37
0.17 -0.99 0.11 -1.30 0.24 0.92
0.16 -0.98 0.09 -0.53 -0.43 0.21
0.15 -0.95 0.08 -0.95 -0.44 0.38
0.17 -0.96 0.08 -1.60 0.12 0.98
0.17 -0.97 0.09 -1.56 0.84 1.30
0.16 -0.96 0.09 -2.44 0.84 0.73
0.17 -0.97 0.08 -2.85 0.96 0.23
0.16 -0.97 0.09 -2.81 1.22 -0.14
0.16 -0.96 0.10 -2.92 0.98 -0.34
0.16 -0.97 0.10 -2.66 1.04 -0.15
0.16 -0.96 0.10 -1.44 1.15 0.43
0.15 -0.97 0.11 -0.84 1.30 1.28
0.15 -0.96 0.10 -1.10 1.18 1.83
0.16 -0.96 0.09 -1.79 0.72 1.28
0.16 -0.97 0.10 -2.67 0.85 0.44
0.17 -0.96 0.10 -3.33 0.93 -0.24
0.16 -0.96 0.10 -2.90 0.84 -0.31
0.15 -0.97 0.11 -2.38 0.82 0.18
0.16 -0.96 0.10 -1.48 0.41 0.89
0.17 -0.96 0.10 -1.54 1.10 1.15
0.16 -0.97 0.09 -1.91 1.05 0.96
0.17 -0.97 0.09 -2.12 1.53 0.41
0.16 -0.97 0.09 -2.35 1.77 -0.20
0.16 -0.97 0.09 -2.67 1.68 -0.47
0.16 -0.96 0.10 -1.95 1.54 -0.35
0.15 -0.96 0.10 -1.47 1.57 0.23
0.15 -0.95 0.10 -1.24 1.24 0.93
0.16 -0.96 0.09 -1.60 1.15 0.93
0.16 -0.96 0.09 -1.80 1.19 0.53
0.16 -0.96 0.10 -2.41 1.02 -0.06
0.15 -0.96 0.11 -2.89 0.89 -0.76
0.15 -0.96 0.10 -3.08 1.15 -0.29
0.15 -0.96 0.10 -2.09 1.10 0.67
0.15 -0.97 0.10 -0.98 0.92 1.36
0.15 -0.96 0.10 -0.66 1.15 1.59
0.16 -0.96 0.09 -1.22 0.66 1.40
0.16 -0.95 0.08 -2.00 1.01 1.04
0.15 -0.95 0.09 -3.48 0.61 0.43
0.16 -0.98 0.09 -3.54 0.47 -0.24
0.16 -0.98 0.09 -2.76 0.55 -0.73
0.15 -0.96 0.08 -2.47 0.75 -0.70
0.15 -0.97 0.10 -2.00 0.55 0.15
0.15 -0.97 0.09 -0.69 1.31 1.11
0.16 -0.95 0.09 -1.16 0.99 1.63
0.16 -0.95 0.08 -2.18 0.60 1.80
0.17 -0.97 0.08 -2.41 1.02 0.24
0.17 -0.98 0.09 -2.69 0.93 -1.04
0.17 -0.97 0.09 -1.98 1.33 -1.18
0.15 -0.96 0.09 -0.82 1.51 -0.03
0.15 -0.94 0.09 -0.72 1.68 0.81
0.16 -0.94 0.09 -1.53 1.82 1.02
0.16 -0.95 0.09 -2.49 2.12 1.11
0.16 -0.96 0.09 -3.15 2.11 0.35
0.15 -0.97 0.10 -3.50 1.69 -0.15
0.15 -0.98 0.12 -2.41 1.89 -0.23
0.14 -0.97 0.11 -1.28 1.66 0.03
0.14 -0.95 0.11 -1.74 1.28 0.61
0.15 -0.95 0.11 -2.32 0.56 1.21
0.16 -0.97 0.10 -1.91 0.82 1.63
0.16 -0.97 0.10 -1.83 0.98 1.36
0.16 -0.97 0.10 -2.44 0.40 0.05
0.16 -0.98 0.09 -1.97 0.46 -0.24
0.16 -0.98 0.09 -0.99 0.78 0.02
0.17 -0.97 0.08 -0.82 0.64 0.14
0.17 -0.96 0.08 -1.04 0.78 0.31
0.17 -0.96 0.07 -1.40 1.19 0.09
0.18 -0.96 0.08 -1.71 1.44 -0.17
0.18 -0.98 0.09 -1.31 1.95 -0.75
0.16 -0.97 0.09 -0.61 2.14 -0.90
0.16 -0.95 0.09 -0.98 2.27 -0.67
0.16 -0.95 0.10 -1.47 1.98 -0.38
0.15 -0.96 0.09 -1.91 1.80 -0.56
0.15 -0.96 0.10 -1.80 1.89 0.09
0.15 -0.97 0.12 -1.39 1.79 0.47
0.15 -0.96 0.11 -0.72 1.95 1.16
0.15 -0.96 0.10 -0.75 1.53 1.15
