-0.05 -1.01 -0.07 -2.03 2.03 0.52
-0.05 -1.01 -0.08 -1.98 1.98 0.53
-0.06 -1.01 -0.08 -2.12 1.77 0.52
-0.06 -1.01 -0.07 -2.38 1.65 0.06
-0.06 -1.02 -0.07 -2.15 1.59 -0.31
-0.06 -1.02 -0.07 -1.65 1.47 -0.50
-0.06 -1.01 -0.08 -1.60 1.34 -0.92
-0.05 -1.00 -0.07 -1.86 1.47 -0.76
-0.05 -1.01 -0.08 -1.16 1.42 -0.08
-0.05 -1.01 -0.08 -1.01 1.76 0.23
-0.05 -1.01 -0.07 -1.42 2.02 0.02
-0.05 -1.00 -0.07 -1.98 1.97 -0.37
-0.05 -1.01 -0.07 -2.09 1.80 -0.50
-0.05 -1.01 -0.07 -2.06 2.05 -0.43
-0.05 -1.01 -0.07 -1.19 2.00 -0.27
-0.05 -1.01 -0.07 -0.69 2.23 0.32
-0.04 -1.00 -0.07 -0.72 2.05 0.31
-0.05 -0.99 -0.06 -1.39 2.40 0.21
-0.05 -1.00 -0.06 -2.08 2.46 0.24
-0.06 -1.00 -0.06 -2.76 2.18 0.09
-0.05 -1.01 -0.05 -3.11 1.71 -0.14
-0.06 -1.02 -0.06 -2.76 1.39 -0.14
-0.05 -1.02 -0.06 -1.77 1.28 0.26
-0.05 -1.01 -0.05 -1.89 1.37 0.15
-0.05 -1.01 -0.06 -2.09 1.19 -0.03
-0.05 -1.01 -0.07 -1.80 1.08 0.29
-0.05 -1.01 -0.07 -2.41 1.31 0.00
-0.05 -1.02 -0.08 -2.60 0.76 -0.21
-0.05 -1.02 -0.08 -2.21 1.18 -0.40
-0.05 -1.02 -0.08 -2.05 1.30 -0.56
-0.05 -1.01 -0.08 -2.14 1.47 -0.89
-0.04 -1.02 -0.08 -1.66 1.73 -0.41
-0.04 -1.02 -0.08 -0.98 1.73 0.17
-0.04 -1.00 -0.07 -0.96 2.15 0.26
-0.04 -1.00 -0.08 -1.19 2.41 0.47
-0.05 -1.00 -0.07 -1.45 2.66 0.55
-0.05 -1.00 -0.07 -2.03 2.67 0.67
-0.05 -1.00 -0.06 -2.63 2.58 0.35
-0.06 -1.01 -0.06 -2.63 2.12 0.14
-0.05 -1.00 -0.06 -2.49 2.75 0.49
-0.06 -1.00 -0.06 -2.49 2.15 0.89
-0.05 -1.01 -0.07 -2.60 2.34 1.21
-0.06 -1.01 -0.06 -3.10 1.88 0.76
-0.06 -1.01 -0.05 -3.22 1.68 0.58
-0.06 -1.02 -0.06 -3.30 1.22 0.44
-0.05 -1.03 -0.06 -2.90 0.82 0.05
-0.05 -1.03 -0.07 -1.80 0.81 0.00
-0.05 -1.02 -0.06 -0.89 0.90 0.08
-0.05 -1.01 -0.07 -1.33 0.66 -0.41
-0.05 -1.01 -0.09 -2.27 0.89 -0.79
-0.04 -1.01 -0.09 -2.43 1.34 -0.60
-0.04 -1.01 -0.08 -2.49 1.97 -0.53
-0.05 -1.01 -0.07 -2.52 1.63 -0.56
-0.03 -1.02 -0.08 -1.71 2.03 -0.21
-0.04 -1.01 -0.08 -0.85 2.27 -0.03
-0.04 -0.99 -0.08 -1.11 2.47 0.43
-0.05 -0.99 -0.06 -1.79 2.63 0.76
-0.05 -1.00 -0.06 -2.05 2.56 0.70
-0.05 -1.00 -0.06 -2.60 2.56 0.46
-0.06 -1.01 -0.07 -2.58 2.24 0.47
-0.06 -1.02 -0.05 -2.11 1.79 0.63
-0.06 -1.02 -0.06 -1.98 1.28 0.40
-0.06 -1.01 -0.06 -2.14 1.31 0.23
-0.06 -1.02 -0.06 -1.42 0.89 0.34
-0.05 -1.01 -0.05 -1.44 0.98 0.46
-0.04 -1.01 -0.07 -1.34 1.18 0.40
-0.05 -1.01 -0.07 -1.95 1.54 0.49
-0.05 -1.01 -0.08 -2.32 1.42 0.00
-0.05 -1.01 -0.08 -3.37 1.47 -0.87
-0.06 -1.02 -0.07 -3.15 1.42 -0.95
-0.05 -1.03 -0.07 -2.09 1.15 -0.47
-0.05 -1.02 -0.07 -1.27 1.36 -0.37
-0.06 -1.01 -0.08 -1.11 1.59 -0.21
-0.05 -1.02 -0.08 -0.99 1.47 -0.18
-0.05 -1.01 -0.08 -0.99 1.94 0.09
-0.05 -1.00 -0.08 -1.69 2.29 -0.17
-0.05 -0.99 -0.09 -2.26 2.53 0.03
-0.05 -1.00 -0.07 -2.37 2.50 -0.02
-0.05 -1.01 -0.07 -2.14 2.38 0.09
-0.06 -1.01 -0.06 -1.63 2.40 0.55
-0.05 -1.01 -0.07 -1.22 2.40 0.85
-0.06 -1.01 -0.05 -0.75 1.92 1.33
-0.05 -1.01 -0.06 -0.82 1.68 1.19
-0.05 -1.01 -0.06 -1.45 1.63 0.81
-0.05 -1.01 -0.06 -1.91 1.39 0.50
-0.05 -1.03 -0.06 -1.19 1.34 0.82
-0.08 -1.07 -0.03 2.23 0.06 2.46
-0.04 -1.01 -0.07 2.92 1.51 1.73
-0.04 -0.97 -0.07 -0.93 1.01 0.27
-0.03 -0.99 -0.07 -3.11 1.13 -0.60
-0.04 -1.01 -0.06 -3.22 1.53 -0.37
-0.05 -1.02 -0.06 -1.88 1.34 0.70
-0.06 -1.02 -0.06 -1.21 1.53 0.73
-0.05 -1.00 -0.06 -2.05 1.16 0.21
-0.05 -1.00 -0.06 -3.37 1.15 -0.52
-0.06 -1.01 -0.06 -3.34 1.31 -0.37
-0.04 -1.02 -0.07 -2.34 1.69 0.38
-0.05 -1.02 -0.08 -1.16 2.08 0.93
-0.05 -1.01 -0.06 -0.79 2.15 1.08
-0.05 -1.00 -0.06 -1.89 1.89 0.26
