-0.09 -1.00 -0.10 -4.18 -1.42 0.09
-0.09 -1.01 -0.10 -3.59 -1.44 0.02
-0.08 -1.01 -0.11 -2.93 -1.40 0.26
-0.08 -0.99 -0.11 -2.67 -1.13 0.43
-0.07 -0.99 -0.11 -2.29 -0.61 -0.08
-0.07 -0.99 -0.11 -2.32 -0.21 -0.12
-0.07 -0.98 -0.11 -2.69 0.17 -0.44
-0.08 -0.98 -0.11 -3.04 0.26 -0.67
-0.09 -0.99 -0.11 -3.33 0.32 0.03
-0.09 -0.99 -0.10 -2.82 0.14 -0.11
-0.09 -0.98 -0.11 -2.61 0.12 -0.03
-0.09 -0.97 -0.11 -2.61 -0.24 0.27
-0.09 -0.97 -0.10 -2.89 -0.31 0.09
-0.09 -0.97 -0.10 -3.05 -0.55 -0.15
-0.09 -0.98 -0.09 -2.98 -0.61 -0.18
-0.09 -0.97 -0.10 -2.47 -0.37 -0.32
-0.09 -0.97 -0.10 -2.89 -0.32 0.09
-0.10 -0.95 -0.10 -3.65 -0.47 -0.08
-0.09 -0.96 -0.10 -4.34 -0.63 0.38
-0.10 -0.97 -0.09 -4.73 -0.56 0.63
-0.10 -0.98 -0.10 -5.11 -0.96 0.56
-0.11 -1.00 -0.10 -4.70 -1.34 0.69
-0.10 -1.01 -0.10 -3.42 -1.36 1.08
-0.10 -1.01 -0.09 -1.83 -1.54 1.69
-0.10 -0.99 -0.11 -1.28 -1.65 2.20
-0.09 -0.96 -0.11 -1.48 -1.94 1.98
-0.09 -0.97 -0.11 -2.52 -1.98 1.42
-0.09 -0.97 -0.10 -3.37 -2.05 1.44
-0.09 -0.98 -0.10 -3.77 -2.26 1.69
-0.08 -0.99 -0.10 -3.62 -2.40 1.65
-0.09 -0.99 -0.10 -3.50 -2.52 1.60
-0.08 -0.99 -0.10 -3.36 -2.31 1.28
-0.08 -0.98 -0.11 -3.89 -2.18 0.84
-0.08 -0.98 -0.12 -4.41 -1.85 0.92
-0.08 -0.99 -0.11 -4.58 -1.98 0.69
-0.08 -0.99 -0.12 -4.21 -2.05 0.67
-0.07 -0.98 -0.11 -4.03 -1.91 0.40
-0.07 -0.97 -0.11 -4.61 -1.88 -0.02
-0.07 -0.97 -0.12 -5.42 -1.56 -0.50
-0.07 -0.99 -0.11 -5.73 -1.53 -0.73
-0.07 -1.00 -0.12 -5.04 -0.96 -0.11
-0.07 -1.00 -0.12 -4.47 -0.43 -0.14
-0.07 -1.00 -0.11 -4.20 -0.21 -0.37
-0.06 -1.00 -0.12 -3.92 0.60 -0.15
-0.07 -1.00 -0.11 -3.40 1.02 -0.43
-0.07 -0.99 -0.11 -2.95 1.45 -0.53
-0.09 -0.98 -0.12 -3.25 1.60 -0.93
-0.10 -0.97 -0.10 -4.11 1.24 -0.98
-0.10 -0.98 -0.11 -4.38 1.02 -0.73
-0.11 -0.98 -0.10 -4.40 0.53 0.32
-0.10 -0.99 -0.09 -4.11 0.18 1.31
-0.09 -0.99 -0.09 -3.60 0.34 1.39
-0.08 -1.00 -0.10 -3.83 0.37 0.35
-0.07 -1.00 -0.10 -3.31 0.46 -0.53
-0.08 -0.99 -0.10 -3.10 0.84 -0.60
-0.09 -0.99 -0.09 -3.10 0.66 -0.43
-0.09 -0.98 -0.11 -3.16 0.67 0.55
-0.09 -0.98 -0.11 -3.56 0.44 0.85
-0.09 -1.00 -0.09 -3.19 0.34 0.58
-0.07 -1.00 -0.10 -2.27 0.37 0.49
-0.07 -0.99 -0.10 -2.05 0.64 0.17
-0.08 -0.98 -0.11 -2.35 0.41 -0.63
-0.08 -0.97 -0.11 -2.53 0.89 -0.47
-0.07 -0.97 -0.10 -2.93 1.07 -0.14
-0.08 -0.96 -0.10 -3.51 0.92 -0.12
-0.08 -0.96 -0.10 -4.03 0.79 0.17
-0.08 -0.97 -0.09 -4.44 0.47 0.06
-0.08 -0.98 -0.10 -3.98 0.56 0.34
-0.08 -0.98 -0.11 -3.44 0.72 0.26
-0.08 -0.97 -0.11 -3.48 0.40 0.27
-0.08 -0.97 -0.11 -3.36 0.73 0.64
-0.08 -0.97 -0.11 -3.76 1.04 0.70
-0.08 -0.96 -0.10 -4.35 1.28 0.64
-0.08 -0.96 -0.10 -4.93 0.85 0.46
-0.08 -0.96 -0.09 -5.25 1.28 0.84
-0.09 -0.97 -0.10 -5.28 1.30 1.27
-0.09 -0.98 -0.09 -5.60 1.50 1.16
-0.09 -0.99 -0.10 -5.60 1.15 0.90
-0.10 -0.99 -0.10 -5.18 1.01 0.98
-0.10 -1.00 -0.09 -4.46 0.58 1.59
-0.10 -1.01 -0.10 -2.99 0.09 1.98
-0.09 -1.01 -0.09 -1.79 0.08 2.09
-0.10 -0.98 -0.11 -1.94 -0.27 1.97
-0.09 -0.97 -0.10 -2.93 -0.56 1.83
-0.08 -0.97 -0.10 -3.62 -0.79 2.52
-0.07 -0.97 -0.10 -4.46 -0.98 2.73
-0.06 -0.98 -0.11 -4.82 -0.82 2.34
-0.06 -0.99 -0.09 -5.10 -0.49 1.59
-0.06 -0.99 -0.10 -5.27 -0.23 0.47
-0.06 -1.00 -0.10 -5.04 0.21 0.26
-0.08 -1.00 -0.10 -4.78 0.55 0.00
-0.09 -1.00 -0.11 -4.38 0.31 -0.09
-0.09 -1.00 -0.10 -3.79 0.32 0.52
-0.09 -1.00 -0.10 -3.16 0.37 0.70
-0.09 -0.99 -0.11 -2.90 0.09 0.81
-0.09 -0.99 -0.11 -2.66 0.08 0.70
-0.08 -0.97 -0.10 -3.22 0.09 0.95
-0.07 -0.97 -0.11 -3.95 0.18 0.82
-0.08 -0.97 -0.11 -4.46 0.58 0.46
-0.08 -0.98 -0.11 -4.41 0.63 0.21
