0.12 -0.97 -0.02 1.54 2.19 0.72
0.12 -0.96 -0.03 -1.26 1.79 -0.60
0.12 -0.99 -0.02 -2.62 1.56 -1.44
0.13 -1.02 -0.02 -1.20 1.81 -0.82
0.14 -1.00 -0.02 0.10 2.89 -0.77
0.13 -0.97 -0.01 -1.18 2.95 -2.05
0.12 -0.97 -0.00 -1.66 2.63 -2.82
0.13 -0.97 -0.01 -0.91 2.89 -2.27
0.11 -0.95 -0.01 -0.74 2.03 -0.96
0.13 -0.93 -0.02 -2.90 1.59 -1.15
0.13 -0.93 -0.03 -6.21 1.59 -2.19
0.15 -0.96 -0.04 -7.42 2.21 -2.69
0.13 -0.97 -0.03 -6.84 2.79 -1.18
0.11 -0.99 -0.02 -5.44 2.14 -0.43
0.13 -1.00 -0.03 -4.60 2.55 -0.46
0.13 -0.99 -0.02 -4.15 2.68 -0.76
0.11 -0.99 -0.01 -3.76 1.89 -0.49
0.12 -1.00 -0.02 -2.11 1.77 0.84
0.13 -0.99 -0.03 -0.11 2.44 2.69
0.12 -0.97 -0.02 -0.23 2.30 3.73
0.11 -0.99 -0.01 -0.92 1.40 3.54
0.13 -0.98 -0.02 -1.29 1.10 2.89
0.14 -0.97 -0.02 -2.10 1.08 1.85
0.13 -0.97 -0.03 -2.80 0.88 0.83
0.13 -0.97 -0.02 -3.06 0.28 0.89
0.12 -0.97 -0.04 -3.12 -0.04 1.56
0.14 -0.97 -0.04 -3.99 -0.05 1.40
0.13 -1.00 -0.04 -5.12 0.35 0.82
0.13 -1.03 -0.05 -4.11 0.92 0.80
0.13 -1.01 -0.05 -3.14 1.08 1.11
0.13 -0.99 -0.04 -3.31 0.95 1.30
0.13 -0.99 -0.04 -4.07 0.88 0.68
0.13 -0.99 -0.04 -3.85 0.95 0.67
0.12 -1.00 -0.04 -2.89 0.96 1.33
0.13 -0.98 -0.05 -3.47 1.18 1.08
0.13 -1.00 -0.04 -3.38 1.18 -0.08
0.13 -1.00 -0.03 -2.46 2.11 0.59
0.13 -0.99 -0.04 -2.02 1.66 1.03
0.12 -0.98 -0.04 -3.36 1.86 1.15
0.12 -0.99 -0.03 -3.39 2.16 0.80
0.12 -1.00 -0.03 -3.15 2.42 0.85
0.12 -0.99 -0.03 -2.60 2.18 1.02
0.11 -0.99 -0.02 -2.26 1.76 0.76
0.12 -1.01 -0.03 -0.95 1.37 0.70
0.11 -1.02 -0.03 0.92 1.50 0.73
0.12 -1.00 -0.04 1.15 1.76 0.18
0.12 -0.98 -0.03 0.60 2.00 0.65
0.13 -0.97 -0.04 -0.63 2.37 0.41
0.13 -0.98 -0.04 -2.10 2.95 -0.20
0.13 -0.99 -0.04 -3.17 3.18 -0.93
0.12 -0.99 -0.03 -4.26 3.04 -1.31
0.12 -1.00 -0.02 -3.52 2.51 -0.78
0.12 -1.00 -0.02 -1.98 2.18 -0.37
0.12 -1.00 -0.03 -1.23 1.82 -0.13
0.13 -0.99 -0.03 0.11 1.35 0.20
0.13 -0.98 -0.04 0.53 1.56 0.15
0.13 -0.95 -0.05 -1.85 1.76 -0.72
0.13 -0.96 -0.04 -3.98 1.69 -1.36
0.13 -0.98 -0.02 -3.79 1.47 -0.55
0.12 -0.98 -0.02 -1.83 1.23 2.35
0.13 -0.98 -0.02 -0.44 0.79 3.95
0.14 -0.98 -0.03 -0.86 0.59 2.92
0.15 -0.97 -0.04 -3.91 1.08 0.13
0.13 -0.99 -0.04 -5.67 1.21 -1.95
0.12 -1.00 -0.02 -3.88 1.01 -1.35
0.12 -0.99 -0.04 -1.83 0.87 0.73
0.13 -0.96 -0.04 -3.45 0.73 0.75
0.14 -0.97 -0.04 -5.59 0.70 -0.27
0.13 -1.01 -0.02 -5.58 0.82 -1.14
0.12 -1.03 -0.02 -3.37 0.92 -0.63
0.13 -1.01 -0.03 -1.77 0.97 -0.60
0.14 -0.98 -0.04 -2.67 1.31 -1.70
0.12 -0.96 -0.04 -4.95 1.00 -2.37
0.11 -0.97 -0.04 -5.62 0.55 -1.56
0.13 -0.99 -0.03 -4.24 0.07 -0.21
0.14 -1.00 -0.04 -4.28 0.47 -0.24
0.14 -1.00 -0.05 -4.37 1.02 -1.02
0.13 -0.98 -0.05 -5.15 1.50 -1.59
0.12 -0.98 -0.04 -6.01 0.89 -2.20
0.12 -0.99 -0.03 -5.47 0.89 -1.90
0.12 -1.01 -0.04 -3.81 0.80 -1.48
0.12 -0.99 -0.05 -3.03 0.96 -0.85
0.13 -0.97 -0.04 -4.16 0.71 -0.37
0.12 -0.96 -0.03 -6.34 -0.08 0.02
0.13 -0.98 -0.04 -6.14 -0.53 1.07
0.13 -0.99 -0.04 -6.21 -1.13 1.70
0.13 -1.02 -0.03 -4.70 -1.58 1.60
0.15 -1.04 -0.05 -1.53 -1.31 1.48
0.15 -1.01 -0.05 -0.27 -0.62 0.39
0.14 -0.98 -0.06 -1.60 -0.21 -0.85
0.15 -0.98 -0.06 -2.22 0.09 -1.11
0.12 -0.97 -0.05 -1.29 0.30 0.55
0.14 -0.96 -0.06 -1.29 0.40 2.00
0.16 -0.95 -0.07 -4.82 1.51 0.24
0.15 -0.97 -0.05 -6.27 2.14 -1.13
0.13 -0.99 -0.05 -3.84 2.32 0.83
0.11 -0.99 -0.04 -0.72 2.11 4.18
0.12 -1.00 -0.05 0.19 1.62 5.05
0.15 -1.00 -0.06 -1.66 2.46 2.57
0.14 -1.01 -0.08 -2.24 3.69 0.46
