0.17 -0.95 0.08 -1.13 2.26 0.15
0.17 -0.95 0.09 -2.46 1.66 -0.15
0.16 -0.95 0.10 -2.26 1.44 0.12
0.17 -0.95 0.10 -1.53 1.65 0.79
0.16 -0.95 0.10 -1.60 1.44 1.31
0.16 -0.93 0.10 -2.29 0.87 1.74
0.17 -0.95 0.10 -2.05 0.49 2.72
0.17 -0.96 0.10 -1.65 0.76 2.60
0.18 -0.96 0.08 -2.63 0.32 1.08
0.18 -0.95 0.09 -4.34 -0.03 0.32
0.18 -0.98 0.10 -3.68 0.56 0.24
0.18 -0.98 0.09 -1.51 0.95 0.03
0.17 -0.98 0.10 -0.11 1.19 1.05
0.17 -0.96 0.09 0.53 1.01 2.14
0.17 -0.96 0.09 0.64 1.10 2.73
0.19 -0.96 0.08 -0.23 1.44 2.18
0.19 -0.95 0.08 -2.92 1.47 0.26
0.18 -0.97 0.08 -4.44 1.42 -0.87
0.17 -0.97 0.09 -3.71 1.71 -1.25
0.17 -0.98 0.11 -1.86 1.08 0.09
0.17 -0.96 0.09 -0.31 1.56 1.37
0.16 -0.95 0.10 -0.63 0.95 2.08
0.18 -0.96 0.08 -0.93 0.87 2.14
0.18 -0.95 0.09 -1.31 1.77 2.14
0.17 -0.95 0.08 -2.96 0.96 1.50
0.18 -0.97 0.08 -3.73 0.55 0.89
0.17 -0.97 0.09 -3.42 0.85 0.89
0.17 -0.97 0.09 -2.95 0.90 1.18
0.17 -0.98 0.09 -2.60 0.55 1.36
0.18 -0.99 0.08 -1.85 0.61 0.67
0.19 -0.98 0.09 -1.57 0.69 0.34
0.18 -0.98 0.09 -1.30 0.93 0.14
0.19 -0.97 0.08 -1.04 1.42 0.31
0.18 -0.96 0.08 -1.18 1.86 0.66
0.18 -0.95 0.07 -2.29 1.86 0.20
0.17 -0.96 0.07 -3.69 1.86 -0.15
0.18 -0.98 0.08 -3.01 2.00 -0.27
0.16 -0.99 0.10 -1.18 2.21 -0.38
0.17 -0.96 0.09 -0.72 2.08 0.11
0.18 -0.96 0.08 -0.82 2.18 0.02
0.17 -0.96 0.08 -1.69 2.35 -0.82
0.16 -0.94 0.09 -3.21 2.09 -1.25
0.16 -0.96 0.10 -3.74 1.44 -0.90
0.15 -0.96 0.10 -2.53 1.21 -0.09
0.15 -0.96 0.10 -1.83 1.13 1.02
0.16 -0.96 0.09 -1.18 0.76 1.18
0.17 -0.95 0.08 -0.85 0.85 1.33
0.18 -0.95 0.09 -1.50 1.02 1.05
0.17 -0.94 0.08 -2.53 0.79 0.44
0.16 -0.95 0.08 -3.88 0.64 -0.47
0.16 -0.95 0.10 -4.00 0.58 -0.37
0.17 -0.97 0.09 -2.60 0.47 0.93
0.17 -0.97 0.09 -0.79 1.02 2.47
0.18 -0.96 0.08 0.47 1.36 3.13
0.19 -0.97 0.06 -0.29 0.87 2.14
0.19 -0.95 0.06 -2.40 1.51 0.67
0.18 -0.96 0.07 -4.92 1.45 -1.22
0.19 -0.99 0.09 -4.63 1.45 -1.53
0.17 -0.98 0.09 -2.37 2.26 -0.60
0.16 -0.96 0.08 -1.53 2.12 0.61
0.17 -0.96 0.07 -1.89 1.73 1.15
0.17 -0.98 0.07 -2.18 1.79 1.05
0.18 -0.97 0.08 -2.67 1.68 0.00
0.16 -0.98 0.09 -3.15 1.50 -0.89
0.17 -0.98 0.10 -3.13 1.10 -1.36
0.17 -0.98 0.09 -2.85 1.18 -1.13
0.18 -0.96 0.10 -2.73 1.13 -0.56
0.17 -0.96 0.09 -2.15 1.08 0.46
0.18 -0.96 0.08 -0.84 1.21 1.15
0.18 -0.97 0.09 -0.05 1.83 1.53
0.18 -0.97 0.08 -0.38 2.02 1.02
0.19 -0.98 0.07 -1.31 2.06 -0.11
0.17 -0.97 0.08 -2.55 2.24 -1.42
0.18 -0.98 0.08 -2.06 2.49 -2.27
0.17 -0.96 0.09 -0.85 2.72 -1.28
0.16 -0.95 0.09 0.06 2.96 -0.20
0.15 -0.95 0.09 -0.18 2.56 1.30
0.16 -0.96 0.09 0.03 2.56 2.32
0.18 -0.97 0.09 1.27 2.70 2.40
0.17 -0.97 0.09 1.42 2.50 1.44
0.18 -0.96 0.09 0.93 2.50 0.41
0.18 -0.95 0.08 0.90 2.99 0.27
0.17 -0.95 0.09 1.02 2.87 1.01
0.16 -0.94 0.09 0.98 2.76 1.51
0.16 -0.94 0.10 0.29 2.15 2.41
0.16 -0.95 0.11 0.56 2.41 3.65
0.16 -0.96 0.11 0.53 1.62 3.83
0.17 -0.96 0.09 -0.11 1.57 3.22
0.19 -0.98 0.09 -1.10 0.64 1.71
0.20 -0.99 0.08 -1.40 0.95 0.63
0.19 -0.99 0.08 -0.78 1.53 -0.06
0.18 -0.98 0.07 -0.79 2.35 -0.26
0.19 -0.98 0.07 -1.33 2.38 -1.04
0.18 -0.98 0.08 -0.61 2.66 -0.32
0.18 -0.96 0.09 0.37 3.08 0.75
0.19 -0.94 0.07 0.31 3.53 1.44
0.19 -0.93 0.07 -0.87 3.97 0.87
0.20 -0.93 0.06 -1.57 5.10 1.10
0.18 -0.93 0.09 -2.20 4.31 0.58
0.17 -0.95 0.11 -1.28 3.80 0.72
