-0.08 -1.04 0.05 -22.58 -5.85 -5.66
-0.08 -1.07 0.06 -18.32 -4.43 -5.97
-0.11 -1.07 0.08 -13.63 -4.87 -5.54
-0.12 -1.05 0.08 -9.44 -5.98 -4.00
-0.11 -1.03 0.08 -6.46 -7.71 -1.27
-0.10 -1.01 0.08 -5.24 -11.65 -0.31
-0.03 -0.98 0.05 -6.41 -14.27 0.53
0.03 -0.97 0.04 -10.41 -14.84 0.24
0.10 -1.03 0.03 -15.01 -13.62 0.03
0.14 -1.20 0.07 -12.17 -9.71 0.70
0.14 -1.33 0.09 -2.66 -5.54 3.24
0.11 -1.51 0.15 12.76 -5.24 7.44
0.16 -1.61 0.15 35.07 -4.26 15.36
0.26 -1.53 0.11 51.63 -0.79 19.30
0.35 -1.40 0.06 59.04 5.05 17.50
0.45 -1.32 0.03 59.33 13.34 11.36
0.51 -1.26 0.03 57.19 24.55 6.89
0.50 -1.16 0.08 39.18 36.90 7.71
0.50 -1.40 0.04 48.02 38.12 2.44
0.52 -1.21 0.06 58.05 53.33 9.56
0.53 -1.16 0.05 65.08 64.66 9.95
0.49 -1.11 0.04 68.44 75.60 4.92
0.40 -1.09 0.05 69.48 81.05 -2.60
0.34 -1.09 0.05 71.11 84.40 -9.37
0.35 -1.07 0.02 71.33 86.46 -16.49
0.37 -1.02 -0.01 68.70 92.93 -24.70
0.39 -0.96 -0.03 63.28 101.44 -34.06
0.38 -0.98 -0.06 59.59 115.16 -38.66
0.28 -1.02 -0.05 60.75 127.77 -37.98
0.14 -1.06 0.02 64.40 131.97 -38.20
0.12 -1.08 0.01 70.95 135.63 -36.50
0.09 -1.05 -0.01 77.97 141.22 -33.83
0.06 -0.99 -0.03 81.68 145.56 -35.57
-0.02 -0.91 -0.03 79.76 144.99 -46.06
-0.05 -0.86 -0.03 73.71 141.77 -58.99
-0.07 -0.84 -0.04 66.53 140.72 -66.02
-0.04 -0.81 -0.06 57.11 142.21 -69.33
0.01 -0.84 -0.08 49.71 151.45 -67.33
-0.06 -0.93 -0.05 48.61 162.81 -58.90
-0.20 -0.98 0.00 53.34 168.18 -47.69
-0.28 -0.96 0.03 56.60 164.35 -42.20
-0.28 -0.94 0.02 59.60 162.61 -44.52
-0.31 -0.86 0.01 60.38 161.31 -51.92
-0.35 -0.80 0.00 58.06 156.85 -59.24
-0.41 -0.72 -0.01 54.49 153.63 -64.00
-0.37 -0.62 -0.04 43.60 152.72 -65.85
-0.42 -0.57 -0.03 29.73 148.11 -66.44
-0.46 -0.58 -0.02 14.29 142.87 -70.32
-0.46 -0.68 0.00 2.53 140.58 -66.81
-0.52 -0.83 0.07 0.73 139.11 -57.57
-0.62 -0.97 0.12 9.15 133.85 -48.02
-0.69 -0.97 0.14 20.70 126.56 -43.16
-0.70 -0.85 0.13 26.27 115.80 -44.87
-0.69 -0.73 0.09 24.85 106.43 -50.98
-0.72 -0.66 0.11 16.89 96.49 -55.34
-0.72 -0.64 0.12 8.27 87.07 -53.02
-0.76 -0.64 0.13 -0.17 78.26 -46.44
-0.79 -0.66 0.17 -7.79 66.27 -39.39
-0.82 -0.71 0.20 -10.96 53.56 -30.08
-0.77 -0.75 0.21 -11.07 41.36 -20.55
-0.69 -0.75 0.22 -11.28 32.76 -12.56
-0.66 -0.74 0.22 -13.02 23.80 -9.63
-0.58 -0.75 0.22 -16.34 15.59 -12.21
-0.55 -0.76 0.21 -20.09 8.93 -14.87
-0.53 -0.77 0.21 -23.47 3.16 -14.75
-0.52 -0.82 0.22 -24.53 -1.73 -10.40
-0.50 -0.86 0.23 -22.37 -5.34 -3.21
-0.49 -0.87 0.23 -19.69 -9.66 1.50
-0.50 -0.85 0.23 -19.16 -15.77 2.43
-0.51 -0.83 0.22 -20.98 -21.77 2.52
-0.51 -0.83 0.22 -23.45 -28.50 4.06
-0.50 -0.83 0.23 -26.18 -35.16 8.12
-0.39 -0.84 0.21 -27.86 -36.58 13.89
-0.36 -0.85 0.21 -27.91 -36.26 19.18
-0.36 -0.87 0.23 -27.07 -37.86 23.57
-0.35 -0.87 0.23 -25.60 -39.83 26.15
-0.36 -0.86 0.22 -25.83 -42.81 27.30
-0.36 -0.85 0.21 -27.31 -45.59 28.03
-0.35 -0.89 0.19 -28.76 -47.54 26.75
-0.40 -0.92 0.20 -28.89 -49.98 23.50
-0.48 -0.92 0.19 -28.61 -56.95 20.41
-0.51 -0.89 0.17 -28.89 -63.94 19.86
-0.53 -0.87 0.14 -29.62 -70.40 22.11
-0.52 -0.84 0.14 -30.47 -77.82 27.34
-0.47 -0.83 0.13 -33.11 -84.46 32.03
-0.43 -0.84 0.11 -35.47 -91.11 35.51
-0.33 -0.83 0.09 -39.60 -90.53 37.34
-0.31 -0.85 0.07 -43.22 -90.56 35.94
-0.34 -0.88 0.06 -43.95 -90.78 33.89
-0.40 -0.92 0.07 -41.97 -94.67 30.93
-0.45 -0.92 0.07 -37.40 -98.46 28.41
-0.48 -0.85 0.06 -36.46 -107.16 26.76
-0.41 -0.79 0.03 -41.54 -115.53 25.37
-0.33 -0.79 0.01 -47.39 -119.37 27.07
-0.29 -0.82 -0.01 -51.24 -120.17 30.67
-0.27 -0.85 -0.02 -52.23 -119.16 32.73
-0.28 -0.86 -0.03 -51.80 -117.83 32.35
-0.35 -0.84 -0.02 -52.11 -120.89 29.30
-0.37 -0.81 -0.01 -54.27 -128.75 28.58
-0.25 -0.82 -0.02 -58.37 -135.08 33.65
