-0.04 -1.03 -0.06 -11.88 -4.29 1.31
-0.02 -1.06 -0.08 -10.55 -2.87 0.82
-0.05 -1.07 -0.06 -8.96 -3.34 -1.48
0.00 -1.07 -0.08 -7.71 -3.21 -0.81
-0.01 -1.09 -0.06 -5.30 -1.44 1.36
-0.00 -1.10 -0.06 -2.47 -1.51 2.84
0.04 -1.08 -0.08 -1.08 0.06 3.08
0.05 -1.07 -0.07 -0.34 0.73 2.89
0.10 -1.08 -0.07 0.66 3.27 2.76
0.12 -1.13 -0.08 3.31 6.50 1.59
0.12 -1.15 -0.07 8.21 9.53 1.05
0.14 -1.13 -0.07 11.94 13.95 -0.26
0.13 -1.09 -0.07 14.05 17.60 -2.15
0.12 -1.07 -0.07 15.08 20.61 -4.18
0.10 -1.04 -0.06 15.37 21.59 -4.44
0.08 -1.01 -0.06 14.47 21.76 -5.27
0.08 -0.99 -0.08 12.18 22.12 -4.73
0.10 -0.99 -0.07 9.65 23.54 -3.83
0.12 -1.03 -0.07 9.04 25.92 -3.39
0.13 -1.06 -0.07 10.66 28.49 -3.66
0.14 -1.07 -0.07 12.76 32.29 -5.60
0.14 -1.05 -0.06 14.43 35.82 -8.89
0.10 -1.05 -0.07 15.59 37.30 -13.33
0.09 -1.04 -0.06 16.44 37.44 -16.46
0.11 -1.01 -0.09 15.71 38.79 -18.23
0.09 -1.01 -0.07 14.67 40.26 -18.93
0.09 -1.02 -0.06 14.69 41.34 -18.20
0.09 -1.02 -0.06 16.05 42.93 -16.78
0.12 -1.04 -0.05 17.74 44.50 -15.80
0.14 -1.04 -0.05 19.71 47.02 -13.34
0.14 -1.03 -0.06 20.64 49.04 -12.44
0.17 -1.02 -0.05 20.90 51.86 -13.30
0.18 -1.00 -0.06 19.42 56.08 -16.81
0.18 -0.99 -0.07 17.40 60.23 -22.18
0.12 -1.00 -0.06 16.24 62.90 -27.71
0.09 -1.05 -0.05 17.34 62.79 -29.60
0.09 -1.05 -0.04 19.89 63.37 -28.34
0.12 -1.04 -0.04 22.60 65.21 -24.20
0.12 -1.00 -0.04 23.53 67.95 -19.59
0.11 -0.98 -0.04 22.93 70.27 -16.84
0.10 -0.96 -0.05 20.84 71.65 -16.37
0.09 -0.96 -0.04 19.16 72.21 -18.00
0.11 -0.99 -0.04 18.49 72.67 -19.63
0.15 -1.02 -0.05 19.15 75.11 -19.42
0.17 -1.01 -0.06 20.29 79.68 -18.24
0.14 -1.01 -0.05 20.46 82.60 -19.45
0.16 -1.01 -0.05 21.28 85.42 -18.84
0.18 -1.03 -0.05 23.19 90.14 -16.95
0.18 -1.07 -0.05 27.83 96.00 -12.02
0.17 -1.04 -0.07 33.71 103.73 -8.73
0.11 -0.97 -0.08 36.03 109.66 -8.82
0.06 -0.89 -0.08 33.73 112.56 -13.27
0.01 -0.86 -0.09 28.76 112.49 -18.26
-0.02 -0.85 -0.08 22.99 113.01 -20.82
-0.06 -0.85 -0.07 17.51 113.82 -20.52
-0.11 -0.86 -0.05 13.50 111.48 -20.76
-0.11 -0.94 -0.05 12.14 110.79 -19.79
-0.10 -1.02 -0.03 16.06 111.08 -15.54
-0.08 -1.00 -0.05 21.28 114.67 -8.47
-0.08 -0.99 -0.03 26.81 118.93 -0.96
-0.13 -0.91 -0.04 29.13 122.43 -0.78
-0.22 -0.78 -0.05 22.11 122.03 -10.75
-0.31 -0.77 -0.05 11.19 120.24 -24.99
-0.45 -0.84 -0.00 4.34 110.17 -35.13
-0.49 -0.90 0.02 1.07 101.39 -36.98
-0.55 -0.95 0.06 2.53 92.43 -32.46
-0.60 -0.97 0.09 7.18 81.73 -23.30
-0.60 -0.92 0.09 11.07 71.47 -11.28
-0.56 -0.82 0.08 8.95 63.18 -2.05
-0.55 -0.76 0.09 2.09 54.73 0.61
-0.55 -0.74 0.09 -8.21 47.31 -1.21
-0.59 -0.79 0.12 -17.51 37.69 -7.25
-0.60 -0.89 0.14 -21.56 26.47 -12.78
-0.60 -0.99 0.16 -19.27 16.15 -12.72
-0.59 -1.03 0.15 -13.25 7.39 -8.14
-0.59 -0.97 0.15 -9.60 -1.13 -2.40
-0.55 -0.91 0.13 -10.50 -9.94 1.45
-0.49 -0.90 0.13 -12.98 -16.96 3.40
-0.45 -0.91 0.12 -14.14 -22.96 4.05
-0.41 -0.89 0.12 -15.63 -28.18 4.64
-0.36 -0.90 0.10 -17.28 -32.38 4.92
-0.34 -0.92 0.10 -17.65 -36.69 6.08
-0.31 -0.94 0.10 -16.78 -40.21 8.56
-0.27 -0.93 0.08 -16.56 -43.37 12.26
-0.26 -0.97 0.09 -15.79 -46.55 14.78
-0.23 -1.00 0.09 -13.88 -49.42 15.76
-0.22 -1.01 0.08 -12.00 -51.40 14.08
-0.18 -0.97 0.06 -11.22 -51.76 13.07
-0.21 -0.96 0.05 -11.88 -51.27 12.23
-0.25 -0.94 0.06 -12.87 -53.69 12.31
-0.25 -0.94 0.05 -13.89 -58.18 14.82
-0.20 -0.93 0.03 -15.98 -60.70 21.18
-0.16 -0.96 0.02 -17.56 -61.89 27.71
-0.14 -0.97 0.02 -18.90 -62.41 29.36
-0.15 -1.00 0.03 -19.18 -62.60 25.66
-0.18 -1.02 0.03 -16.84 -62.75 21.11
-0.20 -0.98 0.03 -15.18 -63.59 18.14
-0.27 -0.93 0.03 -15.62 -66.38 15.01
-0.32 -0.91 0.03 -17.37 -72.53 13.83
-0.31 -0.92 0.01 -19.68 -79.24 14.76
