0.17 -0.99 -0.01 0.31 -3.29 -0.21
0.17 -0.97 -0.01 -1.85 -3.24 -1.62
0.17 -0.98 0.00 -4.98 -2.86 -3.40
0.13 -1.02 0.03 -4.55 -3.65 -3.28
0.13 -1.05 0.04 -0.92 -5.37 -1.75
0.13 -1.03 0.04 3.08 -6.95 -1.55
0.16 -0.99 0.02 2.93 -7.68 -3.43
0.19 -0.98 -0.01 2.27 -8.03 -6.08
0.18 -0.96 -0.03 1.69 -8.31 -6.25
0.20 -0.95 -0.08 2.47 -8.56 -4.92
0.22 -0.97 -0.16 2.53 -8.17 -4.34
0.23 -1.00 -0.26 -0.19 -8.59 -7.21
0.28 -1.06 -0.38 -0.98 -7.69 -9.93
0.31 -1.12 -0.54 1.04 -6.66 -9.79
0.39 -1.19 -0.72 6.02 -4.27 -6.05
0.50 -1.29 -0.95 14.32 1.25 -0.23
0.74 -1.34 -1.25 23.24 15.98 4.28
0.91 -1.34 -1.48 24.18 39.77 -0.26
1.07 -1.36 -1.68 17.40 72.80 -14.20
1.17 -1.38 -1.80 10.14 111.97 -32.20
1.07 -1.38 -1.78 11.15 144.31 -48.11
0.99 -1.36 -1.89 6.30 190.20 -59.32
0.62 -1.21 -1.62 5.58 216.10 -67.85
0.56 -1.13 -1.67 2.45 241.40 -68.75
0.26 -1.01 -1.47 1.19 250.13 -63.79
0.13 -0.96 -1.35 -0.39 250.13 -55.60
0.02 -0.93 -1.23 -4.65 250.13 -49.58
-0.09 -0.97 -1.14 -10.66 250.13 -47.13
-0.32 -1.02 -0.89 -18.79 250.13 -49.10
-0.44 -1.15 -0.70 -18.62 250.13 -51.60
-0.45 -1.24 -0.57 -9.89 250.13 -54.57
-0.45 -1.22 -0.46 3.96 250.13 -55.34
-0.49 -1.10 -0.32 13.48 250.13 -56.12
-0.62 -0.94 -0.16 18.70 250.13 -49.69
-0.78 -0.77 0.08 22.74 250.13 -41.79
-1.02 -0.60 0.31 30.15 250.13 -33.55
-1.06 -0.33 0.43 23.04 250.13 -16.22
-1.10 -0.22 0.59 7.37 250.13 -0.90
-1.11 -0.29 0.73 -7.45 249.32 12.68
-1.23 -0.43 0.92 -22.28 237.02 19.10
-1.33 -0.67 1.15 -33.34 221.49 22.69
-1.45 -0.86 1.28 -37.93 197.18 18.84
-1.48 -0.99 1.37 -42.79 169.46 6.52
-1.40 -1.09 1.41 -35.65 146.20 -2.65
-1.40 -1.02 1.47 -34.05 120.26 -9.53
-1.35 -0.95 1.50 -36.16 95.32 -17.65
-1.30 -0.93 1.53 -36.02 64.92 -25.10
-1.14 -0.91 1.49 -22.29 43.42 -15.73
-1.09 -0.86 1.52 -13.24 20.30 -12.88
-1.06 -0.76 1.50 -6.49 -2.14 -8.18
-1.04 -0.64 1.47 -9.48 -30.16 -7.34
-1.03 -0.60 1.40 -17.79 -57.29 -4.42
-0.96 -0.65 1.29 -23.66 -82.69 -1.27
-0.92 -0.73 1.20 -27.38 -105.34 -0.51
-0.90 -0.82 1.13 -30.07 -128.80 -1.18
-0.87 -0.91 1.07 -29.95 -153.37 -3.27
-0.81 -0.99 0.94 -28.01 -171.96 -7.17
-0.50 -1.26 0.55 -4.31 -190.94 -1.34
-0.84 -1.31 0.67 -27.16 -220.18 -22.10
-0.83 -0.94 0.76 -12.01 -232.43 -16.68
-0.74 -1.04 0.41 -13.12 -250.14 -16.02
-0.68 -1.04 0.37 -8.69 -250.14 -2.04
-0.69 -1.25 0.19 -1.78 -250.14 -7.57
-0.69 -1.21 0.09 3.18 -250.14 -11.37
-0.66 -1.25 -0.09 13.99 -250.14 -7.99
-0.62 -1.19 -0.23 25.62 -250.14 -2.96
-0.59 -1.16 -0.39 36.02 -250.14 0.27
-0.44 -1.00 -0.59 37.53 -250.14 4.13
-0.28 -1.00 -0.79 37.79 -250.14 11.38
-0.03 -0.97 -1.01 37.27 -250.14 15.06
0.24 -0.97 -1.18 40.56 -250.14 18.24
0.30 -0.85 -1.08 32.66 -250.14 18.34
0.32 -0.59 -1.10 5.82 -250.14 17.85
0.49 -0.99 -1.34 10.01 -245.77 2.63
0.53 -0.92 -1.31 6.28 -223.04 11.24
0.66 -1.05 -1.36 14.02 -200.95 14.66
0.81 -1.02 -1.40 18.06 -172.43 18.56
0.91 -1.00 -1.38 17.63 -143.44 16.76
0.97 -0.94 -1.31 14.85 -114.87 14.06
0.94 -0.93 -1.21 13.89 -87.92 9.02
0.86 -0.84 -1.10 8.29 -65.01 6.23
0.78 -0.85 -0.99 2.35 -46.39 3.16
0.67 -0.88 -0.86 0.02 -32.66 5.12
0.62 -0.93 -0.78 2.37 -20.54 9.71
0.56 -0.96 -0.69 5.20 -9.74 14.42
0.53 -0.97 -0.62 7.42 1.93 16.14
0.45 -0.96 -0.54 7.45 8.84 17.47
0.28 -1.06 -0.48 4.69 23.84 16.15
0.27 -1.00 -0.33 0.88 23.03 12.52
0.37 -1.05 -0.30 -1.29 30.56 6.05
0.24 -1.13 -0.22 1.41 33.21 2.71
0.19 -1.07 -0.14 4.82 33.00 2.10
0.15 -1.08 -0.08 10.08 30.11 2.55
0.15 -1.02 -0.06 12.51 27.94 3.39
0.17 -0.98 -0.03 12.86 28.09 4.79
0.16 -0.91 -0.01 10.44 25.10 4.53
0.16 -0.85 0.01 1.05 23.57 1.37
0.19 -0.89 0.00 -4.60 22.27 0.76
0.21 -0.95 0.02 -3.11 22.41 4.27
0.20 -0.94 0.04 0.34 21.50 6.66
