0.28 -0.91 0.24 2.56 -1.63 0.60
0.27 -0.85 0.25 -4.99 -3.74 -2.47
0.26 -0.91 0.27 -6.89 -4.24 -0.82
0.24 -0.96 0.32 -3.92 -4.09 2.21
0.22 -0.97 0.35 -0.56 -6.52 2.12
0.23 -0.97 0.34 2.23 -9.18 0.81
0.23 -0.95 0.35 5.04 -10.92 -0.50
0.22 -0.90 0.34 6.43 -13.42 -0.95
0.23 -0.86 0.31 6.92 -16.00 -0.69
0.26 -0.83 0.28 7.10 -17.10 0.69
0.28 -0.83 0.24 6.26 -17.48 1.83
0.30 -0.87 0.21 7.01 -17.71 2.72
0.36 -0.90 0.16 10.37 -16.38 3.63
0.40 -0.84 0.10 5.40 -15.33 0.38
0.46 -0.87 0.02 -0.72 -12.63 -2.75
0.54 -0.94 -0.06 -1.31 -5.69 -0.72
0.61 -1.00 -0.15 1.27 3.63 1.88
0.74 -1.06 -0.29 1.27 14.02 0.78
0.92 -1.11 -0.45 2.55 30.12 -0.79
1.10 -1.12 -0.61 -0.72 52.34 -7.07
1.16 -1.16 -0.71 -6.37 74.18 -21.45
1.14 -1.20 -0.77 -13.31 94.73 -36.81
1.08 -1.29 -0.74 -15.63 113.97 -49.30
1.05 -1.35 -0.74 -12.46 134.00 -59.85
0.95 -1.31 -0.72 -7.28 155.86 -68.34
0.90 -1.26 -0.72 -4.08 178.58 -79.19
0.76 -1.14 -0.67 -7.13 199.40 -92.05
0.50 -1.00 -0.55 -15.92 213.34 -97.19
0.37 -0.85 -0.49 -25.56 224.09 -94.34
0.17 -0.94 -0.33 -20.89 219.36 -89.53
0.12 -0.72 -0.32 -35.65 227.77 -84.15
0.18 -0.68 -0.36 -46.43 232.82 -78.27
-0.03 -0.75 -0.23 -50.23 233.80 -68.55
-0.10 -0.79 -0.15 -49.94 232.53 -52.58
-0.11 -0.94 -0.04 -36.47 223.10 -44.73
-0.22 -0.77 -0.03 -50.24 217.34 -47.59
-0.34 -0.81 0.05 -59.40 199.22 -56.84
-0.27 -0.95 0.08 -71.53 207.40 -49.80
-0.43 -1.01 0.23 -70.03 196.08 -47.10
-0.48 -1.08 0.32 -65.24 184.55 -40.35
-0.53 -1.15 0.41 -49.01 171.15 -29.01
-0.49 -1.08 0.44 -29.56 166.02 -9.89
-0.53 -1.02 0.49 -10.24 162.82 8.78
-0.63 -0.86 0.55 -0.50 152.53 18.31
-0.71 -0.70 0.63 -9.31 133.63 7.76
-0.76 -0.66 0.73 -32.43 104.90 -10.12
-0.71 -0.77 0.77 -36.72 84.35 -13.98
-0.65 -0.88 0.83 -22.00 78.02 4.60
-0.56 -0.90 0.79 4.32 79.13 30.40
-0.56 -0.66 0.75 9.71 80.43 42.81
-0.62 -0.59 0.82 -5.56 58.35 31.97
-0.52 -0.61 0.77 -17.33 36.98 22.35
-0.45 -0.76 0.76 -23.18 24.81 12.31
-0.36 -0.93 0.78 -18.09 23.25 10.87
-0.41 -0.95 0.84 -15.76 17.56 9.66
-0.43 -0.94 0.81 -17.11 7.53 2.87
-0.47 -0.88 0.82 -25.10 -5.02 -4.35
-0.50 -0.89 0.84 -28.14 -18.52 -7.89
-0.50 -0.96 0.87 -21.39 -30.87 -5.24
-0.48 -0.99 0.89 -8.09 -41.08 1.31
-0.46 -0.92 0.84 -6.06 -55.01 4.00
-0.42 -0.93 0.78 -3.39 -69.16 2.02
-0.38 -0.90 0.74 -3.54 -80.64 1.94
-0.38 -0.88 0.70 -3.19 -93.21 7.28
-0.34 -0.87 0.64 -10.90 -106.20 9.94
-0.46 -0.88 0.64 -10.55 -126.38 6.56
-0.17 -0.90 0.49 -19.44 -132.02 7.08
-0.17 -1.04 0.52 -10.15 -134.38 11.95
-0.19 -1.11 0.47 -1.85 -136.55 14.02
-0.19 -1.09 0.43 4.85 -140.84 13.82
-0.19 -1.02 0.38 6.69 -147.39 17.50
-0.19 -1.00 0.36 6.38 -154.63 20.78
-0.19 -1.03 0.28 9.60 -161.15 22.95
-0.18 -1.03 0.22 10.89 -169.31 26.21
-0.09 -1.05 0.16 13.56 -174.17 27.25
-0.04 -1.06 0.13 15.08 -179.16 24.85
0.04 -1.08 0.05 19.65 -181.63 20.06
0.01 -1.08 0.06 29.62 -183.34 21.04
0.00 -1.08 0.03 34.67 -185.59 22.78
-0.01 -1.10 0.02 40.87 -191.05 26.82
0.06 -1.03 -0.07 42.82 -193.37 29.69
0.19 -0.97 -0.17 41.44 -189.30 33.13
0.24 -0.93 -0.21 37.08 -184.49 32.37
0.27 -0.94 -0.20 29.27 -179.74 28.46
0.27 -0.86 -0.20 18.81 -166.61 26.99
0.26 -0.95 -0.16 17.01 -161.98 20.96
0.16 -0.91 -0.09 15.16 -159.89 22.31
0.15 -0.97 -0.12 21.15 -159.59 27.01
0.15 -0.95 -0.14 25.31 -160.70 32.82
0.26 -1.03 -0.23 32.95 -157.60 39.34
0.40 -1.01 -0.28 38.29 -150.18 44.32
0.55 -0.98 -0.35 41.69 -135.85 45.97
0.57 -0.93 -0.34 39.53 -122.02 42.66
0.56 -0.83 -0.33 33.04 -110.96 36.98
0.55 -0.83 -0.32 26.84 -100.84 34.58
0.56 -0.83 -0.33 21.95 -89.05 35.68
0.53 -0.83 -0.29 16.78 -80.35 36.38
0.57 -0.90 -0.29 13.01 -72.64 34.15
0.65 -0.92 -0.30 9.94 -61.51 29.71
0.66 -0.93 -0.29 7.98 -48.49 25.42
