-0.31 -0.98 0.18 1.34 -22.24 -5.31
-0.33 -0.93 0.18 0.32 -25.07 -5.65
-0.35 -0.90 0.15 -2.90 -28.06 -6.32
-0.34 -0.89 0.09 -7.94 -29.42 -7.01
-0.33 -0.91 0.04 -10.85 -29.83 -6.08
-0.34 -0.94 -0.08 -10.50 -29.16 -3.40
-0.28 -0.98 -0.27 -11.62 -23.95 -2.90
-0.15 -1.09 -0.55 -12.70 -12.23 -5.59
0.01 -1.24 -0.94 -7.85 13.88 -5.85
0.18 -1.41 -1.34 -3.39 46.84 -6.73
0.26 -1.54 -1.70 8.21 88.66 -7.92
0.41 -1.60 -1.95 33.53 141.33 10.34
0.35 -1.64 -2.14 70.11 191.92 27.85
0.30 -1.48 -2.24 100.47 238.34 35.94
0.19 -1.40 -2.33 124.09 282.03 36.29
0.10 -1.35 -2.45 148.31 319.62 29.65
0.12 -1.26 -2.65 167.22 368.63 14.73
0.02 -1.18 -2.83 183.28 423.31 -12.06
-0.02 -1.11 -3.07 190.82 498.75 -39.28
-0.43 -0.99 -3.20 210.69 500.26 -58.34
-0.86 -0.53 -3.28 213.04 500.26 -68.63
-1.21 -0.17 -3.27 197.53 500.26 -68.56
-1.47 -0.05 -3.20 182.00 500.26 -61.77
-1.83 0.05 -2.96 182.49 500.26 -43.92
-2.30 0.25 -2.62 181.10 500.26 -9.08
-2.85 0.42 -2.22 181.82 500.26 28.53
-3.37 0.54 -1.64 179.21 500.26 66.21
-3.99 0.32 -0.60 185.57 500.26 93.71
-4.00 -0.10 0.28 202.96 500.26 114.26
-3.73 -0.40 0.61 230.98 426.61 111.57
-3.15 -0.20 0.69 231.30 364.05 76.24
-2.70 -0.21 0.52 219.30 323.22 30.53
-2.47 -0.04 0.53 203.63 290.92 -3.48
-2.40 0.17 0.64 186.12 254.84 -8.66
-2.30 0.28 0.88 162.64 208.89 2.89
-2.24 0.10 1.02 152.89 164.49 28.06
-1.98 0.01 1.12 153.27 137.31 61.11
-1.91 -0.00 1.23 138.21 101.47 74.67
-1.85 -0.07 1.28 107.01 58.14 58.03
-1.81 -0.04 1.30 66.84 6.78 14.90
-1.69 -0.14 1.28 22.56 -24.37 -28.66
-1.57 -0.29 1.22 -6.50 -47.01 -56.23
-1.49 -0.38 1.17 -17.53 -55.37 -58.60
-1.49 -0.44 1.12 -9.54 -63.31 -36.52
-1.45 -0.39 1.08 -2.89 -72.87 -7.11
-1.44 -0.37 1.03 -4.09 -81.48 12.03
-1.49 -0.30 1.04 -15.36 -94.50 13.15
-1.72 -0.25 1.09 -36.93 -121.47 -2.84
-1.95 -0.19 1.20 -62.63 -156.70 -24.98
-2.23 -0.14 1.23 -86.78 -207.02 -43.45
-2.34 -0.02 1.12 -107.71 -258.03 -50.60
-2.34 0.16 0.88 -131.28 -305.91 -50.12
-2.37 0.30 0.64 -161.42 -349.24 -50.69
-2.30 0.30 0.44 -192.69 -384.09 -52.37
-2.28 0.25 0.27 -221.74 -411.33 -62.14
-2.52 0.16 0.17 -237.97 -451.53 -71.57
-2.67 0.23 -0.02 -248.49 -492.60 -75.89
-2.98 0.26 -0.21 -256.89 -500.27 -67.74
-2.97 0.24 -0.54 -252.56 -500.27 -43.59
-2.95 0.17 -0.98 -236.23 -500.27 -17.62
-2.98 0.11 -1.32 -217.15 -500.27 18.26
-2.93 0.09 -1.69 -206.21 -500.27 49.01
-2.75 0.07 -2.14 -208.99 -500.27 70.32
-2.48 -0.03 -2.58 -223.11 -500.27 84.31
-2.16 -0.15 -2.97 -245.65 -500.27 78.29
-1.81 -0.38 -3.27 -267.16 -500.27 68.12
-1.29 -0.80 -3.54 -275.16 -500.27 58.15
-0.43 -1.41 -3.77 -252.06 -500.27 36.82
0.42 -1.97 -3.79 -200.64 -434.38 35.53
0.53 -2.31 -3.45 -120.43 -325.31 23.31
0.36 -2.06 -3.04 -50.61 -249.83 17.59
0.19 -1.66 -2.65 -13.07 -201.40 22.60
0.21 -1.50 -2.37 4.98 -169.18 24.95
0.44 -1.47 -2.18 11.57 -133.19 18.18
0.66 -1.49 -2.03 14.35 -84.67 4.90
0.69 -1.43 -1.79 18.05 -35.63 -7.34
0.57 -1.29 -1.49 20.06 7.27 -12.76
0.35 -1.17 -1.15 17.01 40.06 -17.04
0.09 -1.14 -0.81 11.08 59.57 -22.53
-0.14 -1.13 -0.47 2.76 67.80 -33.44
-0.26 -1.18 -0.19 -1.97 67.77 -45.65
-0.34 -1.19 0.02 2.69 66.37 -51.27
-0.41 -1.10 0.17 12.89 61.73 -50.63
-0.51 -0.83 0.29 15.02 51.59 -45.28
-0.50 -0.71 0.38 10.05 41.04 -37.50
-0.43 -0.62 0.39 1.54 32.40 -33.39
-0.41 -0.63 0.37 -6.18 24.90 -28.93
-0.39 -0.67 0.36 -9.42 17.50 -22.20
-0.34 -0.74 0.32 -6.69 10.21 -14.49
-0.31 -0.80 0.26 -0.49 3.11 -7.85
-0.25 -0.84 0.19 4.95 -3.02 -4.92
-0.21 -0.88 0.12 8.66 -5.76 -4.64
-0.16 -0.87 0.06 9.33 -5.68 -4.58
-0.16 -0.96 0.03 13.62 -6.17 -4.90
-0.15 -0.95 0.00 15.27 -4.85 -5.82
-0.19 -0.94 -0.01 16.24 -9.47 -16.37
-0.21 -0.95 0.02 15.07 -1.85 -2.26
-0.23 -0.98 0.03 16.00 -2.87 0.75
-0.23 -1.00 0.02 17.33 -2.14 2.76
-0.24 -1.01 0.03 16.06 -2.18 3.94
