0.12 -1.00 0.10 -10.50 21.48 10.63
0.18 -0.99 -0.01 -11.35 21.63 9.70
0.18 -0.99 -0.01 -11.35 21.63 9.70
0.18 -0.99 -0.01 -11.35 21.63 9.70
0.18 -0.99 -0.01 -11.35 21.63 9.70
0.18 -0.99 -0.01 -11.35 21.63 9.70
0.18 -0.99 -0.01 -11.35 21.63 9.70
0.18 -0.99 -0.01 -11.35 21.63 9.70
0.18 -0.99 -0.01 -11.35 21.63 9.70
0.18 -0.99 -0.01 -11.35 21.63 9.70
0.18 -0.99 -0.01 -11.35 21.63 9.70
0.18 -0.99 -0.01 -11.35 21.63 9.70
0.18 -0.99 -0.01 -11.35 21.63 9.70
0.18 -0.99 -0.01 -11.35 21.63 9.70
0.18 -0.99 -0.01 -11.35 21.63 9.70
0.18 -0.99 -0.01 -11.35 21.63 9.70
0.18 -0.99 -0.01 -11.35 21.63 9.70
0.18 -0.99 -0.01 -11.35 21.63 9.70
0.18 -0.99 -0.01 -11.35 21.63 9.70
0.18 -0.99 -0.01 -11.35 21.63 9.70
0.18 -0.99 -0.01 -11.35 21.63 9.70
0.18 -0.99 -0.01 -11.35 21.63 9.70
0.18 -0.99 -0.01 -11.35 21.63 9.70
0.18 -0.99 -0.01 -11.35 21.63 9.70
0.18 -0.99 -0.01 -11.35 21.63 9.70
0.18 -0.99 -0.01 -11.35 21.63 9.70
0.18 -0.99 -0.01 -11.35 21.63 9.70
0.18 -0.99 -0.01 -11.35 21.63 9.70
0.18 -0.99 -0.01 -11.35 21.63 9.70
0.18 -0.99 -0.01 -11.35 21.63 9.70
0.18 -0.99 -0.01 -11.35 21.63 9.70
0.18 -0.99 -0.01 -11.35 21.63 9.70
0.18 -0.99 -0.01 -11.35 21.63 9.70
0.18 -0.99 -0.01 -11.35 21.63 9.70
0.18 -0.99 -0.01 -11.35 21.63 9.70
0.18 -0.99 -0.01 -11.35 21.63 9.70
0.18 -0.99 -0.01 -11.35 21.63 9.70
0.18 -0.99 -0.01 -11.35 21.63 9.70
0.18 -0.99 -0.01 -11.35 21.63 9.70
0.18 -0.99 -0.01 -11.35 21.63 9.70
0.18 -0.99 -0.01 -11.35 21.63 9.70
0.18 -0.99 -0.01 -11.35 21.63 9.70
0.18 -0.99 -0.01 -11.35 21.63 9.70
0.18 -0.99 -0.01 -11.35 21.63 9.70
0.18 -0.99 -0.01 -11.35 21.63 9.70
0.18 -0.99 -0.01 -11.35 21.63 9.70
0.18 -0.99 -0.01 -11.35 21.63 9.70
0.18 -0.99 -0.01 -11.35 21.63 9.70
0.18 -0.99 -0.01 -11.35 21.63 9.70
0.18 -0.99 -0.01 -11.35 21.63 9.70
0.18 -0.99 -0.01 -11.35 21.63 9.70
0.18 -0.99 -0.01 -11.35 21.63 9.70
0.18 -0.99 -0.01 -11.35 21.63 9.70
0.18 -0.99 -0.01 -11.35 21.63 9.70
0.18 -0.99 -0.01 -11.35 21.63 9.70
0.18 -0.99 -0.01 -11.35 21.63 9.70
0.18 -0.99 -0.01 -11.35 21.63 9.70
0.18 -0.99 -0.01 -11.35 21.63 9.70
0.18 -0.99 -0.01 -11.35 21.63 9.70
0.18 -0.99 -0.01 -11.35 21.63 9.70
0.18 -0.99 -0.01 -11.35 21.63 9.70
0.18 -0.99 -0.01 -11.35 21.63 9.70
0.18 -0.99 -0.01 -11.35 21.63 9.70
0.18 -0.99 -0.01 -11.35 21.63 9.70
0.18 -0.99 -0.01 -11.35 21.63 9.70
0.18 -0.99 -0.01 -11.35 21.63 9.70
0.18 -0.99 -0.01 -11.35 21.63 9.70
0.18 -0.99 -0.01 -11.35 21.63 9.70
0.18 -0.99 -0.01 -11.35 21.63 9.70
0.18 -0.99 -0.01 -11.35 21.63 9.70
0.18 -0.99 -0.01 -11.35 21.63 9.70
0.18 -0.99 -0.01 -11.35 21.63 9.70
0.18 -0.99 -0.01 -11.35 21.63 9.70
0.18 -0.99 -0.01 -11.35 21.63 9.70
0.18 -0.99 -0.01 -11.35 21.63 9.70
0.18 -0.99 -0.01 -11.35 21.63 9.70
0.18 -0.99 -0.01 -11.35 21.63 9.70
0.18 -0.99 -0.01 -11.35 21.63 9.70
0.18 -0.99 -0.01 -11.35 21.63 9.70
0.18 -0.99 -0.01 -11.35 21.63 9.70
0.18 -0.99 -0.01 -11.35 21.63 9.70
0.18 -0.99 -0.01 -11.35 21.63 9.70
0.18 -0.99 -0.01 -11.35 21.63 9.70
0.18 -0.99 -0.01 -11.35 21.63 9.70
0.18 -0.99 -0.01 -11.35 21.63 9.70
0.18 -0.99 -0.01 -11.35 21.63 9.70
0.18 -0.99 -0.01 -11.35 21.63 9.70
0.18 -0.99 -0.01 -11.35 21.63 9.70
0.18 -0.99 -0.01 -11.35 21.63 9.70
0.18 -0.99 -0.01 -11.35 21.63 9.70
0.18 -0.99 -0.01 -11.35 21.63 9.70
0.18 -0.99 -0.01 -11.35 21.63 9.70
0.18 -0.99 -0.01 -11.35 21.63 9.70
0.18 -0.99 -0.01 -11.35 21.63 9.70
0.18 -0.99 -0.01 -11.35 21.63 9.70
0.18 -0.99 -0.01 -11.35 21.63 9.70
0.18 -0.99 -0.01 -11.35 21.63 9.70
0.18 -0.99 -0.01 -11.35 21.63 9.70
0.18 -0.99 -0.01 -11.35 21.63 9.70
0.18 -0.99 -0.01 -11.35 21.63 9.70
