-0.32 -0.95 0.09 -5.76 1.89 -1.92
-0.34 -0.94 0.11 -7.54 0.96 -4.50
-0.37 -0.92 0.13 -10.09 -1.36 -5.56
-0.38 -0.93 0.14 -11.16 -4.02 -4.37
-0.39 -0.97 0.15 -9.74 -6.67 -3.51
-0.40 -0.96 0.17 -8.67 -9.56 -4.12
-0.40 -0.97 0.17 -6.98 -12.47 -4.12
-0.40 -0.98 0.18 -4.99 -14.90 -3.85
-0.40 -0.95 0.16 -4.78 -16.49 -4.60
-0.42 -0.93 0.15 -6.27 -19.40 -5.91
-0.44 -0.93 0.09 -8.98 -22.12 -8.11
-0.41 -0.97 -0.01 -9.59 -20.63 -8.53
-0.38 -0.99 -0.11 -8.53 -16.35 -9.77
-0.43 -0.97 -0.23 -11.42 -14.37 -12.64
-0.31 -1.03 -0.50 -20.70 -6.09 -18.34
-0.18 -1.28 -0.91 -33.68 4.37 -28.78
0.32 -1.71 -1.54 -52.85 39.85 -59.05
0.71 -2.41 -1.97 -45.24 102.90 -96.26
0.58 -2.66 -2.24 10.09 163.65 -121.82
0.51 -2.42 -2.44 75.60 209.97 -119.31
0.52 -2.00 -2.61 133.88 250.50 -108.79
0.68 -1.49 -2.87 168.63 301.05 -100.40
0.68 -1.03 -2.99 180.99 362.40 -100.56
0.78 -0.56 -3.14 167.91 446.50 -96.99
0.30 -0.32 -3.06 142.96 500.26 -92.66
-0.02 -0.19 -3.11 114.98 500.26 -78.79
-0.51 -0.13 -2.97 97.22 500.26 -64.44
-0.86 -0.03 -3.02 78.43 500.26 -46.14
-1.37 -0.16 -3.09 63.42 500.26 -22.21
-2.73 -0.27 -2.21 68.46 500.26 -5.04
-3.25 -0.53 -1.39 74.69 500.26 24.63
-3.09 -0.96 -1.01 115.18 500.26 57.28
-2.90 -1.25 -0.85 178.50 500.26 80.14
-2.71 -1.11 -0.66 230.75 473.34 79.57
-2.32 -1.43 -0.91 270.96 458.99 77.24
-2.34 -1.34 -0.87 327.19 432.52 48.03
-2.32 -0.61 -0.78 323.15 389.24 3.02
-2.25 -0.54 -0.69 287.48 355.13 -29.97
-2.31 -0.50 -0.41 260.76 304.90 -68.00
-2.19 -0.32 -0.21 233.08 266.49 -70.70
-2.06 -0.34 0.00 222.00 235.02 -56.32
-1.95 -0.25 0.23 220.40 207.56 -38.00
-1.85 -0.14 0.44 217.30 182.56 -24.37
-1.77 0.07 0.60 205.10 156.17 -27.37
-1.70 0.45 0.75 165.80 132.06 -40.23
-1.78 0.63 0.97 107.21 96.06 -58.53
-1.67 0.73 1.14 52.29 61.82 -72.96
-1.63 0.71 1.28 4.32 32.03 -78.15
-1.54 0.60 1.38 -22.82 8.14 -61.54
-1.52 0.46 1.47 -31.73 -10.79 -27.73
-1.53 0.33 1.50 -35.24 -26.92 10.12
-1.60 0.20 1.55 -37.88 -46.31 40.29
-1.67 0.07 1.55 -43.45 -69.60 59.98
-1.66 -0.10 1.51 -50.63 -93.79 64.70
-1.68 -0.28 1.42 -60.61 -121.07 55.02
-1.76 -0.41 1.39 -76.34 -154.20 34.64
-1.78 -0.46 1.32 -91.07 -190.20 17.56
-1.87 -0.46 1.24 -99.83 -230.09 6.02
-2.11 -0.37 1.21 -107.08 -281.19 2.61
-2.30 -0.21 1.12 -116.96 -336.53 9.59
-2.57 0.03 0.99 -137.08 -393.62 21.80
-2.67 0.15 0.82 -161.74 -440.87 41.91
-2.84 0.41 0.58 -197.02 -483.83 53.57
-2.98 0.50 0.27 -237.98 -500.27 68.50
-3.17 0.44 -0.05 -273.94 -500.27 75.07
-3.25 0.32 -0.51 -298.26 -500.27 81.80
-3.30 0.09 -0.96 -300.96 -500.27 98.06
-3.30 -0.09 -1.43 -288.63 -500.27 112.64
-3.17 -0.20 -1.91 -276.21 -500.27 136.32
-3.02 -0.36 -2.33 -268.37 -500.27 145.54
-2.61 -0.39 -2.90 -276.75 -500.27 144.81
-2.15 -0.48 -3.35 -291.40 -500.27 138.12
-1.86 -0.68 -3.58 -300.24 -500.27 135.51
-1.39 -1.07 -3.74 -293.48 -500.27 131.74
-0.68 -1.69 -3.89 -263.77 -500.27 122.11
-0.01 -2.39 -3.81 -202.31 -433.21 94.50
0.14 -2.59 -3.44 -122.98 -344.38 60.61
0.12 -2.30 -3.09 -53.83 -274.92 40.76
0.08 -1.85 -2.77 -7.91 -225.73 40.55
0.18 -1.52 -2.52 16.70 -186.60 46.02
0.43 -1.36 -2.35 20.58 -147.08 40.12
0.58 -1.32 -2.17 11.60 -99.73 24.35
0.60 -1.33 -1.91 -2.46 -52.67 1.59
0.49 -1.34 -1.62 -11.56 -12.12 -17.85
0.33 -1.37 -1.31 -9.24 22.43 -26.78
0.16 -1.37 -1.00 1.39 49.39 -29.04
-0.08 -1.33 -0.67 11.27 64.06 -32.84
-0.33 -1.19 -0.33 12.47 67.65 -38.38
-0.41 -1.14 -0.10 15.21 63.50 -40.81
-0.42 -1.06 0.05 22.06 60.31 -41.79
-0.45 -0.88 0.18 27.36 57.39 -38.81
-0.49 -0.73 0.29 26.50 51.88 -34.05
-0.48 -0.64 0.35 22.34 44.53 -30.63
-0.46 -0.58 0.35 16.18 36.78 -26.52
-0.46 -0.61 0.34 12.38 27.56 -19.40
-0.45 -0.66 0.29 12.47 17.18 -11.27
-0.43 -0.71 0.24 12.11 7.33 -5.66
-0.36 -0.78 0.17 11.97 0.66 -2.40
-0.27 -0.84 0.09 13.25 -0.89 -0.14
-0.22 -0.87 0.02 13.36 0.09 0.17
