-0.30 -0.78 0.12 -17.07 -21.22 2.24
-0.23 -0.78 0.10 -29.02 -25.79 7.40
-0.19 -0.80 0.09 -36.78 -25.21 2.63
-0.09 -0.94 0.11 -40.47 -21.37 -4.78
-0.08 -1.10 0.10 -35.13 -13.91 -9.89
-0.14 -1.19 0.15 -26.40 -9.53 -10.24
-0.17 -1.24 0.13 -16.32 -8.11 -8.03
-0.18 -1.23 0.14 -7.95 -10.55 -5.98
-0.14 -1.24 0.08 -3.83 -14.95 -4.93
-0.04 -1.30 0.11 0.76 -19.97 -2.00
0.22 -1.42 0.07 8.82 -13.80 0.35
0.49 -1.57 0.04 24.34 7.86 2.84
0.57 -1.61 0.02 44.29 36.03 2.64
0.48 -1.52 0.02 59.60 55.25 -2.92
0.41 -1.41 0.01 68.56 66.72 -11.42
0.35 -1.30 -0.00 72.85 74.37 -21.01
0.39 -1.23 -0.04 72.29 80.84 -28.09
0.42 -1.19 -0.08 71.54 92.09 -31.51
0.43 -1.19 -0.05 73.85 103.15 -31.97
0.44 -1.23 -0.07 79.18 119.05 -27.54
0.41 -1.23 -0.09 85.97 135.79 -31.37
0.33 -1.18 -0.11 90.72 151.21 -38.40
0.16 -1.11 -0.11 92.96 158.78 -51.04
0.01 -1.02 -0.11 92.56 159.34 -65.51
-0.05 -0.99 -0.11 89.63 157.82 -76.27
-0.09 -0.99 -0.12 87.16 158.14 -85.76
-0.11 -0.99 -0.11 83.71 161.50 -92.15
-0.16 -1.01 -0.10 81.73 165.69 -94.93
-0.25 -0.99 -0.09 82.23 168.95 -90.03
-0.28 -0.96 -0.08 85.36 171.91 -79.54
-0.25 -0.94 -0.07 89.04 177.24 -65.42
-0.23 -0.90 -0.07 94.17 183.33 -50.47
-0.22 -0.83 -0.07 96.79 187.37 -39.62
-0.21 -0.79 -0.08 96.75 189.56 -32.85
-0.25 -0.71 -0.10 90.98 190.27 -34.52
-0.24 -0.72 -0.12 80.56 188.12 -48.44
-0.26 -0.80 -0.10 71.63 188.95 -66.49
-0.32 -0.90 -0.10 68.21 190.64 -80.66
-0.46 -0.96 -0.07 66.50 188.98 -94.09
-0.53 -1.05 -0.04 68.05 182.63 -101.39
-0.55 -1.09 -0.00 73.28 178.67 -98.37
-0.55 -1.05 -0.00 79.24 176.14 -86.81
-0.50 -0.94 -0.02 82.31 177.94 -72.20
-0.46 -0.83 -0.04 83.05 182.31 -58.21
-0.54 -0.72 -0.01 82.26 182.72 -44.08
-0.60 -0.53 -0.03 71.69 176.56 -43.91
-0.75 -0.48 -0.00 51.42 160.72 -55.10
-0.75 -0.58 0.01 33.39 145.40 -68.00
-0.80 -0.75 0.07 26.43 132.98 -69.21
-0.75 -0.85 0.06 29.24 126.44 -63.73
-0.85 -0.88 0.12 34.73 116.99 -54.76
-0.85 -0.79 0.15 40.18 106.06 -44.69
-0.83 -0.67 0.14 40.05 95.59 -38.76
-0.82 -0.54 0.13 33.83 82.98 -39.04
-0.76 -0.47 0.12 22.18 72.55 -43.04
-0.75 -0.43 0.11 7.30 64.17 -48.23
-0.82 -0.46 0.13 -9.44 53.83 -50.24
-0.89 -0.56 0.17 -19.31 40.95 -43.83
-0.89 -0.68 0.20 -20.56 28.61 -30.56
-0.81 -0.70 0.20 -19.21 20.73 -16.55
-0.78 -0.69 0.19 -20.09 13.11 -8.18
-0.75 -0.67 0.16 -23.30 6.21 -3.80
-0.73 -0.67 0.16 -27.82 -0.47 -1.86
-0.72 -0.69 0.16 -32.29 -6.49 1.01
-0.72 -0.75 0.17 -32.23 -11.94 7.11
-0.76 -0.75 0.17 -30.82 -18.70 14.95
-0.80 -0.74 0.17 -29.77 -29.85 20.34
-0.80 -0.70 0.16 -31.53 -42.55 21.27
-0.76 -0.68 0.13 -36.85 -53.48 20.58
-0.73 -0.68 0.13 -42.84 -62.58 22.73
-0.69 -0.70 0.13 -47.68 -70.85 25.79
-0.59 -0.71 0.09 -51.71 -74.17 29.94
-0.58 -0.73 0.09 -54.34 -75.71 33.76
-0.64 -0.70 0.09 -56.85 -80.00 40.58
-0.68 -0.70 0.08 -59.30 -87.95 44.60
-0.73 -0.68 0.07 -64.52 -98.08 45.73
-0.69 -0.74 0.08 -67.85 -107.73 46.87
-0.69 -0.78 0.04 -68.27 -114.69 49.31
-0.64 -0.77 0.02 -69.95 -121.37 44.96
-0.41 -0.78 -0.06 -73.69 -116.49 36.47
-0.47 -0.82 -0.04 -74.40 -110.64 32.40
-0.61 -0.83 0.01 -74.50 -115.04 35.02
-0.63 -0.84 -0.00 -76.14 -124.00 40.81
-0.58 -0.87 -0.02 -79.48 -132.64 47.91
-0.50 -0.94 -0.06 -79.08 -135.94 56.58
-0.49 -0.97 -0.06 -76.00 -137.59 63.86
-0.53 -0.93 -0.07 -74.50 -141.66 68.50
-0.50 -0.89 -0.12 -75.63 -145.74 65.94
-0.38 -0.86 -0.14 -80.27 -145.92 56.12
-0.37 -0.85 -0.13 -91.05 -148.60 48.66
-0.29 -0.95 -0.12 -95.86 -149.54 48.63
-0.17 -1.04 -0.10 -95.13 -144.72 55.33
-0.11 -1.11 -0.09 -90.02 -134.99 64.63
-0.13 -1.14 -0.07 -79.08 -125.24 71.69
-0.26 -1.07 -0.06 -69.39 -120.00 72.17
-0.45 -0.97 -0.08 -64.27 -124.17 63.73
-0.49 -0.81 -0.08 -74.31 -140.84 46.63
-0.27 -0.85 -0.13 -88.06 -148.32 35.73
-0.13 -0.99 -0.11 -94.85 -146.93 36.38
-0.05 -1.12 -0.08 -91.33 -139.88 45.45
