0.27 -1.13 -1.09 14.29 89.39 -3.36
0.46 -1.05 -1.60 41.94 142.46 8.43
0.52 -0.98 -1.82 47.16 177.08 7.98
0.54 -0.96 -2.01 46.78 216.37 1.39
0.49 -0.91 -2.15 41.92 257.60 -10.35
0.34 -0.81 -2.22 30.70 298.26 -18.85
0.19 -0.76 -2.26 18.23 338.46 -23.25
-0.04 -0.72 -2.21 5.77 373.62 -22.03
-0.18 -0.74 -2.21 -3.15 407.86 -18.35
-0.32 -0.78 -2.21 -5.13 443.36 -13.80
-0.51 -0.79 -2.17 -0.32 471.94 -9.02
-0.84 -0.66 -1.98 -1.88 489.19 -7.10
-1.15 -0.55 -1.69 -16.05 488.12 -2.21
-1.35 -0.60 -1.48 -24.02 479.10 5.30
-1.51 -0.64 -1.18 -25.44 463.63 13.22
-1.52 -0.72 -1.06 -23.86 453.45 22.34
-1.68 -0.69 -0.88 -21.30 439.69 25.80
-1.82 -0.61 -0.65 -30.26 419.45 31.01
-1.77 -0.70 -0.49 -44.46 404.35 38.70
-1.59 -1.03 -0.53 -45.24 410.05 48.89
-1.70 -1.21 -0.42 -29.88 416.92 57.31
-1.88 -1.22 -0.15 -18.06 406.29 62.37
-1.89 -1.25 0.07 -14.82 386.75 67.62
-2.05 -1.40 0.49 -10.63 349.53 54.18
-2.11 -1.50 0.98 -9.91 287.86 46.98
-1.82 -1.72 1.17 11.02 236.12 42.82
-1.56 -1.69 1.25 43.73 203.57 41.44
-1.38 -1.46 1.29 69.22 179.19 43.36
-1.25 -1.15 1.29 73.73 159.92 36.70
-1.24 -0.82 1.36 51.51 133.85 23.95
-1.19 -0.67 1.44 17.19 106.67 9.85
-1.18 -0.70 1.57 -14.63 76.38 -1.79
-1.22 -0.85 1.73 -34.95 43.22 -5.65
-1.28 -1.04 1.86 -41.42 1.48 -4.40
-1.28 -1.18 1.85 -36.29 -44.81 -3.07
-1.32 -1.26 1.78 -27.01 -92.73 -7.34
-1.29 -1.28 1.67 -19.25 -140.69 -4.00
-1.19 -1.34 1.45 -8.61 -183.05 -4.69
-1.04 -1.39 1.23 2.73 -213.39 -7.18
-0.94 -1.48 1.05 12.49 -230.79 -13.50
-0.85 -1.49 0.93 20.52 -237.19 -16.81
-0.82 -1.50 0.81 28.03 -239.82 -19.76
-0.87 -1.47 0.76 33.79 -244.63 -26.67
-0.96 -1.42 0.73 37.47 -261.42 -32.21
-1.04 -1.37 0.64 40.61 -283.59 -36.32
-1.10 -1.29 0.56 40.81 -307.11 -39.42
-1.10 -1.22 0.45 41.85 -329.79 -38.82
-1.11 -1.12 0.29 43.77 -347.74 -32.70
-1.13 -1.00 0.19 45.05 -362.15 -27.34
-1.15 -0.91 0.11 46.26 -378.89 -23.74
-1.19 -0.84 -0.04 49.95 -394.29 -21.02
-1.11 -0.68 -0.18 31.22 -404.27 -21.95
-1.16 -0.50 -0.32 14.90 -414.89 -19.69
-1.15 -0.35 -0.46 -8.93 -424.03 -12.24
-1.07 -0.38 -0.64 -28.75 -429.16 -9.28
-1.03 -0.42 -0.77 -41.16 -429.28 1.31
-0.96 -0.56 -0.94 -37.77 -428.64 19.16
-0.87 -0.67 -1.09 -26.82 -425.02 35.40
-0.81 -0.71 -1.29 -22.79 -422.32 44.90
-0.66 -0.67 -1.53 -35.91 -414.44 45.39
-0.46 -0.71 -1.70 -59.27 -392.08 41.53
-0.27 -0.90 -1.79 -72.89 -363.45 36.69
-0.04 -1.04 -1.86 -68.95 -326.53 32.15
0.03 -1.11 -1.84 -55.63 -286.40 29.31
0.03 -1.10 -1.81 -43.82 -251.63 28.69
0.15 -1.08 -1.83 -31.10 -214.60 28.09
0.10 -1.09 -1.71 -27.51 -183.40 26.11
0.04 -1.15 -1.50 -17.30 -161.33 22.37
0.06 -1.16 -1.36 -7.42 -139.56 21.25
0.03 -1.14 -1.22 5.30 -118.76 20.18
0.01 -1.08 -1.12 14.72 -103.77 19.28
0.04 -1.00 -1.06 16.09 -88.37 15.42
0.06 -0.95 -0.97 10.27 -73.59 11.10
0.10 -0.99 -0.87 6.60 -58.00 7.63
0.13 -1.01 -0.80 7.47 -41.62 3.86
0.09 -0.97 -0.69 2.79 -28.24 -3.34
0.03 -0.95 -0.59 -5.22 -20.02 -7.54
0.03 -1.01 -0.51 -7.47 -11.16 -8.40
0.05 -1.06 -0.45 -2.17 1.07 -2.41
-0.01 -1.07 -0.35 5.60 10.98 2.03
-0.08 -1.04 -0.22 7.44 11.33 3.59
-0.06 -1.07 -0.17 7.33 9.05 1.62
-0.04 -1.08 -0.14 8.31 9.01 -0.95
-0.04 -1.04 -0.15 8.14 9.97 -2.76
-0.06 -1.00 -0.12 3.80 9.18 -5.19
-0.04 -1.02 -0.11 1.11 8.24 -5.07
-0.03 -1.03 -0.11 2.09 9.76 -2.64
-0.04 -1.02 -0.08 2.89 9.77 1.02
-0.04 -1.03 -0.07 3.95 7.68 5.62
-0.01 -1.05 -0.08 5.66 7.57 7.91
-0.03 -1.05 -0.07 5.51 6.14 7.63
-0.04 -1.05 -0.07 4.41 3.42 6.24
-0.01 -1.08 -0.08 4.15 2.58 4.67
0.01 -1.08 -0.09 3.95 3.82 2.11
-0.02 -1.07 -0.07 0.41 2.32 -3.62
-0.02 -1.06 -0.06 -4.03 -0.40 -8.18
0.00 -1.10 -0.06 -3.08 -0.35 -10.21
0.01 -1.09 -0.08 1.68 1.51 -9.97
0.01 -1.05 -0.09 5.16 2.81 -8.00
0.02 -1.00 -0.09 7.27 4.20 -6.15
