-0.14 -0.85 -0.28 -6.14 -6.03 -2.21
-0.13 -0.83 -0.33 -8.32 -8.63 1.31
-0.14 -0.86 -0.35 -10.26 -13.34 4.72
-0.04 -0.83 -0.43 -16.73 -9.69 7.83
-0.14 -0.88 -0.39 -21.62 -17.22 9.04
0.01 -0.86 -0.64 -22.78 -19.71 4.84
0.16 -0.96 -0.54 -25.13 -13.07 11.16
0.07 -1.14 -0.54 -24.87 -5.82 -2.46
0.08 -1.07 -0.60 -22.76 3.34 3.07
-0.04 -1.02 -0.54 -20.03 6.82 -1.40
-0.09 -0.99 -0.50 -21.31 -0.85 -2.14
0.05 -1.00 -0.50 -19.69 6.46 4.41
0.01 -0.99 -0.54 -15.16 11.74 12.55
0.02 -0.99 -0.55 -16.53 19.48 9.47
0.04 -0.86 -0.58 -23.04 22.37 11.27
-0.01 -0.91 -0.62 -29.27 27.77 10.23
0.00 -0.92 -0.60 -35.19 28.73 10.24
0.07 -1.14 -0.58 -29.02 36.78 17.47
-0.01 -1.18 -0.51 -12.35 42.11 20.58
-0.05 -1.10 -0.51 -3.68 41.69 23.62
0.04 -1.20 -0.50 11.33 49.37 23.68
0.03 -1.15 -0.47 26.08 58.44 24.50
-0.01 -1.03 -0.46 29.69 65.36 22.17
-0.07 -0.96 -0.42 26.79 65.95 18.56
-0.04 -0.91 -0.44 20.15 67.16 15.27
-0.02 -0.88 -0.42 10.26 67.45 6.53
0.03 -0.88 -0.44 -1.53 72.90 3.68
-0.01 -0.87 -0.41 -9.80 77.62 -0.21
-0.10 -0.89 -0.35 -15.25 79.45 -0.02
-0.07 -0.94 -0.33 -16.50 80.61 3.80
-0.04 -1.02 -0.30 -13.24 83.37 8.70
-0.03 -1.09 -0.26 -8.21 83.60 7.07
-0.06 -1.01 -0.27 -7.77 86.67 1.92
-0.08 -1.01 -0.26 -9.22 84.53 -1.27
-0.02 -1.03 -0.27 -3.94 88.55 0.14
-0.04 -0.93 -0.29 -1.34 93.31 2.96
-0.12 -0.90 -0.26 -2.32 91.68 3.37
-0.18 -0.94 -0.20 -2.66 88.49 8.11
-0.18 -0.95 -0.17 -2.63 82.92 11.59
-0.16 -0.98 -0.12 -3.15 77.82 12.15
-0.13 -1.00 -0.10 -2.78 78.50 14.84
-0.08 -1.02 -0.10 -0.66 77.27 15.88
-0.02 -1.02 -0.14 -0.55 80.44 14.17
-0.06 -1.04 -0.13 -0.72 79.89 8.38
-0.05 -1.11 -0.11 4.40 77.01 3.73
-0.10 -1.08 -0.07 5.83 72.53 -0.79
-0.14 -1.08 -0.04 14.23 66.50 0.76
-0.12 -1.03 -0.03 21.68 63.94 7.53
-0.10 -0.94 -0.06 24.27 63.33 9.39
-0.09 -0.90 -0.03 19.60 61.62 10.47
-0.10 -0.89 -0.03 12.26 59.77 8.29
-0.12 -0.91 0.01 4.55 56.66 3.57
-0.15 -0.96 0.07 -3.59 51.44 -3.16
-0.18 -1.03 0.14 -6.50 44.99 -8.34
-0.22 -1.06 0.20 -5.60 38.53 -8.89
-0.27 -1.09 0.26 -1.37 29.68 -6.99
-0.25 -1.09 0.26 3.22 22.12 -5.21
-0.21 -1.08 0.26 5.15 16.05 -6.70
-0.20 -1.07 0.27 5.31 10.50 -10.44
-0.19 -1.06 0.28 4.90 5.27 -12.85
-0.19 -1.03 0.27 6.15 -0.12 -15.22
-0.19 -0.96 0.27 5.77 -5.15 -17.73
-0.23 -0.88 0.27 1.47 -13.21 -19.76
-0.25 -0.85 0.28 -2.31 -22.78 -18.40
-0.20 -0.86 0.23 -5.54 -30.56 -16.49
-0.21 -0.91 0.24 -3.88 -39.94 -13.62
-0.09 -0.90 0.13 -2.06 -40.76 -9.34
-0.08 -0.92 0.12 1.97 -39.97 -5.30
-0.07 -0.89 0.06 0.23 -41.11 -4.12
-0.03 -0.88 0.01 -0.27 -41.37 -0.84
0.01 -0.87 -0.07 -5.65 -40.58 -4.60
0.03 -0.90 -0.10 -11.42 -39.82 -8.52
-0.13 -0.92 -0.06 -18.52 -42.99 -13.33
-0.22 -0.97 -0.04 -21.79 -56.87 -13.65
-0.10 -1.05 -0.09 -15.42 -64.09 -4.58
0.01 -1.22 -0.12 -0.56 -62.14 3.60
0.07 -1.17 -0.16 12.70 -58.09 5.73
0.15 -1.02 -0.23 16.76 -48.40 7.79
0.08 -1.03 -0.19 19.31 -41.18 0.69
0.11 -0.90 -0.23 13.89 -34.31 3.10
-0.15 -0.91 -0.14 9.24 -36.99 -6.98
-0.29 -0.80 -0.12 -3.92 -53.63 -7.53
-0.29 -0.89 -0.16 -9.42 -71.05 1.21
-0.11 -1.00 -0.22 -8.67 -79.07 10.29
-0.01 -1.10 -0.23 -1.89 -75.18 12.84
0.00 -1.12 -0.21 6.50 -71.94 10.87
-0.01 -1.07 -0.20 12.85 -72.40 8.17
-0.12 -1.04 -0.18 17.01 -80.53 -3.11
-0.06 -0.97 -0.28 15.47 -81.66 -4.47
-0.08 -0.98 -0.28 9.25 -78.69 -7.60
-0.13 -0.98 -0.28 5.50 -84.63 -6.37
-0.09 -1.01 -0.29 5.42 -86.35 -5.69
-0.11 -1.03 -0.27 8.21 -85.94 -5.56
-0.13 -0.99 -0.29 12.92 -87.92 -4.49
-0.15 -0.97 -0.28 16.69 -91.04 -1.31
-0.10 -0.95 -0.34 16.69 -89.57 5.07
-0.10 -0.96 -0.35 17.51 -90.84 4.60
0.01 -0.96 -0.43 13.63 -86.32 6.24
0.08 -1.01 -0.46 11.56 -77.71 7.37
0.04 -1.06 -0.39 11.10 -72.41 1.31
