-0.06 -0.99 -0.04 -9.57 0.70 0.73
-0.04 -1.01 -0.05 -9.21 0.92 1.80
-0.03 -1.02 -0.06 -8.14 1.45 2.82
-0.01 -1.03 -0.06 -7.66 1.68 2.96
0.02 -1.06 -0.06 -5.92 2.90 2.14
0.06 -1.09 -0.07 -2.64 5.82 2.26
0.07 -1.08 -0.06 0.70 8.99 1.68
0.06 -1.08 -0.07 1.24 12.37 -1.94
0.09 -1.07 -0.07 2.27 10.89 -5.92
0.10 -1.08 -0.07 3.40 16.46 -4.96
0.09 -1.08 -0.07 6.02 14.92 -6.75
0.12 -1.05 -0.08 6.31 20.85 -4.35
0.10 -1.06 -0.07 6.50 22.61 -4.00
0.10 -1.07 -0.07 7.31 24.95 -3.97
0.10 -1.10 -0.06 10.17 26.78 -5.05
0.11 -1.13 -0.07 14.58 29.25 -6.17
0.13 -1.11 -0.08 18.90 32.32 -7.01
0.13 -1.09 -0.06 21.57 35.16 -8.49
0.14 -1.03 -0.08 21.66 38.64 -10.50
0.13 -1.00 -0.08 19.63 41.15 -13.02
0.13 -0.97 -0.08 16.78 44.27 -14.55
0.12 -0.99 -0.07 14.52 45.82 -16.12
0.15 -0.98 -0.08 12.67 50.41 -14.27
0.14 -0.99 -0.08 11.82 53.59 -13.44
0.14 -1.00 -0.07 11.48 56.78 -13.15
0.12 -1.03 -0.07 12.47 59.19 -15.51
0.13 -1.04 -0.08 13.74 61.50 -17.80
0.13 -1.06 -0.07 15.59 64.06 -19.57
0.17 -1.04 -0.09 16.63 69.30 -19.50
0.12 -1.02 -0.09 17.22 73.56 -19.48
0.11 -1.01 -0.09 17.24 76.73 -19.80
0.08 -0.99 -0.09 15.74 79.47 -21.15
0.05 -1.00 -0.08 14.76 80.79 -23.21
0.06 -1.00 -0.08 13.19 82.46 -24.31
0.04 -1.02 -0.06 13.42 84.75 -25.27
0.02 -1.03 -0.07 14.43 86.00 -27.22
0.02 -1.02 -0.08 14.93 87.66 -28.09
0.01 -1.03 -0.07 15.74 87.94 -28.35
0.05 -1.05 -0.06 18.43 88.81 -23.63
0.05 -1.08 -0.05 23.27 92.56 -17.62
0.11 -1.04 -0.06 28.37 93.54 -11.63
0.11 -0.98 -0.06 29.94 100.06 -6.84
0.07 -0.94 -0.06 30.72 104.31 -5.27
-0.01 -0.88 -0.04 29.83 106.46 -7.54
-0.08 -0.81 -0.05 24.87 104.46 -15.94
-0.12 -0.78 -0.07 15.22 100.61 -25.97
-0.14 -0.84 -0.04 8.14 97.50 -33.11
-0.18 -0.90 -0.03 3.66 93.82 -35.91
-0.18 -0.97 -0.02 2.89 89.50 -34.21
-0.17 -1.02 -0.02 5.88 87.34 -27.60
-0.12 -1.05 -0.02 11.01 87.88 -19.48
-0.11 -1.04 -0.02 17.89 88.27 -11.57
-0.14 -0.93 -0.03 20.00 89.95 -6.82
-0.21 -0.85 -0.01 17.69 86.85 -7.88
-0.20 -0.80 -0.02 11.05 82.52 -11.47
-0.20 -0.81 -0.02 3.28 79.22 -16.21
-0.18 -0.84 -0.03 -3.44 75.60 -20.58
-0.21 -0.93 -0.00 -6.96 73.73 -22.29
-0.23 -0.99 0.02 -5.57 69.22 -20.73
-0.17 -1.02 0.01 -2.41 68.79 -15.63
-0.17 -1.03 0.03 2.56 69.88 -11.13
-0.21 -0.96 0.02 5.16 69.13 -10.37
-0.22 -0.89 0.02 3.05 66.69 -12.63
-0.24 -0.84 0.01 -3.24 63.91 -19.62
-0.30 -0.82 0.00 -12.67 60.38 -27.83
-0.34 -0.90 0.02 -19.13 55.11 -33.79
-0.36 -0.93 0.02 -22.60 51.54 -34.89
-0.45 -0.99 0.05 -21.83 45.65 -33.63
-0.51 -1.07 0.07 -16.50 37.30 -27.21
-0.50 -1.04 0.07 -11.11 29.27 -17.59
-0.48 -1.00 0.06 -8.95 21.98 -10.78
-0.48 -0.97 0.04 -9.60 15.15 -6.93
-0.47 -0.96 0.04 -11.73 8.34 -6.61
-0.49 -0.96 0.06 -13.28 1.33 -7.21
-0.51 -0.97 0.06 -12.90 -7.18 -6.08
-0.47 -0.96 0.06 -12.11 -14.43 -3.01
-0.45 -0.96 0.05 -11.37 -20.24 0.60
-0.43 -0.96 0.04 -10.60 -26.43 3.02
-0.37 -0.97 0.05 -9.50 -31.65 5.48
-0.33 -0.97 0.03 -9.11 -35.28 7.04
-0.30 -0.96 0.01 -10.23 -38.64 7.91
-0.30 -0.97 0.01 -11.59 -41.91 6.44
-0.30 -0.97 0.01 -13.21 -46.17 4.11
-0.31 -0.98 0.02 -13.59 -50.93 3.97
-0.27 -1.00 0.03 -12.31 -54.55 8.49
-0.25 -1.00 0.01 -10.26 -57.07 17.47
-0.25 -1.03 0.01 -6.99 -59.92 23.97
-0.20 -1.04 0.01 -2.81 -61.30 28.95
-0.17 -0.99 -0.02 -1.24 -60.84 31.21
-0.19 -0.95 -0.02 -2.78 -62.31 27.10
-0.21 -0.93 -0.02 -6.41 -65.97 19.19
-0.18 -0.95 -0.02 -9.92 -69.25 15.68
-0.18 -0.96 -0.04 -12.23 -71.51 16.41
-0.18 -0.98 -0.03 -14.53 -73.91 18.56
-0.15 -1.02 -0.02 -13.79 -75.60 22.21
-0.09 -1.02 -0.04 -11.74 -72.81 26.82
-0.16 -1.04 -0.03 -7.68 -71.57 26.35
-0.25 -0.99 -0.01 -3.98 -76.72 21.27
-0.19 -0.91 -0.05 -6.66 -81.68 19.86
-0.12 -0.91 -0.07 -10.69 -83.60 24.73
