0.13 -0.97 0.14 -1.99 -6.48 4.05
0.13 -0.98 0.12 -3.00 -9.76 1.82
0.14 -1.01 0.09 -4.27 -13.34 -0.37
0.22 -1.03 0.01 -2.63 -13.00 0.11
0.28 -1.04 -0.07 -0.27 -9.60 0.69
0.29 -1.02 -0.16 -0.92 -7.01 -1.72
0.28 -1.02 -0.24 -3.02 -5.40 -3.65
0.29 -1.07 -0.33 -3.14 -4.51 -3.16
0.38 -1.15 -0.48 -0.09 -1.38 1.40
0.51 -1.21 -0.68 2.69 5.11 3.08
0.68 -1.25 -0.88 2.05 17.50 0.60
0.86 -1.31 -1.09 -1.27 34.39 -8.18
0.94 -1.36 -1.25 -4.04 58.58 -19.11
1.05 -1.43 -1.39 -6.43 86.40 -30.73
1.15 -1.48 -1.55 -4.30 117.57 -40.60
0.99 -1.49 -1.51 -5.59 147.85 -53.10
0.87 -1.46 -1.47 -0.59 174.70 -64.97
0.73 -1.36 -1.43 2.37 199.40 -71.47
0.64 -1.28 -1.39 4.69 223.11 -75.97
0.47 -1.13 -1.31 0.39 244.74 -82.60
0.32 -1.02 -1.19 -10.66 250.13 -89.68
0.21 -0.99 -1.05 -17.89 250.13 -89.46
0.08 -0.98 -0.89 -18.24 250.13 -82.08
-0.02 -0.98 -0.76 -15.55 250.13 -71.86
-0.12 -0.91 -0.66 -14.66 250.13 -61.63
-0.27 -0.85 -0.52 -20.31 250.13 -52.00
-0.36 -0.88 -0.38 -28.61 250.13 -43.97
-0.36 -0.97 -0.24 -33.42 250.13 -44.29
-0.48 -1.02 -0.09 -27.99 250.13 -45.37
-0.61 -0.96 0.06 -17.42 250.13 -39.56
-0.79 -0.95 0.27 2.71 250.13 -33.34
-1.02 -0.77 0.46 28.55 250.13 -27.11
-1.17 -0.42 0.53 38.88 250.13 -6.66
-1.40 -0.14 0.74 27.86 250.13 9.41
-1.64 -0.04 0.95 -0.27 250.13 16.73
-1.78 -0.17 1.15 -37.42 201.91 17.46
-1.80 -0.50 1.28 -65.78 151.31 14.27
-1.56 -0.87 1.24 -74.24 118.25 5.85
-1.48 -1.13 1.28 -64.04 91.33 3.42
-1.37 -1.22 1.26 -49.71 66.16 5.72
-1.36 -1.25 1.29 -36.63 42.41 -0.42
-1.28 -1.20 1.29 -27.46 17.12 -15.19
-1.17 -1.09 1.24 -21.82 -4.56 -26.84
-1.06 -1.01 1.20 -16.44 -24.03 -30.56
-1.03 -0.90 1.19 -9.49 -41.48 -27.53
-1.03 -0.81 1.18 -3.95 -64.52 -20.49
-1.02 -0.74 1.12 -2.69 -89.16 -9.49
-0.93 -0.78 1.04 -3.95 -111.95 -1.39
-0.90 -0.81 1.01 -2.94 -132.93 4.12
-0.88 -0.92 0.96 -2.91 -156.66 4.54
-0.86 -1.00 0.89 4.25 -176.24 5.89
-0.92 -1.21 0.67 10.98 -196.22 8.98
-1.09 -0.80 0.89 -5.38 -228.92 4.09
-0.86 -1.01 0.64 11.02 -249.45 -3.67
-0.80 -0.91 0.56 13.88 -250.14 3.08
-0.72 -0.98 0.37 23.59 -250.14 4.82
-0.75 -0.80 0.43 23.15 -250.14 13.15
-0.55 -0.89 0.07 26.15 -250.14 22.11
-0.68 -0.86 0.02 13.34 -250.14 16.82
-0.69 -0.97 -0.12 16.21 -250.14 17.26
-0.60 -1.01 -0.31 17.16 -250.14 23.80
-0.47 -1.06 -0.52 24.89 -250.14 32.69
-0.22 -1.11 -0.74 35.34 -250.14 38.34
0.12 -1.16 -0.97 43.08 -250.14 53.69
0.40 -1.20 -1.11 49.61 -250.14 53.73
0.49 -1.14 -1.15 52.27 -250.14 39.23
0.50 -1.01 -1.20 46.13 -250.14 26.99
0.61 -0.97 -1.31 47.21 -243.28 20.18
0.68 -0.84 -1.30 41.73 -215.31 27.71
0.80 -0.81 -1.27 36.83 -182.41 33.67
0.89 -0.81 -1.32 22.56 -155.71 29.79
0.87 -0.74 -1.21 10.18 -121.98 29.55
0.75 -0.76 -1.10 -0.65 -100.51 26.51
0.69 -0.90 -1.01 -7.40 -83.40 28.34
0.75 -1.03 -0.98 -3.40 -65.47 31.74
0.74 -1.12 -0.88 3.39 -46.35 31.14
0.73 -1.16 -0.81 10.53 -27.73 26.89
0.63 -1.11 -0.70 13.51 -12.69 20.92
0.57 -1.04 -0.62 10.40 0.94 16.40
0.48 -1.03 -0.51 4.73 14.51 13.20
0.37 -1.06 -0.40 0.42 24.60 10.98
0.28 -1.12 -0.29 1.01 28.27 10.94
0.18 -1.16 -0.17 4.89 28.86 11.92
0.13 -1.15 -0.10 10.40 27.45 13.50
0.14 -1.11 -0.06 13.43 25.98 12.92
0.10 -1.08 0.01 13.15 20.42 10.89
0.20 -0.99 -0.03 12.60 22.49 5.84
0.15 -1.02 0.04 11.44 19.08 1.50
0.14 -0.95 0.08 4.82 20.15 3.21
0.20 -0.89 0.04 -0.82 16.94 1.05
0.23 -0.92 0.02 -5.14 18.25 2.79
0.22 -0.95 0.05 -4.47 16.65 3.68
0.23 -0.97 0.07 -2.82 16.13 6.31
0.22 -0.98 0.08 -1.77 14.08 5.11
0.23 -0.96 0.07 -4.40 11.69 1.24
0.25 -0.97 0.06 -6.78 10.25 -1.40
0.27 -1.02 0.04 -5.76 11.71 -1.20
0.28 -1.05 0.05 -3.23 13.50 0.61
0.27 -1.05 0.06 -1.02 15.15 1.15
0.27 -1.05 0.06 -0.18 16.85 0.43
