0.39 -0.93 -0.75 7.40 34.63 7.18
0.41 -0.85 -0.93 -1.66 48.27 7.95
0.46 -1.03 -1.08 -3.79 62.41 2.95
0.52 -1.02 -1.26 0.06 76.82 10.43
0.60 -1.06 -1.44 7.01 103.15 14.69
0.62 -1.11 -1.60 16.53 130.67 16.24
0.57 -1.05 -1.68 23.05 161.24 17.15
0.45 -1.00 -1.73 25.95 191.76 19.45
0.36 -0.96 -1.77 25.71 223.86 20.67
0.31 -0.98 -1.84 26.23 262.49 21.42
0.20 -0.99 -1.87 30.17 302.92 18.43
-0.02 -0.90 -1.87 31.59 339.65 18.20
-0.19 -0.80 -1.88 29.44 378.43 20.15
-0.38 -0.75 -1.85 25.18 413.53 22.41
-0.65 -0.70 -1.81 23.89 435.37 25.68
-0.82 -0.63 -1.74 21.88 450.67 33.47
-0.95 -0.61 -1.69 20.23 464.31 40.82
-1.00 -0.68 -1.67 22.15 479.42 42.46
-1.06 -0.73 -1.66 21.53 490.84 37.19
-1.08 -0.77 -1.69 18.85 500.26 33.83
-1.16 -0.71 -1.70 20.37 500.26 35.24
-1.34 -0.62 -1.60 22.03 500.26 38.06
-1.48 -0.57 -1.51 18.69 500.26 47.01
-1.62 -0.62 -1.40 16.85 500.26 44.67
-1.73 -0.71 -1.31 19.24 500.26 42.79
-1.88 -0.65 -1.10 21.07 500.26 47.48
-2.00 -0.71 -0.93 22.61 478.44 49.11
-2.14 -0.75 -0.63 25.22 448.96 55.18
-2.23 -0.91 -0.33 34.21 404.63 65.36
-2.15 -1.11 -0.06 52.52 358.90 74.76
-2.16 -1.20 0.27 71.24 311.54 73.33
-1.93 -1.28 0.43 89.62 269.21 70.85
-1.66 -1.32 0.46 113.33 241.66 58.09
-1.54 -1.07 0.58 119.50 222.14 41.73
-1.51 -0.80 0.72 103.85 199.24 23.54
-1.49 -0.58 0.87 75.48 179.30 8.08
-1.57 -0.49 1.07 44.09 157.10 -5.80
-1.70 -0.52 1.31 21.85 128.17 -8.63
-1.88 -0.62 1.58 7.82 91.79 -4.29
-2.03 -0.76 1.81 5.85 41.07 4.64
-2.06 -0.89 1.88 10.21 -12.08 12.53
-2.07 -1.00 1.84 17.91 -70.09 16.95
-1.92 -1.02 1.68 20.15 -119.11 17.31
-1.72 -1.08 1.42 14.76 -154.15 6.69
-1.54 -1.18 1.21 7.15 -177.08 -5.47
-1.37 -1.29 1.04 2.11 -190.15 -15.65
-1.40 -1.36 0.99 -4.60 -205.63 -26.34
-1.44 -1.43 0.99 -13.22 -230.78 -35.21
-1.45 -1.45 0.94 -20.18 -262.27 -43.25
-1.43 -1.46 0.86 -18.37 -286.64 -51.65
-1.48 -1.40 0.81 -8.03 -307.22 -52.06
-1.56 -1.30 0.78 6.99 -333.65 -46.32
-1.68 -1.24 0.70 24.69 -369.04 -35.59
-1.71 -1.18 0.56 42.56 -404.35 -29.08
-1.68 -1.10 0.38 56.35 -431.65 -21.36
-1.61 -0.94 0.18 63.15 -448.64 -16.09
-1.54 -0.78 -0.01 61.73 -456.98 -11.83
-1.53 -0.51 -0.17 49.37 -463.57 -5.24
-1.50 -0.28 -0.33 25.89 -472.47 1.48
-1.46 -0.14 -0.50 -0.52 -477.07 13.44
-1.44 -0.11 -0.62 -22.18 -482.84 29.33
-1.39 -0.20 -0.75 -35.39 -486.55 43.69
-1.47 -0.25 -0.87 -44.96 -496.29 57.54
-1.54 -0.31 -0.96 -57.21 -500.27 66.98
-1.42 -0.38 -1.21 -71.28 -500.27 73.89
-1.19 -0.47 -1.49 -77.91 -500.27 86.23
-1.01 -0.57 -1.71 -81.40 -499.48 94.43
-0.83 -0.59 -1.90 -93.48 -476.14 98.27
-0.60 -0.76 -2.12 -102.90 -443.69 102.23
-0.27 -0.98 -2.32 -104.78 -400.26 100.24
0.02 -1.25 -2.41 -98.41 -346.76 93.92
0.14 -1.44 -2.31 -91.73 -292.08 74.14
0.19 -1.59 -2.15 -85.76 -244.06 52.53
0.13 -1.66 -1.94 -75.50 -206.29 26.44
0.04 -1.72 -1.75 -60.96 -181.53 8.32
0.10 -1.54 -1.59 -49.92 -156.99 -0.67
0.19 -1.63 -1.54 -22.02 -128.70 -4.02
0.25 -1.46 -1.40 -3.33 -105.28 -2.50
0.32 -1.38 -1.29 9.33 -77.11 -5.69
0.32 -1.24 -1.17 12.40 -51.65 -11.31
0.27 -1.10 -1.00 4.20 -33.27 -22.03
0.25 -1.10 -0.86 -1.15 -19.91 -30.82
0.24 -1.03 -0.72 -1.74 -7.40 -35.27
0.17 -0.90 -0.60 -3.91 4.17 -33.08
0.08 -0.81 -0.44 -8.43 13.94 -27.04
0.01 -0.82 -0.29 -11.53 17.18 -17.83
0.00 -0.88 -0.22 -8.89 18.05 -10.34
-0.05 -0.90 -0.14 -4.67 15.21 -3.88
-0.06 -0.91 -0.08 -0.53 10.81 2.08
-0.03 -0.93 -0.06 5.33 8.27 5.37
-0.02 -0.89 -0.08 7.79 7.98 6.15
-0.02 -0.83 -0.07 4.55 7.13 7.04
0.01 -0.82 -0.10 0.67 8.34 8.41
-0.01 -0.84 -0.10 -2.95 10.49 10.73
-0.00 -0.88 -0.12 -5.57 13.01 14.61
-0.01 -0.96 -0.10 -6.08 14.92 16.56
-0.04 -1.03 -0.07 -5.95 14.20 16.70
-0.03 -1.09 -0.06 -3.74 12.63 16.81
-0.02 -1.15 -0.09 1.45 12.69 16.82
-0.01 -1.14 -0.10 4.58 13.66 14.32
