0.21 -1.04 0.04 -2.49 -2.34 1.49
0.20 -1.02 0.04 -2.73 -2.25 -1.53
0.18 -1.01 0.06 -2.44 -2.86 -2.77
0.17 -1.00 0.07 -1.71 -3.85 -2.13
0.17 -0.98 0.08 -0.69 -4.99 -1.67
0.15 -0.95 0.08 -2.08 -6.28 -3.37
0.14 -0.96 0.06 -4.34 -8.51 -4.72
0.14 -0.97 0.05 -5.24 -10.75 -6.53
0.17 -0.99 -0.00 -4.80 -11.76 -6.18
0.19 -1.00 -0.05 -4.18 -12.15 -5.31
0.18 -0.99 -0.11 -4.88 -13.60 -6.36
0.21 -1.03 -0.20 -5.93 -15.55 -7.85
0.25 -1.10 -0.32 -3.43 -18.35 -5.85
0.37 -1.19 -0.53 4.07 -18.47 -0.39
0.59 -1.20 -0.79 9.13 -8.32 4.31
0.72 -1.22 -0.97 9.55 9.18 4.48
0.83 -1.30 -1.15 10.69 24.96 -4.25
0.90 -1.28 -1.30 8.85 49.37 -11.65
0.92 -1.30 -1.40 9.87 73.69 -16.89
0.93 -1.27 -1.48 9.79 102.02 -23.20
0.93 -1.28 -1.52 8.76 130.93 -32.37
0.78 -1.23 -1.46 8.37 159.24 -43.12
0.64 -1.14 -1.41 6.05 182.36 -48.76
0.46 -1.03 -1.31 5.42 200.84 -50.65
0.35 -0.95 -1.23 0.47 215.12 -51.93
0.32 -1.01 -1.23 -4.45 232.83 -50.15
0.25 -0.94 -1.07 -3.56 243.91 -51.56
0.11 -0.91 -0.97 -4.92 250.13 -48.05
0.01 -0.86 -0.86 -6.95 250.13 -47.35
-0.10 -0.87 -0.71 -10.69 250.13 -46.34
-0.20 -0.92 -0.55 -12.02 250.13 -41.33
-0.22 -1.00 -0.45 -8.18 250.13 -34.11
-0.36 -0.99 -0.28 -9.70 250.13 -29.80
-0.52 -0.95 -0.11 -9.00 250.13 -35.60
-0.62 -0.91 0.05 -8.91 250.13 -33.88
-0.78 -0.93 0.23 -1.52 250.13 -25.09
-0.83 -0.81 0.35 6.34 250.13 -10.66
-0.92 -0.71 0.51 10.71 250.13 4.80
-1.07 -0.63 0.66 11.72 250.13 15.17
-1.28 -0.57 0.86 -0.54 228.28 16.89
-1.25 -0.71 0.99 -20.85 204.02 17.87
-1.07 -0.84 0.94 -20.27 190.92 18.15
-1.16 -0.89 1.04 -28.13 175.31 16.23
-1.12 -0.97 1.10 -28.82 155.70 13.69
-1.05 -0.96 1.11 -27.39 137.58 9.39
-0.93 -0.86 1.06 -32.54 120.95 1.14
-0.89 -0.80 1.05 -43.47 105.98 -10.55
-0.92 -0.81 1.10 -55.60 86.02 -19.83
-0.91 -0.89 1.13 -56.88 62.92 -20.37
-0.85 -1.03 1.16 -43.40 44.34 -11.50
-0.94 -1.01 1.20 -30.25 21.36 -5.23
-0.90 -0.99 1.19 -17.84 0.70 2.07
-1.01 -0.87 1.24 -19.22 -27.82 -4.96
-0.94 -0.84 1.15 -26.21 -51.65 -5.86
-0.90 -0.89 1.11 -29.72 -73.10 -6.31
-0.86 -0.94 1.05 -29.66 -95.46 -6.69
-0.84 -0.97 0.98 -28.27 -116.76 -8.97
-0.85 -1.03 0.94 -26.11 -138.69 -13.90
-0.89 -1.10 0.72 -36.29 -167.19 -22.50
-1.01 -0.87 0.95 -27.75 -193.98 -30.73
-0.69 -1.17 0.56 -15.67 -201.27 -31.29
-0.70 -1.05 0.57 -5.54 -219.08 -20.77
-0.62 -1.12 0.41 4.89 -226.73 -16.09
-0.55 -1.08 0.30 10.37 -240.73 -16.31
-0.47 -1.08 0.19 15.39 -248.95 -15.82
-0.44 -1.04 0.10 19.51 -250.14 -17.73
-0.38 -0.99 -0.02 21.76 -250.14 -18.78
-0.33 -0.97 -0.09 23.40 -250.14 -19.08
-0.31 -0.95 -0.19 27.07 -250.14 -17.53
-0.36 -0.94 -0.26 31.79 -250.14 -14.85
-0.27 -0.88 -0.42 37.81 -250.14 -5.21
0.12 -1.05 -0.89 43.47 -250.14 -4.15
-0.09 -0.75 -0.75 16.98 -250.14 -8.03
0.14 -1.03 -0.96 27.77 -250.14 11.21
0.13 -0.95 -1.02 25.16 -250.14 19.85
0.51 -1.11 -1.30 15.74 -249.78 2.53
0.69 -1.08 -1.32 21.05 -219.81 7.55
0.71 -0.95 -1.22 22.06 -192.01 16.33
0.77 -0.95 -1.23 23.14 -165.46 18.16
0.83 -0.94 -1.19 20.60 -142.10 14.64
0.86 -0.89 -1.07 19.47 -120.94 14.02
0.80 -0.92 -1.03 17.24 -95.02 10.61
0.72 -0.88 -0.92 15.20 -78.89 11.02
0.70 -0.85 -0.85 11.75 -64.60 14.47
0.67 -0.87 -0.75 8.65 -48.96 14.66
0.60 -0.93 -0.65 5.42 -36.19 14.72
0.58 -1.03 -0.61 7.19 -23.45 13.44
0.48 -1.05 -0.50 10.00 -11.69 10.34
0.54 -1.06 -0.54 12.59 -2.99 6.85
0.41 -1.06 -0.37 13.15 3.21 6.22
0.20 -1.13 -0.15 11.28 -6.37 3.53
0.32 -0.97 -0.28 -1.89 12.09 -2.21
0.22 -1.17 -0.20 5.98 11.98 -7.50
0.16 -1.03 -0.12 10.61 15.23 5.21
0.15 -1.07 -0.09 18.14 14.63 4.22
0.17 -0.94 -0.08 15.08 13.83 4.13
0.20 -0.92 -0.06 10.83 11.03 2.89
0.21 -0.89 -0.05 7.42 10.44 2.92
0.20 -0.87 -0.03 3.22 9.17 2.76
0.24 -0.89 -0.04 -0.80 9.09 3.89
