0.04 -0.95 -0.13 -4.06 -13.36 1.24
0.04 -0.97 -0.14 -3.47 -13.68 1.05
0.01 -0.97 -0.16 -2.90 -14.08 0.37
-0.01 -0.97 -0.19 -3.01 -15.44 -1.27
-0.00 -0.98 -0.22 -2.89 -16.52 -1.10
-0.04 -0.98 -0.22 -3.24 -19.36 -0.99
-0.00 -0.99 -0.28 -3.74 -17.82 0.29
-0.02 -0.98 -0.30 -3.56 -17.22 2.26
-0.01 -1.00 -0.34 -3.33 -15.42 2.49
-0.00 -0.99 -0.38 -4.00 -14.05 2.47
0.01 -0.99 -0.42 -5.15 -12.23 3.05
0.01 -1.00 -0.48 -6.21 -9.79 2.20
0.01 -1.01 -0.51 -9.98 -11.34 -1.42
0.04 -1.02 -0.55 -10.26 -9.51 -0.75
0.07 -1.07 -0.57 -9.71 -4.14 5.19
0.08 -1.08 -0.58 -5.33 2.34 8.50
0.07 -1.04 -0.58 -4.18 9.07 11.21
0.03 -1.04 -0.57 -1.97 13.24 11.30
-0.02 -0.99 -0.55 -2.55 14.41 9.85
-0.01 -1.00 -0.53 -4.66 14.95 10.79
0.01 -1.00 -0.51 -4.82 17.15 11.74
0.01 -1.01 -0.49 -4.37 19.54 14.14
-0.04 -0.97 -0.48 -5.19 20.72 14.73
0.01 -0.93 -0.50 -11.18 19.40 13.92
0.05 -0.96 -0.50 -16.61 23.82 13.56
0.10 -1.00 -0.52 -22.23 29.51 11.27
0.14 -1.00 -0.56 -28.41 37.83 7.62
0.09 -0.99 -0.55 -37.18 44.09 1.16
0.05 -1.02 -0.54 -44.56 44.09 -3.65
0.03 -1.04 -0.51 -47.73 42.20 -3.40
0.06 -1.10 -0.51 -45.34 44.78 -0.15
0.10 -1.13 -0.51 -41.08 50.53 2.47
0.12 -1.18 -0.50 -33.24 57.56 4.12
0.11 -1.22 -0.47 -21.62 66.27 6.64
0.05 -1.19 -0.46 -12.09 71.42 7.62
0.04 -1.16 -0.45 -7.33 73.89 6.12
-0.01 -1.10 -0.43 -6.27 75.94 0.58
-0.05 -1.04 -0.39 -7.97 72.00 -0.47
-0.00 -0.99 -0.39 -11.73 72.21 -2.23
0.06 -1.02 -0.40 -16.66 75.94 -5.13
0.03 -1.04 -0.37 -17.45 80.08 -8.26
0.03 -1.04 -0.33 -17.80 82.05 -8.49
0.00 -1.09 -0.27 -16.11 83.95 -10.90
0.02 -1.09 -0.27 -11.60 87.34 -12.05
-0.01 -1.11 -0.22 -1.47 88.26 -7.34
-0.05 -1.03 -0.19 8.24 87.51 -1.56
0.01 -0.93 -0.26 11.37 86.89 1.59
0.03 -0.82 -0.28 3.68 89.63 -2.46
-0.04 -0.80 -0.21 -10.26 85.04 -7.18
0.01 -0.83 -0.22 -18.21 86.03 -4.00
-0.00 -0.88 -0.18 -21.01 85.97 -4.67
-0.03 -0.91 -0.13 -21.02 83.56 -4.02
-0.05 -0.97 -0.08 -18.38 80.41 -2.35
-0.14 -0.94 0.00 -12.98 75.16 1.56
-0.03 -1.01 0.00 -3.59 71.15 6.38
0.03 -0.97 0.03 5.10 77.21 17.24
-0.01 -0.92 0.07 6.64 74.96 11.05
-0.03 -0.89 0.11 3.53 74.20 8.78
-0.09 -0.85 0.16 -1.74 69.59 6.38
-0.13 -0.86 0.22 -7.44 60.70 9.77
-0.12 -0.90 0.24 -9.24 52.20 11.86
-0.11 -0.96 0.28 -12.29 45.42 10.82
-0.09 -1.02 0.32 -13.24 38.14 7.44
-0.07 -1.07 0.35 -11.91 30.85 2.55
-0.07 -1.08 0.37 -10.17 23.34 -1.19
-0.07 -1.09 0.39 -7.98 16.63 -4.35
-0.06 -1.09 0.39 -4.21 11.50 -7.88
-0.13 -1.09 0.44 0.79 3.73 -10.99
-0.16 -1.05 0.44 6.84 -8.43 -11.27
-0.15 -1.02 0.42 12.63 -20.73 -9.01
-0.05 -0.99 0.33 18.52 -27.86 -4.96
-0.01 -0.94 0.29 22.17 -31.07 -3.44
-0.02 -0.88 0.25 21.42 -35.62 -3.53
0.02 -0.84 0.20 18.00 -38.12 -3.53
0.00 -0.81 0.16 13.08 -41.63 -5.42
-0.05 -0.83 0.15 7.47 -47.47 -7.07
-0.06 -0.88 0.15 4.11 -55.31 -5.80
-0.03 -0.93 0.12 3.66 -59.53 -5.21
-0.00 -0.97 0.10 6.17 -63.53 -4.41
0.05 -0.96 0.05 8.87 -62.72 -3.04
0.06 -0.95 -0.00 7.66 -60.49 -4.43
0.01 -0.97 -0.02 5.36 -62.47 -7.65
0.03 -1.00 -0.07 4.35 -65.69 -10.17
0.03 -1.04 -0.09 4.89 -65.22 -12.17
0.03 -1.07 -0.07 7.95 -64.69 -11.21
0.07 -1.10 -0.09 15.10 -60.18 -8.67
0.07 -1.08 -0.08 23.45 -53.91 -6.09
-0.06 -0.97 -0.09 26.50 -57.88 -3.80
0.00 -0.92 -0.14 22.15 -63.01 -0.35
0.08 -0.96 -0.18 19.13 -61.34 0.02
0.12 -1.00 -0.20 14.32 -56.81 -3.40
0.03 -1.09 -0.14 16.50 -55.59 -3.92
0.01 -1.17 -0.09 29.74 -56.35 -0.78
-0.01 -1.10 -0.12 44.26 -57.73 1.88
-0.03 -0.97 -0.18 48.98 -60.93 5.31
-0.07 -0.94 -0.18 45.63 -65.01 10.43
0.01 -0.96 -0.22 42.03 -68.06 11.48
0.01 -0.97 -0.22 39.62 -67.92 12.27
-0.01 -1.00 -0.19 38.87 -70.46 12.02
0.05 -1.04 -0.17 40.00 -69.22 9.01
