-0.14 -0.93 0.03 -9.48 -4.56 -0.67
-0.11 -0.93 0.03 -11.21 -4.14 0.90
-0.12 -0.96 0.04 -11.59 -3.56 1.34
-0.11 -1.04 0.05 -8.69 -3.16 1.44
-0.09 -1.07 0.06 -3.59 -2.20 1.74
-0.07 -1.06 0.05 0.78 -0.20 2.34
-0.05 -1.04 0.04 2.46 1.48 2.43
-0.03 -1.01 0.02 1.74 3.88 1.98
-0.01 -1.01 0.03 -0.06 6.18 1.10
-0.01 -1.04 0.03 -0.63 8.31 1.18
-0.02 -1.07 0.04 0.72 9.53 1.68
-0.01 -1.09 0.05 2.90 10.60 2.26
0.01 -1.10 0.04 5.88 12.26 3.16
0.06 -1.11 0.04 10.06 15.79 4.29
0.07 -1.10 0.04 13.10 20.24 4.11
0.05 -1.07 0.04 14.70 23.63 2.20
0.04 -1.03 0.04 14.98 25.40 0.15
0.03 -1.02 0.04 14.26 26.29 -2.02
0.04 -1.05 0.04 14.15 26.76 -3.63
0.05 -1.06 0.04 15.63 27.85 -4.14
0.08 -1.08 0.02 16.99 29.91 -6.21
0.10 -1.10 0.02 19.15 33.19 -9.57
0.08 -1.11 0.04 22.93 36.85 -12.84
0.06 -1.11 0.05 27.07 39.51 -15.07
0.04 -1.06 0.04 29.60 41.16 -15.94
0.03 -1.01 0.03 29.76 42.37 -16.08
0.03 -0.99 0.03 28.06 43.21 -16.15
0.03 -0.98 0.03 25.79 44.05 -16.03
0.06 -0.97 0.02 22.84 46.41 -16.20
0.07 -1.00 0.03 20.73 49.39 -17.86
0.08 -1.03 0.02 20.73 53.16 -19.51
0.07 -1.07 0.03 23.05 57.57 -21.34
0.05 -1.09 0.04 26.56 60.46 -23.83
-0.00 -1.08 0.04 29.91 61.25 -26.78
0.00 -1.05 0.03 31.40 62.17 -29.11
-0.01 -1.01 0.03 31.74 63.37 -30.09
-0.02 -0.99 0.02 31.76 64.89 -28.82
-0.04 -0.97 0.03 31.95 65.59 -26.00
-0.04 -0.93 0.03 30.73 65.77 -22.55
-0.02 -0.90 0.03 27.62 66.85 -20.47
0.03 -0.92 0.02 25.42 69.73 -19.50
0.07 -1.00 0.03 27.28 76.69 -18.31
0.02 -1.03 0.05 32.08 81.98 -17.95
-0.03 -1.00 0.04 35.66 83.57 -17.95
-0.03 -0.96 0.04 37.21 84.23 -18.52
-0.02 -0.94 0.02 37.13 86.32 -18.09
-0.04 -0.92 0.03 35.88 87.19 -17.91
-0.02 -0.92 0.03 34.60 89.18 -20.03
-0.05 -0.92 0.03 33.33 89.39 -23.47
-0.05 -0.92 0.00 29.83 91.15 -28.23
-0.08 -0.99 0.00 29.30 93.79 -31.50
-0.14 -1.04 0.02 32.84 96.15 -33.53
-0.20 -1.04 0.03 37.18 96.41 -33.80
-0.24 -0.99 0.05 41.08 94.93 -30.95
-0.24 -0.91 0.06 41.98 92.31 -25.25
-0.15 -0.85 0.04 39.97 92.06 -19.10
-0.15 -0.81 0.04 36.58 94.18 -13.37
-0.15 -0.81 0.03 32.78 96.08 -11.54
-0.21 -0.83 0.04 30.03 95.25 -21.66
-0.30 -0.85 0.06 27.44 91.19 -34.03
-0.33 -0.86 0.10 26.70 84.98 -40.56
-0.27 -0.87 0.08 26.37 83.05 -42.75
-0.29 -0.84 0.08 24.06 82.15 -42.84
-0.33 -0.83 0.10 21.33 80.44 -40.41
-0.37 -0.80 0.12 18.11 76.99 -35.76
-0.36 -0.75 0.10 13.08 73.76 -30.47
-0.37 -0.74 0.08 6.35 70.95 -27.73
-0.40 -0.76 0.10 -2.23 67.02 -30.43
-0.45 -0.88 0.12 -6.41 61.21 -34.96
-0.50 -0.94 0.16 -5.10 54.89 -36.93
-0.52 -0.96 0.16 -1.98 48.52 -33.18
-0.52 -0.98 0.17 1.85 42.34 -25.76
-0.51 -0.93 0.15 4.15 37.48 -18.15
-0.51 -0.89 0.16 2.69 31.45 -15.40
-0.49 -0.86 0.15 -0.95 25.13 -16.69
-0.48 -0.87 0.15 -3.82 18.95 -16.18
-0.46 -0.87 0.14 -4.38 14.84 -12.44
-0.45 -0.87 0.16 -5.85 10.17 -10.05
-0.42 -0.88 0.17 -5.83 6.76 -6.93
-0.40 -0.88 0.16 -5.97 4.44 -4.52
-0.39 -0.88 0.15 -5.62 2.76 -2.58
-0.43 -0.89 0.17 -4.55 -0.31 -0.75
-0.48 -0.85 0.16 -5.19 -5.36 0.31
-0.49 -0.81 0.17 -7.68 -12.15 2.35
-0.49 -0.78 0.17 -12.27 -19.36 4.99
-0.46 -0.81 0.17 -16.40 -25.68 8.84
-0.44 -0.83 0.19 -18.66 -30.89 13.94
-0.42 -0.86 0.18 -19.13 -35.66 18.52
-0.37 -0.89 0.18 -19.27 -38.85 22.37
-0.35 -0.88 0.16 -19.34 -40.61 24.56
-0.37 -0.88 0.15 -20.70 -43.77 23.08
-0.39 -0.88 0.15 -23.13 -48.61 17.76
-0.39 -0.89 0.13 -25.42 -54.82 13.76
-0.35 -0.92 0.13 -26.64 -59.60 14.92
-0.29 -0.94 0.09 -28.08 -60.79 18.29
-0.28 -0.98 0.08 -28.17 -61.48 20.41
-0.27 -1.01 0.07 -25.47 -60.82 21.60
-0.30 -0.99 0.07 -22.23 -60.15 24.21
-0.34 -0.93 0.09 -22.00 -64.18 27.82
-0.28 -0.92 0.08 -22.85 -66.96 34.67
