-0.23 -1.01 0.05 -0.15 -0.18 -0.66
-0.22 -1.02 0.05 0.02 1.05 -1.36
-0.20 -0.97 0.06 -3.36 2.12 -4.89
-0.20 -0.97 0.08 -7.28 2.96 -6.17
-0.19 -1.00 0.06 -6.93 3.71 -5.65
-0.15 -1.04 0.03 -5.01 6.66 -4.76
-0.12 -1.04 -0.04 -2.27 12.69 -3.31
-0.07 -1.02 -0.13 -1.01 21.05 -1.73
-0.01 -1.03 -0.25 0.69 31.77 -1.83
0.08 -1.05 -0.39 3.27 46.05 -3.24
0.11 -1.06 -0.53 5.04 62.44 -6.26
0.21 -1.09 -0.73 6.09 83.13 -7.28
0.24 -1.15 -0.91 9.63 109.40 -5.82
0.22 -1.19 -1.09 21.66 136.32 1.59
0.29 -1.18 -1.31 25.02 170.31 9.31
0.27 -1.39 -1.50 41.18 201.53 18.38
0.33 -1.57 -1.70 74.61 235.33 32.58
0.30 -1.65 -1.89 120.41 272.75 51.62
0.25 -1.59 -2.08 167.22 306.78 67.45
0.34 -1.37 -2.38 194.82 355.39 66.67
0.27 -1.23 -2.70 204.60 408.03 49.59
-0.03 -0.84 -2.87 192.24 463.65 14.72
-0.40 -0.51 -2.98 157.86 500.05 -20.18
-0.83 -0.44 -2.92 132.21 500.26 -26.67
-0.88 -0.59 -3.14 121.45 500.26 -32.72
-1.21 -0.89 -3.20 141.48 500.26 -23.02
-2.24 -0.76 -2.84 171.94 500.26 -22.69
-2.98 -0.44 -2.23 176.06 500.26 -19.07
-3.24 -0.41 -1.64 167.85 500.26 -22.53
-3.07 -0.72 -1.47 178.40 481.77 -16.20
-2.88 -0.58 -1.22 214.70 471.04 -28.14
-2.89 -0.42 -1.04 244.34 464.99 -24.14
-2.72 -0.15 -0.96 267.74 471.13 -17.69
-2.54 0.34 -0.82 257.02 482.26 -24.43
-2.62 0.57 -0.70 227.76 486.37 -39.56
-2.80 0.70 -0.37 190.84 480.79 -57.05
-2.81 0.59 -0.09 155.54 465.98 -56.40
-3.09 0.19 0.55 143.94 416.47 -45.01
-3.19 -0.15 1.29 157.62 346.06 -18.41
-3.02 -0.38 1.71 178.70 256.76 17.31
-2.52 -0.43 1.79 198.09 178.27 32.49
-1.77 -0.25 1.52 203.13 138.50 37.57
-1.38 0.03 1.35 173.27 116.18 15.98
-1.24 0.27 1.40 117.95 82.63 -21.79
-1.18 0.43 1.48 48.20 45.42 -68.66
-1.17 0.43 1.51 -14.43 12.00 -95.34
-1.25 0.24 1.61 -54.23 -19.88 -77.65
-1.31 -0.20 1.60 -58.66 -51.13 -39.73
-1.36 -0.42 1.56 -46.56 -76.44 12.87
-1.38 -0.52 1.48 -39.86 -110.84 51.92
-1.23 -0.62 1.31 -43.69 -137.79 66.08
-1.17 -0.73 1.19 -53.97 -158.46 58.44
-1.12 -0.80 1.07 -70.66 -175.25 34.26
-1.10 -0.78 0.97 -87.82 -184.20 5.83
-1.18 -0.68 0.88 -104.87 -191.22 -15.22
-1.33 -0.56 0.83 -118.87 -201.45 -25.21
-1.56 -0.41 0.85 -133.47 -222.02 -33.39
-1.83 -0.27 0.89 -151.66 -251.37 -39.28
-2.19 -0.12 0.96 -164.93 -296.79 -37.56
-2.37 0.03 0.83 -183.01 -343.82 -33.91
-2.66 0.29 0.75 -209.63 -394.63 -28.90
-2.94 0.42 0.64 -238.50 -450.09 -22.27
-3.00 0.36 0.34 -249.69 -495.11 -12.05
-3.06 0.30 0.04 -248.87 -500.27 7.91
-3.31 0.20 -0.13 -239.82 -500.27 20.93
-3.68 0.21 -0.41 -230.96 -500.27 29.95
-3.85 0.40 -0.81 -232.08 -500.27 35.86
-3.82 0.49 -1.26 -239.13 -500.27 43.36
-3.66 0.57 -1.85 -249.56 -500.27 50.52
-3.48 0.58 -2.35 -270.21 -500.27 58.20
-3.45 0.44 -2.76 -299.18 -500.27 53.34
-3.25 0.17 -3.23 -327.07 -500.27 53.71
-2.73 -0.34 -3.70 -330.15 -500.27 58.08
-1.98 -0.87 -4.00 -305.30 -500.27 54.29
-1.02 -1.56 -4.00 -243.50 -500.27 42.55
-0.51 -2.07 -4.00 -156.52 -500.27 27.94
-0.28 -1.90 -3.92 -83.83 -417.25 14.53
-0.30 -1.57 -3.57 -49.33 -346.55 9.82
-0.29 -1.67 -3.17 -26.82 -302.21 4.34
0.16 -1.75 -3.01 -3.77 -249.86 -2.31
0.56 -1.71 -2.78 12.34 -182.44 -11.68
0.64 -1.71 -2.42 24.81 -118.08 -23.69
0.61 -1.61 -2.06 38.15 -67.11 -33.91
0.52 -1.36 -1.68 45.42 -19.13 -42.24
0.36 -1.13 -1.28 41.21 19.62 -46.09
0.19 -0.98 -0.90 33.25 47.04 -49.69
0.01 -0.91 -0.60 21.54 69.27 -50.70
-0.32 -0.90 -0.25 10.85 72.63 -57.25
-0.48 -0.94 0.01 5.16 62.84 -66.76
-0.36 -1.04 0.07 8.08 64.52 -71.44
-0.35 -1.02 0.09 16.85 65.56 -73.92
-0.34 -0.96 0.10 25.11 63.86 -72.73
-0.32 -0.87 0.09 33.25 65.02 -65.63
-0.39 -0.70 0.10 36.56 60.43 -55.69
-0.39 -0.51 0.06 28.58 55.39 -43.47
-0.35 -0.47 0.06 14.52 50.29 -31.42
-0.26 -0.57 0.01 1.76 46.31 -25.05
-0.19 -0.71 -0.00 -4.92 45.47 -22.11
-0.17 -0.87 0.02 -4.82 42.00 -21.28
-0.11 -0.97 -0.00 -0.73 43.80 -22.63
