-0.29 -1.01 0.07 -11.48 -9.63 -3.85
-0.31 -1.03 0.10 -8.02 -15.22 -3.42
-0.32 -1.02 0.09 -6.76 -18.67 -3.68
-0.32 -0.99 0.07 -7.65 -21.76 -4.05
-0.34 -0.97 0.05 -10.58 -25.39 -5.07
-0.40 -0.96 -0.01 -15.65 -31.27 -7.08
-0.30 -1.00 -0.25 -25.36 -32.06 -13.62
-0.18 -1.09 -0.56 -37.48 -24.69 -26.81
-0.03 -1.23 -0.93 -47.30 -12.38 -38.60
0.21 -1.42 -1.34 -49.63 9.34 -46.76
0.51 -1.71 -1.83 -38.00 46.82 -59.22
0.83 -1.81 -2.31 -15.73 99.95 -62.90
0.98 -1.90 -2.63 23.88 167.25 -59.18
0.91 -1.87 -2.75 75.59 228.18 -53.39
0.78 -1.67 -2.82 122.44 284.52 -47.63
0.64 -1.55 -2.91 156.21 338.53 -48.82
0.57 -1.45 -3.12 187.89 403.25 -59.63
0.41 -1.21 -3.22 215.24 468.35 -67.39
0.03 -0.65 -3.31 231.25 500.26 -63.36
-0.23 -0.61 -3.29 247.07 500.26 -59.33
-0.73 -0.27 -3.08 243.07 500.26 -51.85
-1.24 -0.10 -2.78 233.08 500.26 -32.76
-1.60 -0.00 -2.54 222.38 500.26 -18.47
-1.95 0.04 -2.25 212.78 500.26 -1.27
-2.19 -0.04 -1.94 209.85 500.26 13.68
-2.25 -0.14 -1.81 210.76 500.26 23.39
-2.60 -0.26 -1.45 221.56 500.26 28.73
-2.85 -0.26 -0.99 224.49 500.26 27.98
-2.98 -0.19 -0.59 218.81 487.18 20.92
-2.91 -0.12 -0.28 204.53 443.36 21.60
-2.78 -0.08 -0.12 193.48 407.08 22.78
-2.74 -0.05 0.10 180.64 377.80 27.24
-2.75 -0.14 0.27 170.82 347.21 30.60
-2.85 -0.13 0.53 156.12 312.90 22.20
-2.83 -0.09 0.75 133.80 275.15 7.71
-2.78 -0.08 0.93 109.79 234.46 -8.53
-2.53 -0.15 1.02 94.37 205.89 -18.56
-2.36 -0.31 0.98 85.45 171.42 -21.15
-2.15 -0.22 0.98 88.31 156.23 -8.31
-1.83 -0.42 0.82 88.18 138.96 -12.18
-1.61 -0.32 0.82 96.09 139.25 -10.50
-1.59 -0.17 0.92 95.02 110.50 -11.02
-1.29 -0.01 0.86 74.95 97.79 -15.25
-1.18 -0.02 0.84 58.23 82.78 -18.92
-1.26 0.08 0.92 28.75 44.60 -14.32
-1.09 0.05 0.86 -2.72 12.02 -14.46
-1.05 -0.05 0.82 -23.18 -2.78 -25.25
-1.06 -0.12 0.83 -35.24 -9.42 -35.92
-1.16 -0.07 0.83 -46.96 -20.53 -33.37
-1.23 -0.08 0.88 -50.15 -33.80 -23.04
-1.31 -0.08 0.92 -50.47 -53.69 -2.66
-1.39 -0.19 0.92 -50.72 -75.66 10.56
-1.49 -0.22 0.94 -60.20 -100.12 4.79
-1.62 -0.27 0.97 -81.69 -128.31 -21.33
-1.71 -0.27 0.95 -107.79 -158.98 -54.37
-1.77 -0.24 0.87 -129.94 -191.47 -78.09
-1.80 -0.13 0.83 -147.19 -220.87 -85.39
-1.89 -0.01 0.78 -160.58 -253.71 -86.89
-2.18 0.21 0.82 -182.27 -293.48 -88.37
-2.47 0.44 0.86 -200.69 -351.04 -87.89
-2.73 0.60 0.73 -234.46 -419.19 -77.48
-2.81 0.47 0.42 -250.08 -482.64 -60.60
-2.85 0.33 -0.02 -265.82 -500.27 -33.42
-2.88 0.18 -0.46 -276.58 -500.27 -9.37
-2.99 0.07 -0.79 -289.86 -500.27 -4.46
-3.15 0.14 -1.10 -308.90 -500.27 -8.98
-3.18 0.05 -1.49 -316.61 -500.27 -2.55
-3.26 -0.13 -1.84 -315.19 -500.27 -6.95
-3.17 -0.32 -2.20 -305.44 -500.27 -25.60
-3.08 -0.41 -2.65 -310.76 -500.27 -50.47
-2.91 -0.49 -2.89 -300.21 -500.27 -50.78
-2.64 -0.74 -3.18 -267.97 -500.27 -53.56
-2.11 -1.04 -3.54 -246.21 -500.27 -68.72
-0.61 -1.39 -4.00 -223.57 -500.27 -59.73
0.76 -1.94 -4.00 -183.53 -500.27 -84.00
0.93 -2.19 -4.00 -100.93 -356.93 -90.58
0.50 -1.96 -3.38 -4.55 -272.87 -59.79
0.41 -1.48 -3.03 62.67 -226.12 -27.39
0.65 -1.00 -2.86 83.02 -178.85 -15.04
0.91 -0.64 -2.66 65.77 -123.02 -20.12
0.85 -0.56 -2.34 41.92 -74.06 -24.61
0.67 -0.64 -1.98 30.00 -38.38 -22.37
0.56 -0.80 -1.73 34.05 -8.12 -10.52
0.41 -0.88 -1.48 42.41 19.80 -0.76
0.21 -0.94 -1.25 46.66 39.91 -0.90
-0.03 -1.02 -0.97 49.86 50.47 -2.37
-0.22 -1.05 -0.75 53.66 51.27 -6.35
-0.21 -1.01 -0.59 56.56 53.66 -11.11
-0.19 -0.90 -0.52 56.95 57.60 -10.69
-0.17 -0.79 -0.41 53.36 62.78 -6.96
-0.20 -0.68 -0.32 45.40 65.83 -1.50
-0.35 -0.69 -0.20 25.79 62.29 -4.27
-0.41 -0.73 -0.01 19.74 49.83 -0.56
-0.33 -0.74 0.02 12.34 42.26 5.10
-0.27 -0.86 -0.00 9.60 42.63 6.02
-0.34 -0.88 0.13 3.18 33.83 3.62
-0.36 -0.91 0.20 2.41 27.45 4.81
-0.41 -0.86 0.25 -3.10 18.87 2.96
-0.43 -0.87 0.29 -12.37 8.70 0.58
-0.40 -0.90 0.29 -16.52 -1.33 1.85
