-0.11 -0.91 -0.09 -2.40 -1.95 3.53
-0.10 -0.92 -0.11 -3.16 -3.83 2.14
-0.11 -0.93 -0.11 -3.31 -5.47 0.84
-0.09 -0.94 -0.13 -3.02 -6.18 0.52
-0.08 -0.96 -0.12 -2.67 -6.09 0.32
-0.09 -0.97 -0.13 -0.92 -6.20 1.42
-0.09 -0.97 -0.12 0.87 -6.69 2.37
-0.10 -0.97 -0.13 3.40 -6.37 3.66
-0.07 -0.99 -0.15 5.42 -5.31 4.49
-0.08 -0.99 -0.17 3.45 -4.81 -5.37
-0.18 -0.95 -0.15 2.53 -10.38 -5.07
-0.21 -0.94 -0.18 4.44 -10.81 -0.06
-0.22 -0.95 -0.18 5.85 -14.73 4.34
-0.17 -0.98 -0.22 7.19 -17.86 3.76
-0.04 -1.03 -0.30 8.47 -15.80 -0.61
-0.02 -1.00 -0.34 8.66 -11.08 -5.71
-0.06 -0.99 -0.39 7.59 -8.60 -10.93
-0.08 -0.98 -0.41 7.94 -6.98 -9.04
-0.05 -0.97 -0.49 8.89 1.77 -2.32
-0.09 -1.01 -0.49 13.16 2.43 3.88
-0.05 -1.04 -0.53 20.63 7.44 10.99
-0.05 -1.01 -0.54 25.21 11.92 15.85
-0.02 -1.01 -0.56 26.93 16.76 15.94
-0.02 -0.98 -0.58 25.42 23.28 16.69
-0.03 -0.94 -0.58 19.80 29.83 16.50
-0.05 -0.94 -0.59 11.25 34.27 13.34
-0.06 -0.93 -0.56 -1.27 37.62 9.59
-0.05 -0.89 -0.69 -10.99 43.10 2.85
-0.10 -1.00 -0.52 -21.86 49.53 2.12
-0.14 -1.09 -0.44 -22.72 51.30 1.50
-0.20 -1.10 -0.40 -21.25 52.31 3.85
-0.15 -1.10 -0.37 -18.98 48.41 3.71
-0.08 -1.05 -0.50 -14.92 52.67 6.43
-0.08 -1.09 -0.41 -13.34 60.92 5.44
-0.09 -1.07 -0.40 -9.79 62.11 -0.17
-0.15 -1.03 -0.42 -10.02 65.89 -0.26
-0.10 -1.01 -0.39 -11.57 72.03 -2.81
-0.18 -0.95 -0.38 -15.01 73.63 -2.40
-0.18 -0.98 -0.34 -17.18 72.85 -0.89
-0.22 -1.06 -0.27 -15.50 72.66 3.97
-0.19 -0.98 -0.31 -15.30 71.50 6.81
-0.24 -1.01 -0.28 -13.57 70.64 6.75
-0.06 -1.00 -0.32 -12.90 72.43 6.47
-0.12 -0.99 -0.31 -14.79 75.53 3.24
-0.11 -1.00 -0.30 -16.93 77.05 0.90
-0.20 -0.99 -0.29 -18.15 73.62 -4.58
-0.06 -1.00 -0.30 -21.27 74.64 -3.65
-0.14 -1.06 -0.24 -16.93 77.57 -6.34
-0.18 -0.98 -0.25 -20.46 73.85 -4.09
-0.13 -1.01 -0.24 -18.37 72.55 -1.57
-0.10 -0.96 -0.26 -13.60 79.69 -1.79
-0.12 -0.98 -0.24 -13.89 76.63 -5.30
-0.11 -0.98 -0.23 -17.65 77.11 -8.32
-0.08 -1.02 -0.21 -14.93 78.85 -12.60
-0.18 -0.96 -0.17 -11.01 78.87 -11.31
-0.22 -0.99 -0.15 -8.06 74.92 -5.62
-0.20 -0.95 -0.15 -7.07 71.02 -2.70
-0.18 -1.04 -0.10 -3.66 67.47 -1.66
-0.09 -0.98 -0.15 -0.14 67.86 4.02
-0.08 -0.99 -0.16 1.18 71.91 5.85
-0.10 -0.92 -0.17 2.26 75.22 4.69
-0.10 -0.94 -0.14 -0.18 75.07 1.50
-0.14 -0.92 -0.10 -2.38 72.44 1.10
-0.22 -0.91 -0.04 -3.82 69.36 1.27
-0.26 -0.91 0.03 -8.53 62.46 1.79
-0.19 -1.00 0.03 -5.01 61.08 3.42
-0.23 -0.96 0.06 -0.44 59.60 4.75
-0.26 -0.94 0.10 -7.51 52.14 0.96
-0.19 -1.00 0.09 -7.73 46.98 -2.49
-0.19 -0.99 0.11 -8.24 43.44 -1.73
-0.19 -1.02 0.12 -7.36 39.47 -2.15
-0.20 -1.00 0.15 -7.18 35.54 -3.34
-0.22 -0.99 0.14 -8.61 31.28 -5.24
-0.22 -0.98 0.17 -11.76 26.41 -6.40
-0.21 -1.01 0.18 -13.50 21.69 -7.34
-0.22 -1.03 0.20 -12.41 15.98 -7.02
-0.23 -1.07 0.22 -9.04 8.85 -7.50
-0.19 -1.09 0.21 -3.56 2.78 -10.38
-0.20 -1.08 0.23 4.14 -2.53 -11.68
-0.21 -1.01 0.21 10.78 -9.05 -11.42
-0.20 -0.94 0.18 13.48 -15.47 -10.05
-0.16 -0.86 0.15 12.35 -20.12 -8.64
-0.17 -0.80 0.12 7.13 -25.08 -7.07
-0.15 -0.80 0.10 0.35 -30.43 -6.96
-0.13 -0.82 0.07 -4.17 -33.76 -6.70
-0.17 -0.83 0.09 -8.46 -38.20 -6.02
-0.13 -0.86 0.03 -12.40 -43.19 -6.03
-0.08 -0.92 0.01 -12.64 -43.07 -2.24
-0.10 -0.94 -0.03 -12.06 -44.85 -0.72
-0.07 -1.01 -0.05 -9.89 -44.99 3.19
-0.08 -1.02 -0.11 -6.75 -45.65 1.08
-0.14 -1.04 -0.10 -6.79 -51.45 -1.92
-0.12 -1.07 -0.13 -4.89 -55.82 -4.15
-0.03 -1.13 -0.17 1.97 -54.78 -3.77
0.04 -1.15 -0.20 12.35 -48.46 1.34
-0.03 -1.07 -0.18 18.73 -43.97 3.82
-0.12 -0.99 -0.17 20.41 -48.72 2.35
-0.16 -0.96 -0.17 18.84 -49.31 8.90
-0.17 -0.95 -0.22 17.94 -57.83 10.46
-0.03 -0.99 -0.23 14.41 -56.90 7.25
