-0.21 -0.74 0.05 -26.63 -19.24 0.56
-0.19 -0.70 0.03 -31.21 -22.00 5.16
-0.14 -0.69 0.00 -38.37 -24.21 6.87
-0.08 -0.75 -0.03 -47.47 -24.49 4.08
-0.05 -0.85 -0.02 -56.05 -25.54 -2.78
0.04 -1.05 -0.02 -57.65 -23.07 -6.92
0.16 -1.26 -0.05 -49.71 -14.41 -2.81
0.16 -1.48 -0.02 -34.95 -3.24 1.82
0.16 -1.67 0.00 -11.95 5.27 6.84
0.22 -1.69 -0.03 11.40 13.69 11.66
0.31 -1.59 -0.08 24.14 22.85 10.96
0.41 -1.55 -0.12 31.40 35.69 8.82
0.50 -1.51 -0.15 35.60 51.19 7.68
0.53 -1.50 -0.16 40.67 70.44 7.11
0.47 -1.54 -0.13 49.37 86.08 5.08
0.43 -1.58 -0.11 63.92 98.99 1.74
0.39 -1.52 -0.12 79.80 112.08 -2.55
0.33 -1.42 -0.15 88.93 120.93 -9.86
0.30 -1.29 -0.17 91.42 126.93 -19.45
0.30 -1.24 -0.19 91.94 132.92 -30.29
0.28 -1.22 -0.19 92.56 138.82 -38.75
0.28 -1.20 -0.21 95.65 149.30 -38.08
0.24 -1.20 -0.24 101.57 162.41 -42.40
0.16 -1.13 -0.24 106.52 171.74 -47.60
0.03 -1.07 -0.23 109.73 176.46 -50.18
-0.07 -1.01 -0.20 111.57 174.67 -45.30
-0.08 -0.96 -0.19 112.63 170.87 -38.82
-0.02 -0.96 -0.21 115.76 173.25 -31.51
0.00 -0.92 -0.22 119.13 181.05 -23.47
-0.03 -0.86 -0.24 119.80 188.95 -17.47
-0.01 -0.84 -0.25 121.36 198.58 -17.33
-0.10 -0.83 -0.25 122.99 207.47 -19.37
-0.27 -0.76 -0.27 113.15 207.01 -35.63
-0.44 -0.79 -0.24 96.34 198.89 -62.82
-0.49 -0.93 -0.20 80.95 189.86 -88.73
-0.51 -1.13 -0.17 79.48 188.05 -96.69
-0.52 -1.21 -0.15 87.04 191.59 -90.72
-0.56 -1.25 -0.12 104.29 198.31 -72.06
-0.59 -1.11 -0.12 119.19 199.86 -52.15
-0.56 -0.94 -0.16 126.31 203.74 -30.32
-0.69 -0.70 -0.14 123.36 197.69 -24.31
-0.73 -0.46 -0.14 102.17 182.58 -40.75
-0.73 -0.49 -0.13 74.05 168.58 -69.45
-0.74 -0.67 -0.07 56.95 160.06 -86.93
-0.92 -0.89 0.02 56.17 151.05 -87.19
-1.05 -1.05 0.10 70.58 138.03 -70.06
-1.02 -0.96 0.12 83.82 122.24 -54.69
-0.88 -0.77 0.08 86.96 111.62 -45.51
-0.81 -0.59 0.08 79.56 103.40 -43.42
-0.84 -0.43 0.10 64.14 93.48 -44.92
-0.89 -0.37 0.14 44.93 80.02 -45.02
-0.89 -0.37 0.17 28.98 66.82 -39.15
-0.79 -0.43 0.19 16.58 57.54 -30.11
-0.71 -0.54 0.20 11.69 54.12 -20.06
-0.74 -0.59 0.22 12.20 49.77 -9.95
-0.76 -0.58 0.21 10.98 42.14 -5.62
-0.76 -0.52 0.19 5.01 33.60 -7.16
-0.84 -0.51 0.19 -3.51 22.87 -9.71
-0.88 -0.49 0.19 -12.37 10.09 -8.58
-0.89 -0.55 0.19 -19.08 -2.02 -3.07
-0.88 -0.61 0.18 -21.13 -11.71 8.02
-0.93 -0.65 0.19 -20.63 -22.82 19.13
-0.92 -0.62 0.18 -22.26 -35.95 25.51
-0.83 -0.56 0.14 -28.15 -46.55 25.94
-0.77 -0.52 0.12 -36.89 -54.98 26.09
-0.71 -0.49 0.10 -45.68 -60.40 27.07
-0.68 -0.49 0.09 -54.92 -65.85 30.31
-0.68 -0.54 0.10 -62.50 -70.52 36.14
-0.72 -0.62 0.11 -66.69 -77.69 43.42
-0.79 -0.71 0.14 -66.90 -88.98 51.77
-0.81 -0.76 0.14 -65.31 -102.82 57.65
-0.72 -0.78 0.07 -65.47 -114.26 55.05
-0.53 -0.76 -0.00 -68.49 -115.22 44.67
-0.48 -0.73 -0.01 -73.08 -113.19 33.82
-0.49 -0.74 0.00 -75.97 -109.73 28.31
-0.59 -0.70 0.03 -80.05 -111.51 28.99
-0.61 -0.67 0.04 -85.66 -116.61 35.65
-0.64 -0.67 0.02 -90.35 -122.60 46.02
-0.70 -0.68 0.02 -96.72 -132.63 56.63
-0.71 -0.74 0.00 -100.89 -143.73 66.63
-0.48 -0.82 -0.09 -102.50 -147.53 71.86
-0.27 -0.92 -0.17 -100.27 -133.80 70.79
-0.34 -0.99 -0.16 -93.28 -118.44 68.21
-0.60 -0.90 -0.07 -89.91 -119.92 61.28
-0.68 -0.78 -0.06 -98.70 -134.63 53.91
-0.59 -0.83 -0.10 -106.73 -145.21 57.74
-0.49 -0.91 -0.12 -108.84 -146.76 77.16
-0.46 -0.98 -0.12 -105.22 -143.33 101.68
-0.54 -1.01 -0.11 -100.55 -143.10 115.57
-0.52 -1.00 -0.17 -96.89 -145.24 113.24
-0.42 -0.96 -0.19 -97.42 -144.58 100.46
-0.38 -0.95 -0.19 -104.35 -144.35 88.15
-0.32 -1.03 -0.18 -110.47 -145.08 78.37
-0.23 -1.16 -0.16 -109.94 -142.50 74.37
-0.13 -1.26 -0.12 -101.69 -135.37 75.07
-0.09 -1.30 -0.11 -88.72 -125.33 75.51
-0.16 -1.25 -0.08 -74.98 -120.05 69.68
-0.28 -1.07 -0.03 -74.73 -128.34 53.88
-0.17 -1.04 -0.06 -85.10 -138.87 37.56
0.04 -1.15 -0.05 -89.65 -139.92 27.59
