-0.11 -1.01 -0.04 7.25 -7.18 0.69
-0.17 -0.97 -0.02 7.85 -9.71 0.40
-0.16 -0.98 -0.03 7.73 -11.04 -14.35
-0.16 -0.88 -0.06 4.11 -12.99 5.15
-0.25 -0.89 -0.04 0.61 -19.31 2.76
-0.31 -0.75 -0.01 -13.59 -33.47 3.22
-0.22 -0.92 -0.01 -15.30 -42.53 -0.26
-0.14 -1.01 -0.02 -8.60 -44.26 2.90
-0.07 -1.00 -0.08 -1.94 -38.64 8.21
-0.01 -0.99 -0.12 0.37 -29.80 11.11
-0.00 -1.00 -0.12 -0.05 -23.88 8.95
-0.01 -1.00 -0.12 -2.47 -21.07 8.58
-0.01 -1.09 -0.09 -2.50 -21.11 10.35
0.11 -1.28 -0.08 7.31 -16.06 21.33
0.22 -1.41 -0.07 27.51 -3.89 41.77
0.30 -1.38 -0.13 47.76 12.17 55.89
0.37 -1.28 -0.17 59.11 27.11 67.69
0.30 -1.21 -0.20 62.70 37.80 57.31
0.32 -1.09 -0.22 58.31 42.92 45.30
0.38 -1.02 -0.23 48.67 47.22 30.60
0.48 -1.06 -0.22 40.14 59.73 20.00
0.35 -1.16 -0.16 36.32 62.67 10.35
0.46 -1.28 -0.16 43.53 69.45 5.02
0.60 -1.29 -0.18 54.72 90.75 10.52
0.42 -1.33 -0.19 65.56 106.26 4.03
0.48 -1.26 -0.21 75.31 118.64 2.73
0.41 -1.23 -0.20 84.92 128.64 -2.23
0.39 -1.14 -0.25 90.24 137.02 -7.79
0.36 -1.05 -0.31 87.62 146.06 -14.18
0.35 -1.03 -0.33 80.81 157.28 -20.72
0.34 -1.13 -0.30 80.31 172.49 -19.97
0.26 -1.23 -0.26 90.24 188.37 -11.04
0.14 -1.22 -0.23 104.56 200.61 -1.16
0.01 -1.13 -0.22 116.58 203.60 1.05
-0.03 -1.00 -0.26 120.50 202.37 -1.36
-0.07 -0.84 -0.29 113.04 199.11 -11.98
-0.08 -0.76 -0.33 98.82 195.66 -30.79
-0.13 -0.78 -0.33 82.73 195.25 -47.57
-0.24 -0.88 -0.25 72.14 192.21 -59.28
-0.29 -0.98 -0.17 69.24 188.49 -62.58
-0.28 -1.04 -0.13 73.47 187.02 -55.44
-0.28 -1.02 -0.09 79.30 187.56 -41.30
-0.28 -0.94 -0.11 83.21 186.61 -32.85
-0.28 -0.86 -0.15 77.04 184.67 -37.15
-0.29 -0.88 -0.12 67.31 180.29 -49.02
-0.24 -0.93 -0.11 62.11 178.50 -59.30
-0.24 -0.97 -0.11 59.47 182.60 -64.26
-0.31 -0.96 -0.06 56.95 182.67 -69.15
-0.35 -0.95 -0.04 56.60 179.28 -70.92
-0.40 -0.91 -0.04 55.63 177.11 -67.50
-0.42 -0.88 -0.03 51.89 175.11 -61.73
-0.40 -0.87 -0.05 48.34 174.23 -55.21
-0.37 -0.88 -0.05 45.63 176.49 -48.02
-0.38 -0.91 -0.04 42.93 176.35 -47.56
-0.40 -0.98 0.02 42.47 173.71 -50.18
-0.45 -1.05 0.08 48.89 169.48 -48.05
-0.42 -1.02 0.08 57.68 165.94 -40.09
-0.40 -0.90 -0.00 61.94 165.86 -35.21
-0.49 -0.75 -0.03 53.73 161.10 -40.66
-0.48 -0.74 -0.01 42.55 154.84 -49.07
-0.50 -0.73 -0.03 30.55 151.39 -54.11
-0.62 -0.69 -0.03 12.47 146.78 -58.84
-0.82 -0.80 0.04 -0.05 135.07 -55.10
-0.98 -1.04 0.14 5.62 117.44 -42.53
-0.83 -1.10 0.10 18.92 106.40 -29.97
-0.68 -1.07 0.08 29.85 104.87 -20.72
-0.73 -0.96 0.10 34.73 98.24 -20.99
-0.79 -0.86 0.15 32.08 82.29 -34.17
-0.76 -0.79 0.14 26.61 66.58 -44.84
-0.72 -0.74 0.13 21.22 56.76 -43.60
-0.67 -0.69 0.10 16.21 52.23 -33.40
-0.67 -0.64 0.09 8.82 48.55 -22.31
-0.74 -0.62 0.10 -0.20 41.60 -14.24
-0.82 -0.72 0.13 -4.87 30.73 -7.39
-0.82 -0.78 0.12 -4.81 20.87 -1.86
-0.85 -0.82 0.11 -3.08 10.49 -1.62
-0.90 -0.81 0.11 -1.13 -2.47 -5.19
-0.91 -0.75 0.09 -1.34 -15.40 -6.14
-0.88 -0.67 0.07 -3.98 -27.11 -3.37
-0.84 -0.61 0.05 -9.25 -38.32 2.63
-0.80 -0.59 0.04 -15.16 -47.85 9.66
-0.77 -0.57 0.04 -21.71 -57.74 16.90
-0.69 -0.59 0.01 -28.49 -66.20 21.40
-0.65 -0.65 0.01 -33.68 -72.82 25.60
-0.60 -0.67 0.00 -37.33 -78.43 27.69
-0.55 -0.71 -0.04 -40.90 -81.92 24.52
-0.51 -0.73 -0.06 -44.87 -82.89 19.33
-0.61 -0.78 -0.03 -45.83 -87.21 18.92
-0.65 -0.80 0.00 -46.31 -97.76 22.17
-0.56 -0.85 -0.04 -45.88 -103.79 30.93
-0.50 -0.85 -0.07 -46.85 -105.69 40.27
-0.51 -0.86 -0.08 -48.56 -108.08 45.59
-0.52 -0.85 -0.08 -49.83 -113.02 44.44
-0.47 -0.81 -0.14 -54.14 -117.10 36.85
-0.50 -0.79 -0.11 -60.31 -122.12 31.24
-0.51 -0.81 -0.09 -66.40 -130.24 30.82
-0.42 -0.86 -0.09 -69.91 -135.04 36.35
-0.35 -0.92 -0.10 -70.35 -135.53 42.41
-0.35 -0.95 -0.10 -68.23 -136.23 45.18
-0.38 -0.95 -0.12 -66.49 -138.32 44.84
