0.50 -1.11 -1.47 20.41 143.77 -29.34
0.47 -1.04 -1.54 23.56 172.27 -29.15
0.41 -0.94 -1.61 20.84 203.22 -31.15
0.36 -0.88 -1.71 16.60 237.65 -31.53
0.28 -0.84 -1.74 12.35 278.12 -31.01
0.07 -0.84 -1.74 6.34 314.08 -29.88
-0.11 -0.81 -1.67 -1.76 342.78 -30.02
-0.26 -0.75 -1.62 -12.92 371.37 -28.49
-0.42 -0.76 -1.59 -17.07 393.95 -26.66
-0.52 -0.69 -1.55 -24.52 417.77 -20.73
-0.63 -0.65 -1.52 -33.39 437.98 -7.04
-0.69 -0.65 -1.50 -35.54 458.73 4.60
-0.80 -0.54 -1.43 -35.91 473.24 20.82
-0.98 -0.49 -1.31 -40.84 472.23 29.21
-1.14 -0.44 -1.10 -49.95 456.47 37.27
-1.07 -0.49 -1.02 -57.24 446.29 50.40
-1.04 -0.61 -0.97 -51.16 438.69 61.31
-0.93 -0.65 -0.98 -38.67 438.37 73.07
-0.88 -0.64 -1.02 -26.56 448.69 86.12
-0.99 -0.59 -0.98 -11.02 449.25 88.06
-1.13 -0.36 -0.89 -13.66 444.81 95.13
-1.17 -0.34 -0.83 -25.34 442.61 99.18
-1.25 -0.31 -0.69 -37.22 438.76 102.15
-1.29 -0.47 -0.58 -47.47 437.21 112.26
-1.58 -0.64 -0.34 -43.60 415.02 115.44
-1.82 -0.76 0.02 -43.89 376.82 120.06
-2.00 -1.02 0.35 -44.15 328.20 119.19
-2.13 -1.26 0.65 -35.05 269.63 118.11
-2.06 -1.49 0.74 -19.07 218.47 111.73
-1.90 -1.54 0.72 -5.51 184.06 103.33
-1.82 -1.53 0.76 0.93 163.16 89.76
-1.91 -1.52 0.93 -2.55 134.20 64.11
-2.03 -1.57 1.22 -11.21 96.27 38.47
-2.05 -1.68 1.42 -8.03 54.98 20.15
-2.10 -1.76 1.56 7.39 12.38 6.66
-2.13 -1.78 1.65 29.85 -32.53 1.07
-2.07 -1.76 1.64 54.06 -75.62 1.71
-1.99 -1.69 1.52 68.09 -119.94 3.08
-1.93 -1.56 1.39 62.44 -173.95 -3.07
-1.83 -1.44 1.21 32.66 -228.40 -20.61
-1.66 -1.51 0.98 2.84 -268.37 -52.29
-1.51 -1.60 0.78 -12.00 -293.28 -77.25
-1.43 -1.69 0.65 -9.08 -308.64 -91.02
-1.43 -1.74 0.60 7.60 -321.11 -94.46
-1.51 -1.75 0.61 32.35 -340.27 -93.68
-1.57 -1.70 0.55 58.69 -367.54 -91.33
-1.61 -1.54 0.42 80.12 -396.26 -87.80
-1.56 -1.31 0.20 92.26 -419.65 -83.60
-1.55 -1.03 0.02 94.82 -437.82 -78.47
-1.55 -0.67 -0.14 84.05 -454.41 -70.85
-1.52 -0.43 -0.29 66.08 -464.52 -54.06
-1.50 -0.26 -0.45 47.68 -475.44 -32.63
-1.54 -0.23 -0.48 29.37 -490.47 -11.48
-1.56 -0.27 -0.55 13.34 -500.27 8.55
-1.50 -0.34 -0.67 2.89 -500.27 24.67
-1.38 -0.34 -0.88 -0.18 -500.27 38.60
-1.28 -0.25 -1.07 -2.03 -500.27 54.24
-1.17 -0.16 -1.23 -9.91 -500.27 66.75
-1.04 -0.10 -1.48 -28.72 -500.27 74.46
-0.96 0.04 -1.62 -62.50 -495.28 75.40
-0.76 0.01 -1.79 -99.92 -476.40 76.78
-0.49 -0.22 -1.93 -120.89 -444.41 79.15
-0.16 -0.56 -2.05 -113.80 -392.50 90.08
0.02 -0.78 -2.09 -90.90 -332.72 99.24
-0.02 -0.81 -1.96 -74.44 -284.29 99.86
-0.21 -0.74 -1.79 -82.26 -258.08 86.37
-0.29 -0.80 -1.68 -102.60 -244.24 65.62
-0.11 -1.16 -1.66 -103.42 -221.65 47.37
-0.00 -1.41 -1.67 -75.54 -194.85 40.23
-0.05 -1.47 -1.53 -45.94 -165.13 43.76
-0.09 -1.38 -1.39 -24.70 -150.15 42.21
0.07 -1.41 -1.37 -17.59 -129.28 33.04
0.17 -1.44 -1.32 -11.22 -102.46 21.95
0.21 -1.40 -1.23 -9.74 -76.82 10.12
0.25 -1.39 -1.14 -8.06 -52.73 -0.52
0.22 -1.33 -1.03 -5.57 -34.85 -11.02
0.15 -1.22 -0.91 -5.59 -20.05 -14.78
0.09 -1.18 -0.80 -3.30 -7.79 -15.91
0.05 -1.15 -0.70 0.70 0.53 -15.62
0.04 -1.13 -0.60 4.84 6.81 -12.98
-0.01 -1.07 -0.52 6.34 12.72 -11.30
-0.07 -1.05 -0.40 5.28 14.20 -11.40
-0.06 -1.06 -0.30 5.73 16.63 -9.69
-0.06 -1.05 -0.27 10.75 20.64 -7.74
-0.07 -0.94 -0.25 9.86 24.67 -5.80
-0.13 -0.87 -0.19 3.27 26.23 -3.98
-0.16 -0.87 -0.16 -3.60 26.93 -0.99
-0.17 -0.94 -0.11 -5.66 28.26 3.79
-0.19 -1.02 -0.09 -2.44 28.18 7.28
-0.19 -1.06 -0.05 3.02 27.15 9.92
-0.19 -1.08 -0.06 8.85 24.46 9.60
-0.17 -1.07 -0.07 12.64 22.66 7.63
-0.16 -1.03 -0.06 13.39 20.89 4.82
-0.14 -1.01 -0.09 11.25 20.12 0.52
-0.10 -1.00 -0.08 5.48 19.82 -5.66
-0.12 -0.96 -0.09 -1.40 19.94 -9.04
-0.15 -0.96 -0.06 -5.54 18.87 -8.02
-0.14 -1.02 -0.03 -5.85 17.25 -4.53
-0.12 -1.10 -0.02 -2.53 15.68 -3.91
-0.10 -1.14 -0.04 2.46 13.13 -6.63
