0.05 -1.02 -0.59 10.31 1.66 12.61
0.28 -1.14 -0.90 11.01 7.73 12.02
0.50 -1.22 -1.22 7.59 26.75 0.64
0.55 -1.25 -1.43 -1.59 46.02 -19.80
0.58 -1.29 -1.67 -17.27 75.76 -34.96
0.56 -1.40 -1.80 -23.28 111.57 -46.87
0.47 -1.53 -1.87 -14.44 153.02 -46.12
0.38 -1.59 -1.89 6.08 197.77 -43.53
0.28 -1.55 -1.94 26.56 242.89 -41.39
0.12 -1.46 -1.95 45.95 287.13 -50.82
-0.05 -1.28 -1.99 60.72 328.55 -51.56
-0.16 -1.10 -2.08 68.34 378.76 -47.08
-0.36 -0.89 -2.11 66.63 425.40 -42.79
-0.42 -0.70 -2.19 54.21 479.62 -39.21
-0.56 -0.58 -2.30 42.15 500.26 -26.82
-0.81 -0.43 -2.30 32.27 500.26 -15.30
-1.06 -0.24 -2.31 14.53 500.26 -5.74
-1.31 -0.05 -2.25 -12.84 500.26 8.44
-1.59 -0.12 -2.13 -38.14 500.26 16.06
-2.12 -0.26 -1.60 -62.24 500.26 2.60
-2.31 -0.49 -1.08 -80.44 500.26 10.03
-2.22 -0.90 -0.78 -62.87 500.26 20.58
-2.03 -0.99 -0.62 -24.99 500.26 42.53
-1.94 -0.98 -0.50 20.00 500.26 63.07
-2.09 -0.68 -0.21 45.73 500.26 79.66
-2.20 -0.48 0.05 45.11 455.66 90.95
-2.34 -0.50 0.48 31.62 383.30 88.14
-2.29 -0.65 0.84 15.94 307.65 78.81
-2.07 -0.89 0.98 16.24 244.58 78.64
-1.86 -0.99 1.06 27.94 204.55 82.76
-1.76 -0.94 1.18 37.22 171.69 86.37
-1.67 -0.89 1.33 32.78 137.68 82.76
-1.52 -0.94 1.43 18.78 103.13 69.21
-1.40 -1.02 1.52 3.25 71.11 45.95
-1.32 -1.02 1.55 -16.18 40.49 23.39
-1.36 -1.09 1.60 -31.56 7.62 2.67
-1.41 -1.16 1.63 -37.71 -30.55 -8.31
-1.44 -1.21 1.65 -35.11 -69.33 -12.09
-1.45 -1.24 1.57 -26.92 -110.20 -12.92
-1.43 -1.23 1.44 -18.12 -152.75 -15.10
-1.41 -1.15 1.28 -15.02 -191.57 -19.53
-1.35 -1.08 1.10 -17.44 -225.08 -22.09
-1.33 -1.09 0.91 -18.96 -258.44 -23.40
-1.25 -1.12 0.76 -18.60 -288.61 -23.77
-1.14 -1.25 0.66 -11.15 -310.02 -18.26
-0.84 -1.30 0.49 5.30 -324.31 -2.46
-0.86 -1.53 0.45 32.09 -322.92 -21.19
-0.79 -1.48 0.42 48.69 -319.59 -28.06
-0.93 -1.40 0.35 53.47 -327.57 -39.62
-0.93 -1.09 0.29 38.31 -337.30 -44.76
-1.12 -1.02 0.30 20.98 -368.00 -54.18
-1.13 -0.91 0.17 4.35 -390.67 -54.38
-1.05 -0.78 0.01 -10.90 -406.52 -44.95
-1.01 -0.61 -0.05 -20.84 -410.90 -30.84
-0.96 -0.80 -0.17 -7.27 -417.08 -27.98
-0.93 -0.67 -0.19 -7.36 -423.16 -21.69
-0.83 -0.60 -0.36 -5.66 -420.81 -21.21
-0.81 -0.36 -0.46 -15.25 -415.50 -17.16
-0.86 -0.16 -0.53 -34.15 -414.21 -7.66
-0.86 -0.04 -0.65 -59.04 -413.83 11.02
-0.81 -0.15 -0.80 -75.73 -409.01 28.38
-0.80 -0.30 -0.85 -83.07 -409.94 40.23
-0.67 -0.43 -1.06 -90.75 -405.15 47.56
-0.56 -0.57 -1.21 -97.24 -396.41 49.97
-0.46 -0.67 -1.31 -103.01 -382.08 51.10
-0.25 -0.94 -1.45 -99.07 -355.18 51.10
-0.14 -1.12 -1.53 -86.09 -321.45 48.93
-0.08 -1.22 -1.51 -69.60 -287.63 47.66
0.00 -1.31 -1.56 -47.82 -255.40 48.61
0.07 -1.27 -1.60 -32.95 -219.34 43.54
0.06 -1.17 -1.55 -30.81 -189.92 31.59
0.05 -1.18 -1.54 -36.18 -167.27 24.20
0.00 -1.25 -1.39 -30.44 -152.84 18.98
0.07 -1.36 -1.29 -22.18 -131.27 10.20
0.14 -1.45 -1.20 -5.92 -108.61 2.43
0.15 -1.40 -1.10 10.24 -88.15 -4.73
0.15 -1.25 -1.03 19.98 -69.63 -9.16
0.13 -1.04 -0.95 20.17 -52.52 -10.31
0.15 -0.92 -0.86 13.37 -35.07 -7.94
0.19 -0.87 -0.80 5.76 -16.41 -5.89
0.17 -0.82 -0.71 -6.44 0.72 -4.27
0.06 -0.87 -0.55 -17.83 11.77 -3.97
-0.01 -0.98 -0.39 -24.53 17.13 -2.02
-0.03 -1.15 -0.29 -19.33 19.86 -0.78
-0.06 -1.23 -0.21 -6.37 20.41 -2.26
-0.09 -1.24 -0.15 8.29 18.18 -3.22
-0.08 -1.18 -0.15 21.51 18.46 -2.89
-0.07 -1.05 -0.14 27.30 20.76 -1.82
-0.12 -0.90 -0.12 25.57 20.31 -1.19
-0.14 -0.80 -0.08 17.18 17.89 2.55
-0.12 -0.81 -0.08 9.57 18.53 6.76
-0.10 -0.86 -0.06 3.71 19.79 8.76
-0.12 -0.92 -0.05 0.17 17.60 9.48
-0.12 -0.97 -0.04 0.11 14.84 10.89
-0.09 -1.04 -0.05 4.61 12.61 11.36
-0.07 -1.06 -0.06 9.48 10.85 10.61
-0.04 -1.05 -0.09 11.88 8.79 8.34
-0.02 -1.03 -0.11 10.90 7.60 5.98
-0.01 -1.00 -0.15 7.19 7.27 5.01
0.02 -1.01 -0.18 4.96 8.52 5.76
