-0.72 -2.35 0.14 28.21 -68.17 2.35
-0.74 -3.02 0.03 83.47 -97.85 -37.01
-0.58 -3.17 -0.12 136.49 -104.89 -66.58
-0.45 -3.15 -0.36 171.50 -98.46 -109.60
-0.49 -3.10 -0.49 194.64 -93.82 -151.44
-0.55 -2.83 -0.48 199.37 -77.60 -166.78
-0.43 -2.74 -0.53 205.10 -62.05 -195.37
-0.63 -2.72 -0.43 218.35 -61.04 -231.30
-0.77 -2.64 -0.38 237.42 -61.95 -262.58
-0.91 -2.56 -0.31 263.42 -68.55 -294.95
-0.27 -2.66 -0.61 333.82 -56.40 -325.85
-1.07 -2.13 -0.37 368.98 -71.48 -309.02
-1.18 -1.58 -0.43 363.21 -59.73 -325.59
-1.38 -1.19 -0.40 343.69 -78.89 -341.56
-1.36 -0.94 -0.35 323.80 -97.89 -361.83
-1.44 -0.76 -0.27 313.98 -108.75 -372.98
-1.40 -0.62 -0.20 310.70 -107.77 -368.35
-1.29 -0.43 -0.16 312.64 -108.63 -351.77
-1.18 -0.31 -0.16 322.95 -107.83 -335.08
-1.13 -0.11 -0.13 341.74 -118.61 -308.24
-0.99 0.21 -0.18 352.09 -130.20 -281.86
-0.86 0.41 -0.22 355.45 -152.11 -264.26
-0.55 0.81 -0.38 335.21 -165.85 -258.78
-0.29 1.12 -0.46 297.05 -169.28 -263.15
-0.06 1.35 -0.52 253.31 -168.93 -273.74
0.15 1.58 -0.53 202.95 -166.02 -289.04
0.28 1.52 -0.51 165.50 -164.05 -294.35
0.47 1.57 -0.52 145.88 -154.60 -284.58
0.60 1.59 -0.56 135.63 -141.27 -269.37
0.76 1.61 -0.54 129.48 -125.71 -246.70
0.87 1.68 -0.55 120.76 -106.02 -213.15
0.95 1.80 -0.52 104.89 -87.01 -179.98
1.04 1.91 -0.46 76.89 -71.16 -147.86
1.12 2.04 -0.36 34.12 -55.40 -116.60
1.09 2.04 -0.25 -16.53 -46.47 -86.78
1.02 1.94 -0.16 -66.23 -43.86 -55.44
0.97 1.81 -0.15 -111.59 -40.08 -17.31
0.95 1.66 -0.14 -152.34 -34.84 20.79
0.94 1.43 -0.20 -183.66 -29.60 54.76
0.94 1.34 -0.30 -205.07 -22.85 88.79
0.99 1.29 -0.42 -217.22 -9.34 123.97
1.01 1.34 -0.54 -227.02 7.34 164.27
1.00 1.46 -0.65 -230.98 34.23 220.44
0.95 1.66 -0.76 -236.08 70.34 289.76
0.79 1.85 -0.86 -246.12 107.82 365.05
0.58 1.93 -0.99 -262.95 144.61 437.53
0.25 1.87 -1.10 -290.99 177.86 494.73
-0.20 1.60 -1.21 -322.06 201.76 500.26
-0.57 1.34 -1.28 -361.11 214.84 500.26
-0.99 0.92 -1.31 -407.27 209.74 500.26
-1.25 0.54 -1.47 -440.27 201.91 500.26
-1.50 0.19 -1.43 -450.84 191.97 500.26
-1.62 0.01 -1.43 -444.53 183.66 500.26
-1.79 -0.29 -1.32 -415.63 178.75 500.26
-1.98 -0.43 -1.28 -383.51 164.14 500.26
-2.19 -0.27 -1.26 -370.31 151.31 500.26
-2.32 -0.22 -1.38 -383.44 139.82 500.26
-2.68 -0.56 -1.34 -399.42 107.89 500.26
-2.78 -1.00 -1.25 -404.67 80.26 498.09
-2.90 -1.61 -1.15 -389.88 41.68 459.05
-2.72 -2.15 -1.10 -368.96 14.37 411.68
-2.37 -2.89 -1.04 -323.18 13.36 369.21
-1.99 -3.51 -0.83 -244.95 33.85 342.99
-1.96 -3.51 -0.59 -168.85 45.91 298.21
-1.95 -3.09 -0.45 -132.63 33.39 235.10
-1.80 -2.85 -0.38 -112.35 24.50 187.53
-1.60 -2.74 -0.35 -83.98 15.89 147.34
-1.47 -2.63 -0.35 -50.70 9.71 119.82
-1.28 -2.31 -0.38 -26.12 7.73 97.91
-1.17 -2.08 -0.33 -9.30 1.65 72.09
-1.08 -1.86 -0.33 2.73 1.54 46.61
-0.99 -1.70 -0.30 12.93 -1.07 23.51
-0.93 -1.58 -0.35 20.24 -5.02 0.18
-0.82 -1.49 -0.38 26.90 -5.05 -17.39
-0.73 -1.38 -0.38 36.61 -3.68 -31.73
-0.69 -1.26 -0.38 43.56 -6.58 -45.62
-0.65 -1.13 -0.41 48.63 -7.02 -55.95
-0.55 -0.98 -0.40 51.47 -4.14 -63.54
-0.54 -0.87 -0.34 53.18 -2.90 -69.76
-0.56 -0.79 -0.30 53.92 -3.73 -73.71
-0.57 -0.71 -0.25 53.10 -4.11 -75.10
-0.58 -0.67 -0.24 50.76 -5.59 -74.90
-0.56 -0.68 -0.23 47.27 -7.16 -76.82
-0.52 -0.68 -0.25 45.45 -5.11 -76.50
-0.52 -0.67 -0.24 44.41 -0.53 -71.36
-0.56 -0.61 -0.22 40.40 -1.21 -65.79
-0.53 -0.57 -0.24 33.94 0.21 -57.80
-0.51 -0.61 -0.23 27.16 0.70 -51.07
-0.49 -0.69 -0.22 21.95 1.95 -45.82
-0.48 -0.76 -0.21 19.33 2.64 -40.96
-0.47 -0.82 -0.17 18.60 2.98 -37.50
-0.47 -0.86 -0.17 19.24 2.61 -33.74
-0.46 -0.87 -0.15 21.59 1.76 -29.57
-0.43 -0.82 -0.16 20.58 1.73 -25.08
-0.41 -0.81 -0.16 18.40 2.37 -21.33
-0.39 -0.82 -0.16 16.47 3.74 -18.67
-0.42 -0.82 -0.13 13.51 3.27 -18.24
-0.42 -0.82 -0.11 9.50 3.39 -19.54
-0.41 -0.83 -0.10 6.79 3.01 -20.14
-0.41 -0.84 -0.10 5.98 3.05 -19.66
