-0.23 -1.02 0.07 -2.40 -2.37 -1.51
-0.21 -1.01 0.08 -0.20 -2.60 -1.15
-0.21 -0.97 0.08 1.57 -2.70 -0.67
-0.22 -0.93 0.09 1.66 -3.51 0.32
-0.22 -0.90 0.10 0.75 -4.70 1.53
-0.21 -0.88 0.11 -0.85 -5.48 3.31
-0.20 -0.88 0.12 -2.47 -6.50 5.57
-0.22 -0.88 0.11 -6.31 -8.60 6.29
-0.21 -0.96 0.13 -10.56 -10.23 5.83
-0.27 -1.06 0.14 -12.56 -12.85 2.08
-0.35 -1.15 0.14 -13.73 -18.24 -2.96
-0.38 -1.24 0.17 -14.72 -26.06 -9.45
-0.37 -1.45 0.15 -9.30 -32.78 -17.65
-0.37 -1.60 0.10 3.22 -35.37 -24.12
-0.46 -1.71 0.13 18.90 -41.22 -32.11
-0.49 -1.87 0.12 35.91 -48.92 -39.98
-0.52 -2.03 0.09 61.24 -55.28 -49.73
-0.52 -2.19 0.14 90.67 -66.41 -64.55
-0.42 -2.35 0.03 119.10 -64.53 -84.93
-0.42 -2.20 -0.01 139.47 -61.63 -104.31
-0.50 -2.10 -0.01 154.31 -68.85 -134.17
-0.49 -2.04 -0.01 161.91 -69.21 -153.80
-0.37 -1.99 0.05 171.13 -72.99 -188.23
-0.51 -2.23 0.04 192.29 -80.76 -216.69
-0.58 -2.26 0.09 216.61 -80.61 -238.26
-0.60 -2.18 0.06 244.21 -80.15 -253.68
-0.62 -1.94 0.02 269.04 -74.55 -265.85
-0.71 -1.70 0.08 290.12 -73.51 -270.58
-0.78 -1.29 0.09 294.70 -77.24 -270.44
-0.76 -0.96 0.15 285.98 -83.51 -268.18
-0.64 -0.74 0.16 266.03 -83.97 -264.20
-0.67 -0.62 0.28 241.40 -94.63 -270.84
-0.05 -0.44 0.15 238.96 -76.89 -280.38
-0.60 -0.48 0.48 230.53 -104.18 -247.77
-0.70 -0.43 0.51 192.38 -120.53 -271.79
-0.48 -0.47 0.39 146.93 -135.57 -313.59
-0.48 -0.61 0.45 122.63 -148.82 -332.02
-0.35 -0.70 0.44 132.95 -153.13 -339.08
-0.27 -0.61 0.36 150.47 -143.44 -328.05
-0.10 -0.42 0.27 167.08 -125.40 -301.47
0.03 -0.26 0.16 192.69 -104.85 -266.37
0.06 -0.21 0.12 233.07 -91.34 -232.34
0.01 0.07 0.06 257.80 -88.11 -201.27
0.06 0.43 0.04 255.31 -89.22 -182.35
0.10 0.67 -0.02 227.07 -88.00 -179.22
0.11 0.82 0.00 188.53 -88.63 -189.86
0.03 0.81 0.12 149.83 -95.25 -208.31
-0.02 0.77 0.11 118.69 -110.93 -221.02
0.01 0.71 0.14 97.95 -126.43 -229.27
0.12 0.73 0.05 86.73 -135.60 -227.57
0.38 0.86 -0.06 72.55 -133.18 -214.60
0.62 0.99 -0.16 63.82 -126.06 -202.81
0.79 1.06 -0.23 53.27 -110.98 -184.27
0.91 1.17 -0.24 49.57 -94.15 -162.78
0.93 1.22 -0.25 47.88 -83.40 -138.09
0.98 1.27 -0.26 42.99 -67.89 -111.66
0.92 1.23 -0.24 38.47 -56.40 -93.21
0.83 1.20 -0.23 31.01 -46.43 -73.94
0.81 1.30 -0.23 24.98 -42.03 -58.76
0.80 1.48 -0.24 7.15 -39.34 -40.00
0.88 1.64 -0.27 -20.52 -34.06 -25.18
0.89 1.67 -0.28 -49.74 -27.53 -6.15
0.93 1.61 -0.29 -78.15 -19.02 13.33
1.00 1.69 -0.32 -102.64 -6.90 46.34
0.93 1.61 -0.31 -115.86 0.58 80.44
0.96 1.74 -0.37 -132.53 13.89 123.31
0.91 1.71 -0.45 -148.78 29.31 166.37
0.85 1.85 -0.60 -167.28 48.92 216.17
0.84 2.07 -0.70 -191.76 72.92 276.02
0.67 2.34 -0.89 -226.55 104.75 349.98
0.53 2.39 -1.01 -263.82 147.44 427.31
0.16 2.31 -1.22 -304.76 184.37 486.92
-0.35 2.09 -1.36 -350.29 219.22 500.26
-0.89 1.73 -1.43 -391.30 232.56 500.26
-1.32 1.44 -1.54 -432.85 241.33 500.26
-1.83 1.03 -1.53 -460.09 241.91 500.26
-2.20 0.82 -1.58 -475.69 234.37 500.26
-2.60 0.54 -1.52 -484.98 208.61 500.26
-2.92 0.10 -1.47 -487.01 171.48 500.26
-3.09 -0.11 -1.56 -486.00 140.29 500.26
-3.36 -0.51 -1.41 -479.22 98.75 500.26
-3.34 -1.02 -1.37 -470.69 54.20 500.26
-3.05 -1.79 -1.31 -436.89 21.74 500.26
-2.71 -2.42 -1.23 -380.40 4.44 493.33
-2.29 -2.76 -1.13 -324.29 11.45 444.26
-2.21 -2.88 -1.04 -281.89 11.48 386.46
-1.92 -3.08 -1.06 -255.51 17.19 338.27
-1.77 -3.22 -0.94 -224.17 19.34 290.12
-1.51 -3.30 -0.78 -187.59 27.71 248.84
-1.34 -3.26 -0.65 -147.19 26.84 203.94
-1.17 -3.12 -0.56 -109.45 22.17 160.72
-1.10 -2.85 -0.51 -84.15 19.16 124.14
-1.02 -2.73 -0.45 -65.08 19.31 92.90
-1.03 -2.63 -0.36 -47.44 14.98 60.82
-0.93 -2.58 -0.31 -28.46 12.75 28.90
-0.88 -2.48 -0.28 -3.89 10.64 1.01
-0.84 -2.28 -0.24 21.11 9.25 -19.83
-0.85 -2.03 -0.24 45.60 5.39 -32.09
-0.77 -1.78 -0.22 66.84 6.17 -41.07
-0.73 -1.43 -0.25 78.79 7.39 -47.18
