0.08 -0.93 0.14 -7.07 2.66 2.81
0.08 -0.89 0.13 -8.96 2.89 3.59
0.07 -0.89 0.13 -12.32 1.91 3.79
0.08 -0.95 0.14 -13.37 1.66 6.09
0.09 -1.00 0.16 -10.11 1.85 7.50
0.09 -1.01 0.18 -7.11 1.73 6.58
0.11 -1.01 0.17 -4.70 2.44 6.61
0.11 -0.97 0.17 -1.21 3.28 8.18
0.10 -0.94 0.16 0.67 3.11 10.84
0.08 -0.91 0.14 0.06 3.10 12.38
0.08 -0.89 0.14 -3.76 2.20 12.31
0.09 -0.95 0.14 -6.38 2.18 11.25
0.11 -1.03 0.16 -5.76 2.98 9.66
0.10 -1.06 0.18 -3.62 3.50 7.79
0.07 -1.07 0.20 -0.55 2.69 6.00
0.06 -1.07 0.18 2.27 1.66 5.56
0.05 -1.12 0.20 4.00 0.38 6.23
0.06 -1.18 0.20 6.50 -1.53 4.96
0.09 -1.23 0.19 7.33 -2.31 0.98
0.08 -1.27 0.20 6.60 -3.44 -4.75
0.06 -1.34 0.24 7.10 -6.09 -12.76
0.08 -1.47 0.26 11.50 -9.54 -20.63
0.15 -1.53 0.24 22.81 -9.80 -28.82
0.17 -1.43 0.21 27.50 -7.85 -37.59
0.18 -1.34 0.23 27.15 -8.08 -44.50
0.11 -1.34 0.26 29.77 -9.45 -49.88
0.13 -1.35 0.26 33.16 -12.64 -51.95
0.18 -1.38 0.27 38.85 -13.34 -54.49
0.18 -1.37 0.28 45.34 -13.47 -61.94
0.14 -1.33 0.31 46.98 -12.84 -70.31
0.17 -1.32 0.32 49.04 -13.86 -81.04
0.23 -1.25 0.24 47.76 -11.91 -89.73
0.19 -1.25 0.28 46.26 -10.60 -96.82
0.16 -1.29 0.35 50.31 -12.06 -99.31
0.11 -1.24 0.38 52.32 -17.83 -102.41
0.13 -1.25 0.40 53.22 -22.69 -103.98
0.19 -1.26 0.37 56.96 -22.29 -106.95
0.16 -1.23 0.38 58.35 -24.15 -115.92
0.16 -1.21 0.40 56.14 -28.14 -124.56
0.21 -1.23 0.39 61.25 -28.69 -129.95
0.23 -1.14 0.36 65.24 -29.25 -135.91
0.28 -1.04 0.35 62.84 -26.63 -139.76
0.23 -0.96 0.34 62.02 -27.85 -141.76
0.23 -0.88 0.31 60.56 -29.25 -142.00
0.27 -0.85 0.30 60.11 -28.12 -139.47
0.24 -0.82 0.30 62.34 -30.87 -138.76
0.29 -0.81 0.31 60.12 -31.79 -136.82
0.33 -0.83 0.33 62.82 -32.20 -135.04
0.46 -0.81 0.29 66.14 -28.72 -134.61
0.47 -0.72 0.23 64.32 -22.21 -137.37
0.44 -0.64 0.25 57.83 -18.56 -139.34
0.35 -0.65 0.28 54.75 -20.02 -141.53
0.33 -0.65 0.31 52.89 -23.48 -138.98
0.34 -0.68 0.33 59.04 -25.08 -131.79
0.39 -0.64 0.30 66.34 -26.18 -125.60
0.47 -0.59 0.25 65.42 -24.49 -126.31
0.50 -0.56 0.22 65.76 -22.64 -128.87
0.52 -0.48 0.19 62.23 -17.69 -129.86
0.50 -0.42 0.19 60.08 -12.70 -129.34
0.45 -0.32 0.19 57.86 -10.52 -123.94
0.41 -0.26 0.20 55.51 -9.74 -117.10
0.40 -0.17 0.17 54.75 -9.42 -108.50
0.43 -0.17 0.17 52.50 -9.71 -101.24
0.47 -0.14 0.16 50.06 -8.78 -98.72
0.50 -0.08 0.12 45.04 -5.83 -96.31
0.50 -0.05 0.12 40.20 -1.65 -93.85
0.44 -0.00 0.15 38.38 -0.69 -86.37
0.40 0.06 0.18 34.75 -2.11 -77.01
0.42 0.13 0.16 29.95 -4.53 -65.95
0.44 0.15 0.16 27.48 -5.73 -52.84
0.51 0.15 0.13 26.66 -3.63 -40.06
0.51 0.23 0.10 22.23 -1.01 -31.57
0.47 0.31 0.10 12.20 -1.65 -25.48
0.46 0.37 0.09 3.08 -2.58 -18.05
0.45 0.46 0.06 -5.05 -3.25 -3.42
0.49 0.53 0.02 -13.34 -1.73 13.73
0.47 0.61 0.00 -25.94 -0.40 28.40
0.44 0.71 -0.02 -41.31 4.17 50.49
0.40 0.77 -0.03 -53.48 7.83 76.75
0.39 0.82 -0.05 -67.54 10.14 101.31
0.38 0.80 -0.08 -84.92 12.63 124.40
0.38 0.78 -0.14 -103.59 17.01 146.70
0.30 0.71 -0.15 -123.15 20.93 169.76
0.23 0.56 -0.16 -139.31 23.04 191.40
0.11 0.39 -0.12 -154.32 22.66 207.48
0.09 0.17 -0.12 -165.27 21.54 225.45
0.04 -0.05 -0.12 -169.97 19.98 242.69
0.05 -0.25 -0.13 -174.06 21.31 252.78
-0.01 -0.50 -0.11 -175.83 19.57 255.77
-0.01 -0.72 -0.10 -176.70 18.75 258.67
0.04 -0.91 -0.09 -171.86 20.82 259.91
0.09 -1.04 -0.10 -166.49 28.37 260.78
0.00 -1.13 -0.07 -163.37 29.73 253.21
-0.09 -1.27 0.03 -164.99 22.50 241.82
-0.19 -1.51 0.09 -161.57 10.99 228.73
-0.06 -1.84 0.11 -145.53 3.83 221.63
0.02 -2.12 0.14 -124.03 9.13 207.04
0.15 -1.93 0.20 -93.88 -2.21 188.63
0.38 -1.88 0.02 -95.51 22.90 179.63
0.31 -1.89 0.05 -89.01 32.26 153.45
