-0.02 -1.74 0.06 -5.92 -45.59 -1.86
0.28 -2.14 0.02 23.54 -48.69 -16.44
0.57 -2.35 -0.09 62.56 -32.99 -29.34
0.69 -2.25 -0.18 96.72 -6.12 -38.37
0.63 -2.03 -0.21 117.74 20.02 -41.27
0.45 -1.98 -0.14 136.93 35.28 -39.65
0.31 -1.98 -0.06 158.92 44.29 -35.30
0.09 -2.08 0.05 186.50 41.77 -35.54
-0.02 -2.10 0.11 213.27 28.40 -47.95
0.09 -2.00 0.04 234.47 22.03 -68.38
0.19 -1.84 -0.02 245.86 23.37 -91.04
0.25 -1.60 -0.08 247.83 34.00 -108.12
0.25 -1.37 -0.07 245.07 46.20 -112.85
0.16 -1.27 -0.02 244.87 61.16 -100.85
0.01 -1.36 0.09 261.47 70.09 -72.32
-0.06 -1.30 0.16 284.82 67.34 -46.05
0.03 -1.13 0.06 297.36 69.04 -45.66
-0.00 -0.84 0.04 290.73 63.68 -58.89
-0.05 -0.58 0.09 238.38 58.09 -92.09
-0.12 -0.48 0.12 237.07 36.11 -108.64
-0.11 -0.48 0.19 208.87 26.00 -124.08
-0.05 -0.57 0.26 194.55 22.93 -123.71
0.02 -0.64 0.29 196.72 26.84 -109.71
0.08 -0.55 0.26 205.11 38.95 -87.88
0.03 -0.40 0.28 211.95 46.82 -67.19
0.03 -0.22 0.25 209.57 50.46 -52.08
-0.02 -0.10 0.27 201.10 49.56 -46.08
-0.07 0.05 0.33 183.56 40.70 -46.29
-0.04 0.08 0.35 166.70 34.85 -46.70
-0.03 0.10 0.38 155.21 30.90 -46.72
-0.00 0.18 0.37 142.26 29.54 -42.75
-0.03 0.34 0.39 124.55 26.26 -37.08
-0.05 0.47 0.42 103.13 19.57 -32.00
-0.05 0.49 0.47 79.62 10.63 -27.63
0.02 0.45 0.48 59.21 3.85 -26.00
0.07 0.37 0.50 43.10 -0.05 -27.74
0.12 0.30 0.52 32.32 -0.47 -29.27
0.09 0.31 0.54 23.68 -1.76 -30.79
0.08 0.28 0.56 15.07 -6.60 -32.08
0.13 0.32 0.57 5.11 -8.49 -32.56
0.17 0.38 0.56 -8.47 -7.83 -29.48
0.17 0.37 0.57 -21.56 -6.46 -22.02
0.20 0.35 0.59 -33.31 -3.11 -10.23
0.21 0.28 0.60 -40.70 2.60 3.30
0.19 0.22 0.63 -43.88 7.86 19.30
0.14 0.17 0.63 -44.89 12.81 33.85
0.09 0.18 0.66 -48.67 13.42 42.84
0.07 0.19 0.66 -56.11 12.66 47.24
0.05 0.19 0.65 -66.31 10.82 49.59
0.02 0.22 0.66 -80.21 6.95 50.85
0.02 0.20 0.65 -95.18 2.26 53.56
0.05 0.15 0.63 -108.76 -0.24 60.03
0.10 0.07 0.60 -116.87 2.00 70.73
0.13 -0.02 0.58 -118.69 7.10 84.89
0.14 -0.07 0.58 -115.97 13.98 101.22
0.12 -0.06 0.52 -111.71 22.34 117.56
0.04 0.03 0.49 -114.41 25.62 127.19
-0.01 0.13 0.43 -130.20 21.82 125.22
-0.04 0.16 0.38 -154.14 14.03 117.08
-0.03 0.14 0.32 -185.13 6.44 108.31
-0.04 -0.05 0.29 -212.55 -0.03 99.53
-0.14 -0.38 0.33 -222.43 -7.91 93.97
-0.17 -0.67 0.38 -216.49 -17.59 95.33
-0.05 -0.84 0.39 -196.58 -17.18 103.22
0.07 -0.87 0.34 -170.06 -2.23 118.70
0.03 -0.73 0.31 -149.80 11.76 130.61
-0.11 -0.41 0.25 -158.29 13.83 131.94
-0.17 -0.29 0.19 -186.75 6.98 122.53
-0.17 -0.37 0.13 -217.36 -1.19 110.55
-0.20 -0.71 0.14 -236.23 -8.14 101.82
-0.16 -1.01 0.18 -234.35 -14.37 96.81
-0.08 -1.23 0.20 -214.26 -7.48 100.14
-0.14 -1.30 0.22 -188.32 0.23 101.25
-0.27 -1.12 0.22 -178.61 -5.31 97.88
-0.19 -1.06 0.15 -181.95 -12.78 94.56
-0.17 -1.12 0.14 -186.21 -14.93 91.34
-0.16 -1.24 0.14 -183.82 -15.13 87.88
-0.14 -1.34 0.14 -174.44 -12.66 86.15
-0.12 -1.41 0.15 -160.02 -7.07 85.02
-0.24 -1.43 0.19 -144.76 -7.39 80.38
-0.31 -1.33 0.16 -140.66 -17.94 71.33
-0.34 -1.38 0.17 -143.56 -32.67 57.30
-0.15 -1.53 0.12 -141.59 -38.56 41.71
-0.03 -1.68 0.13 -131.44 -34.81 32.34
0.04 -1.78 0.15 -112.08 -23.10 28.47
0.03 -1.78 0.16 -87.05 -10.52 30.31
-0.03 -1.71 0.17 -61.11 -1.22 37.19
-0.11 -1.59 0.16 -40.69 1.86 46.38
-0.10 -1.49 0.14 -29.28 2.99 50.85
-0.06 -1.45 0.11 -23.22 5.82 48.66
-0.04 -1.44 0.10 -19.36 9.01 43.86
-0.03 -1.41 0.10 -14.99 12.89 37.37
-0.06 -1.40 0.12 -8.37 15.80 31.28
-0.12 -1.36 0.13 -1.30 17.71 25.21
-0.16 -1.29 0.15 5.45 18.96 21.88
-0.21 -1.20 0.15 10.35 18.12 20.49
-0.23 -1.09 0.15 11.10 14.37 19.62
-0.23 -1.03 0.13 8.26 10.95 18.53
-0.24 -1.01 0.12 4.90 6.76 15.98
-0.23 -1.00 0.11 1.57 3.94 14.15
