-0.12 -0.75 0.07 -20.53 -17.23 15.08
-0.12 -0.69 0.04 -27.75 -20.31 16.12
-0.11 -0.66 0.01 -39.66 -22.82 17.20
-0.10 -0.69 0.01 -50.97 -25.06 20.39
-0.10 -0.73 0.01 -60.13 -27.45 23.31
-0.12 -0.79 0.01 -67.34 -30.41 24.39
-0.12 -0.87 0.02 -72.29 -34.53 24.38
-0.10 -0.92 0.00 -76.44 -37.69 21.21
-0.05 -1.03 0.00 -80.08 -37.53 17.91
0.01 -1.21 0.00 -75.29 -34.61 14.00
0.04 -1.34 0.01 -65.87 -29.17 8.63
0.03 -1.49 0.03 -53.15 -23.71 3.11
-0.05 -1.63 0.09 -37.79 -21.76 -2.81
-0.07 -1.77 0.12 -16.14 -21.99 -2.42
-0.04 -1.82 0.13 8.03 -18.89 1.98
0.00 -1.82 0.11 30.31 -13.41 6.63
0.01 -1.77 0.10 49.73 -8.60 7.56
0.01 -1.74 0.10 63.63 -7.01 -0.44
0.00 -1.73 0.11 76.76 -7.74 -11.60
-0.01 -1.75 0.14 92.19 -8.60 -24.38
0.00 -1.72 0.12 107.94 -6.45 -31.72
-0.02 -1.63 0.11 121.37 -2.88 -33.48
-0.04 -1.52 0.11 131.03 -1.45 -32.64
-0.04 -1.43 0.11 138.56 -0.84 -32.26
-0.01 -1.36 0.09 144.37 1.06 -31.61
-0.04 -1.26 0.09 147.47 3.11 -30.74
-0.15 -1.23 0.15 146.85 -2.76 -33.54
-0.15 -1.28 0.18 148.26 -13.07 -45.25
-0.07 -1.28 0.14 153.31 -16.60 -51.54
-0.03 -1.22 0.14 157.42 -16.44 -53.80
-0.06 -1.18 0.16 159.92 -18.15 -55.78
-0.03 -1.17 0.16 163.56 -19.65 -55.60
0.05 -1.05 0.12 163.81 -14.42 -51.37
0.03 -0.99 0.17 159.27 -9.66 -45.52
0.03 -1.02 0.20 159.27 -6.24 -40.17
-0.00 -1.07 0.24 163.44 -4.92 -37.02
1.52 -0.49 -0.08 166.07 22.90 -17.66
-0.21 -1.10 0.33 179.00 -26.36 -54.72
-0.01 -0.97 0.25 177.85 -5.05 -49.48
0.04 -0.91 0.25 179.07 3.35 -51.98
-0.07 -0.81 0.29 170.13 -1.58 -57.59
-0.11 -0.77 0.33 165.61 -8.21 -61.83
-0.02 -0.73 0.33 161.91 -10.49 -63.01
0.08 -0.68 0.32 158.06 -7.33 -65.45
0.10 -0.68 0.34 155.08 -1.71 -66.71
0.10 -0.68 0.37 157.44 3.19 -67.35
0.05 -0.59 0.37 155.63 6.13 -72.87
-0.05 -0.56 0.42 150.91 1.28 -78.40
-0.09 -0.56 0.46 146.91 -7.71 -79.26
0.02 -0.52 0.46 142.61 -11.33 -76.08
0.12 -0.52 0.47 140.12 -8.18 -68.76
0.18 -0.54 0.47 142.62 -0.37 -61.46
0.21 -0.55 0.49 149.82 8.58 -57.14
0.17 -0.45 0.48 153.13 14.88 -60.93
0.13 -0.34 0.49 149.60 18.34 -68.44
0.03 -0.26 0.52 140.05 15.45 -79.95
-0.02 -0.22 0.55 129.90 10.38 -87.02
-0.01 -0.20 0.58 124.32 7.11 -85.66
0.03 -0.16 0.58 123.11 8.31 -75.01
0.07 -0.08 0.57 123.28 13.30 -61.06
0.09 0.03 0.56 119.69 17.92 -50.21
0.07 0.11 0.59 110.88 19.55 -44.93
0.01 0.13 0.61 99.52 16.31 -46.69
-0.02 0.12 0.65 87.08 10.20 -48.05
-0.03 0.11 0.66 78.05 3.59 -48.58
-0.02 0.12 0.67 71.10 -3.28 -48.28
0.03 0.15 0.66 66.24 -6.92 -45.92
0.04 0.25 0.64 57.09 -9.89 -43.99
0.06 0.31 0.65 44.18 -13.45 -42.80
0.11 0.34 0.64 31.82 -14.58 -37.38
0.15 0.39 0.63 18.26 -13.34 -29.83
0.17 0.41 0.61 4.71 -10.48 -18.30
0.16 0.39 0.62 -7.42 -9.37 -6.80
0.19 0.36 0.60 -18.12 -6.82 3.11
0.19 0.31 0.61 -27.33 -4.63 11.09
0.20 0.27 0.60 -32.76 -1.67 18.05
0.18 0.24 0.60 -37.27 0.64 22.53
0.18 0.25 0.59 -42.66 3.43 26.93
0.18 0.30 0.59 -50.85 6.35 32.43
0.17 0.31 0.57 -60.97 9.23 39.56
0.16 0.33 0.56 -73.73 11.09 46.80
0.13 0.28 0.56 -85.91 11.92 53.76
0.12 0.20 0.56 -94.93 12.81 59.39
0.10 0.15 0.56 -103.98 13.15 61.95
0.10 0.13 0.54 -115.07 13.17 64.05
0.10 0.09 0.54 -125.78 13.67 67.28
0.15 0.02 0.51 -134.49 17.92 72.89
0.17 -0.11 0.52 -136.03 26.44 83.84
0.15 -0.23 0.53 -127.41 37.21 98.36
0.05 -0.23 0.56 -119.18 42.84 106.94
-0.04 -0.17 0.56 -122.53 38.92 104.32
-0.07 -0.14 0.53 -136.94 28.78 94.02
-0.03 -0.16 0.49 -155.09 21.52 84.04
0.01 -0.24 0.48 -173.13 19.57 78.04
0.05 -0.42 0.50 -180.27 21.07 75.12
0.11 -0.58 0.50 -173.36 29.79 80.73
0.09 -0.70 0.53 -154.99 40.96 89.31
-0.04 -0.66 0.55 -139.21 45.66 90.66
-0.19 -0.60 0.55 -133.79 39.81 83.31
-0.28 -0.50 0.51 -140.76 23.11 69.31
