0.11 -0.83 -0.02 -12.36 -2.14 16.50
0.09 -0.86 -0.00 -17.15 -5.78 18.93
0.10 -0.95 -0.01 -21.77 -8.72 20.17
0.09 -1.05 0.01 -23.27 -11.65 20.87
0.09 -1.19 0.02 -21.97 -14.76 21.50
0.12 -1.31 0.03 -17.67 -18.69 19.62
0.19 -1.37 0.01 -15.52 -19.70 15.56
0.24 -1.40 -0.02 -16.42 -19.64 12.26
0.25 -1.47 -0.01 -20.02 -22.05 6.48
0.24 -1.63 -0.03 -23.45 -27.31 -1.73
0.26 -1.85 -0.08 -24.64 -32.72 -12.86
0.27 -2.00 -0.16 -23.44 -34.21 -28.10
0.28 -2.00 -0.19 -18.24 -32.05 -49.73
0.37 -2.00 -0.24 -2.49 -23.84 -75.91
0.42 -2.00 -0.27 22.61 -8.47 -101.26
0.33 -2.00 -0.25 46.91 4.93 -128.37
0.19 -2.00 -0.23 58.32 13.06 -154.66
0.08 -2.00 -0.19 65.69 17.92 -175.81
0.02 -2.00 -0.18 76.09 20.82 -190.43
0.03 -2.00 -0.18 85.73 25.66 -204.15
0.00 -1.97 -0.15 95.43 30.82 -220.05
-0.09 -1.82 -0.10 101.91 32.77 -238.34
-0.19 -1.75 -0.07 108.53 31.85 -250.14
-0.15 -1.60 -0.07 117.37 34.05 -250.14
-0.16 -1.58 -0.12 132.39 40.33 -250.14
-0.18 -1.53 -0.14 153.69 48.20 -250.14
-0.29 -1.29 -0.15 184.46 52.34 -250.14
-0.36 -0.90 -0.13 205.76 53.66 -250.14
-0.40 -0.49 -0.13 216.60 50.44 -250.14
-0.43 -0.09 -0.12 211.69 42.59 -250.14
-0.39 0.22 -0.11 193.27 33.80 -250.14
-0.32 0.36 -0.10 172.60 24.91 -250.14
-0.29 0.42 -0.05 161.10 16.98 -250.14
-0.25 0.53 -0.03 152.45 8.20 -233.24
-0.16 0.63 -0.06 144.79 3.83 -213.53
-0.08 0.74 -0.12 136.56 2.08 -192.76
-0.02 0.92 -0.17 120.60 -3.55 -170.60
0.06 1.17 -0.14 95.76 -5.50 -142.26
0.11 1.26 -0.15 75.56 -6.76 -113.95
0.16 1.36 -0.16 49.58 -5.50 -76.85
0.24 1.36 -0.17 28.42 -2.45 -43.19
0.24 1.30 -0.16 7.94 -0.97 -11.54
0.21 1.24 -0.13 -11.12 -2.59 16.24
0.17 1.24 -0.10 -32.45 -6.82 42.34
0.15 1.21 -0.10 -55.13 -14.24 66.29
0.16 1.14 -0.13 -75.92 -21.94 89.06
0.16 1.10 -0.18 -94.79 -28.56 115.86
0.14 1.05 -0.25 -110.46 -33.84 146.72
0.07 1.06 -0.27 -128.44 -41.35 180.84
0.02 1.00 -0.31 -145.21 -47.61 220.60
0.05 0.94 -0.49 -162.85 -47.55 250.13
0.09 0.89 -0.66 -184.35 -37.50 250.13
0.02 0.78 -0.80 -207.84 -22.37 250.13
-0.12 0.60 -0.84 -233.15 -12.46 250.13
-0.36 0.20 -0.81 -250.14 -9.81 250.13
-0.55 -0.31 -0.74 -250.14 -19.70 250.13
-0.67 -0.91 -0.66 -250.14 -36.06 250.13
-0.60 -1.54 -0.64 -250.14 -48.31 250.13
-0.58 -1.97 -0.60 -227.13 -48.52 250.13
-0.46 -2.00 -0.60 -191.79 -42.29 250.13
-0.33 -2.00 -0.60 -154.84 -24.13 250.13
-0.42 -2.00 -0.41 -121.44 -7.47 250.13
-0.31 -2.00 -0.38 -100.58 9.25 250.13
-0.68 -2.00 -0.13 -98.76 13.31 218.84
0.81 -2.00 -1.06 -120.27 39.15 134.73
0.03 -2.00 -0.06 -61.92 8.50 116.56
-0.13 -2.00 -0.05 -53.20 3.92 92.15
-0.08 -2.00 0.06 -9.97 -0.26 54.22
0.10 -2.00 0.03 14.20 10.34 34.93
0.16 -2.00 0.05 30.96 11.28 16.82
0.17 -1.74 0.02 31.37 14.99 7.26
0.16 -1.43 0.03 25.97 7.63 2.35
0.23 -1.27 -0.03 20.81 3.91 6.26
0.20 -0.94 -0.00 17.99 8.50 5.31
0.35 -1.13 -0.09 11.39 2.14 -1.76
0.36 -1.27 -0.14 12.80 4.40 -6.60
0.40 -1.22 -0.18 16.53 6.79 -9.69
0.34 -1.19 -0.17 21.39 14.84 -8.78
0.26 -1.07 -0.13 22.44 14.21 -13.09
0.23 -1.03 -0.18 18.90 16.82 -11.73
0.16 -1.02 -0.17 14.28 17.19 -11.60
0.11 -1.01 -0.12 9.47 16.83 -10.78
0.05 -1.04 -0.09 6.91 13.53 -11.47
0.05 -1.05 -0.09 6.89 10.09 -9.94
0.08 -1.08 -0.09 8.74 9.66 -6.43
0.08 -1.11 -0.09 12.53 10.76 -5.05
0.05 -1.11 -0.07 17.30 10.72 -4.75
0.04 -1.07 -0.06 22.03 8.87 -4.89
0.04 -1.01 -0.07 24.43 7.47 -5.48
0.05 -0.95 -0.09 20.28 5.85 -6.79
0.08 -0.91 -0.10 11.94 6.31 -8.90
0.09 -0.94 -0.08 8.27 7.17 -10.18
0.06 -0.95 -0.09 8.56 7.06 -9.63
0.05 -0.95 -0.08 7.37 5.96 -8.13
0.06 -0.94 -0.09 5.72 5.29 -6.37
0.07 -0.95 -0.11 3.70 5.97 -3.72
0.04 -0.97 -0.08 1.48 5.40 -2.77
0.06 -1.02 -0.07 0.76 3.76 -3.34
0.07 -1.05 -0.07 2.50 3.83 -3.15
0.08 -1.05 -0.07 6.19 3.44 -2.48
