-0.69 -1.54 0.01 3.21 -23.68 -31.50
-0.75 -1.86 0.04 12.58 -34.70 -46.24
-0.79 -2.14 0.02 30.85 -43.07 -61.13
-0.88 -2.46 0.07 57.47 -51.08 -74.63
-0.83 -2.79 -0.02 97.42 -56.31 -88.75
-0.87 -2.89 -0.03 139.85 -57.76 -106.11
-0.89 -2.92 -0.06 174.03 -53.80 -131.51
-0.96 -2.66 -0.06 190.67 -60.24 -165.83
-1.01 -2.45 -0.01 193.18 -65.16 -200.40
-1.01 -2.25 -0.01 191.91 -71.86 -228.72
-1.09 -2.16 0.04 192.69 -83.77 -262.03
-1.01 -2.03 -0.01 180.85 -89.89 -292.31
-0.98 -1.86 -0.06 174.96 -91.91 -318.00
-0.94 -1.74 -0.03 172.38 -87.59 -333.13
-1.00 -1.50 -0.01 167.47 -90.00 -344.73
-1.02 -1.42 0.11 161.95 -94.46 -360.53
-1.00 -1.28 0.09 158.63 -97.83 -372.12
-1.00 -1.12 0.16 153.36 -99.73 -376.31
-0.94 -1.05 0.11 162.21 -102.44 -375.48
-0.94 -0.78 0.07 160.93 -106.06 -381.16
-0.91 -0.71 0.06 155.68 -111.15 -389.24
-0.88 -0.48 0.01 146.29 -116.12 -398.02
-0.78 -0.25 0.01 130.24 -117.05 -400.60
-0.76 -0.16 -0.00 121.07 -120.64 -400.85
-0.65 0.01 -0.01 109.63 -119.31 -396.29
-0.54 -0.07 -0.10 113.27 -122.18 -392.82
-0.54 0.06 -0.09 116.87 -119.42 -390.49
-0.43 0.29 -0.12 113.13 -113.05 -383.51
-0.47 0.62 -0.14 103.50 -112.93 -370.32
-0.37 0.93 -0.11 83.30 -117.11 -349.16
-0.26 0.97 -0.10 65.77 -121.42 -330.31
-0.06 1.00 -0.17 52.61 -118.29 -318.34
0.11 0.94 -0.19 52.00 -110.66 -298.98
0.23 0.90 -0.28 66.37 -98.20 -276.89
0.35 1.12 -0.31 73.82 -84.20 -261.47
0.45 1.23 -0.35 75.39 -71.68 -241.85
0.55 1.40 -0.39 75.02 -58.18 -217.24
0.69 1.62 -0.44 66.32 -41.37 -192.66
0.74 1.72 -0.43 55.44 -29.92 -169.13
0.81 1.98 -0.41 35.85 -24.95 -138.69
0.91 2.15 -0.45 13.65 -16.78 -96.08
0.97 2.23 -0.47 -8.40 -7.60 -43.37
1.01 2.16 -0.46 -32.03 0.96 2.82
1.04 2.07 -0.50 -58.23 13.31 46.99
1.08 1.92 -0.53 -82.44 28.67 92.11
1.02 1.79 -0.59 -100.67 43.63 136.32
1.00 1.79 -0.66 -116.49 61.11 183.60
0.91 1.78 -0.74 -124.95 77.13 233.39
0.85 1.91 -0.85 -125.80 100.63 288.64
0.74 2.00 -0.92 -120.47 127.25 361.15
0.55 2.19 -0.98 -115.21 155.60 441.71
0.41 2.42 -1.10 -121.92 200.64 500.26
-0.10 2.60 -1.12 -150.26 244.23 500.26
-0.77 1.23 -1.03 -149.91 280.46 500.26
-1.31 2.83 -1.17 -271.24 277.25 500.26
-2.20 1.86 -1.05 -334.29 252.92 500.26
-2.67 1.29 -1.00 -392.95 208.47 500.26
-2.88 0.60 -1.00 -427.28 164.08 500.26
-2.94 0.01 -0.95 -432.14 132.18 500.26
-2.90 -0.38 -0.89 -417.31 116.92 500.26
-2.96 -0.86 -0.73 -379.80 99.24 500.26
-3.11 -1.08 -0.62 -353.80 55.68 500.26
-2.92 -1.36 -0.74 -360.81 33.19 492.61
-2.92 -2.00 -0.64 -362.24 6.20 435.08
-2.67 -2.71 -0.54 -329.50 -16.34 389.85
-2.19 -3.12 -0.47 -252.69 -21.22 357.88
-1.89 -2.92 -0.38 -181.80 -21.71 325.77
-1.71 -2.39 -0.41 -144.47 -27.83 289.63
-1.48 -1.80 -0.60 -154.60 -15.07 257.94
-1.49 -1.84 -0.61 -177.19 -1.39 226.18
-1.66 -2.00 -0.58 -212.63 -9.13 184.53
-1.54 -2.61 -0.70 -216.27 -15.16 152.47
-1.37 -3.11 -0.73 -195.92 -17.25 114.60
-1.27 -3.36 -0.73 -138.40 -26.20 90.09
-1.03 -3.38 -0.78 -61.19 -32.81 63.62
-0.70 -3.05 -0.94 -1.36 -29.13 35.74
-0.42 -2.54 -1.13 36.00 -12.18 13.21
-0.56 -2.01 -0.97 61.79 -11.40 8.60
-0.35 -1.62 -0.99 62.35 16.08 6.31
-0.39 -1.39 -0.84 56.55 34.92 3.63
-0.54 -1.37 -0.69 47.51 43.04 -6.96
-0.68 -1.36 -0.51 47.69 39.76 -16.67
-0.73 -1.33 -0.38 50.26 32.03 -26.52
-0.71 -1.31 -0.33 59.44 24.23 -32.76
-0.64 -1.22 -0.32 69.95 20.75 -35.34
-0.60 -1.06 -0.33 75.37 17.95 -39.08
-0.56 -0.85 -0.30 71.83 15.21 -42.05
-0.51 -0.66 -0.27 61.59 13.82 -41.10
-0.47 -0.56 -0.21 49.07 14.17 -37.76
-0.43 -0.55 -0.20 34.69 14.02 -36.66
-0.45 -0.54 -0.17 21.85 13.22 -33.73
-0.46 -0.58 -0.12 12.08 10.53 -30.17
-0.52 -0.61 -0.08 6.43 2.79 -27.76
-0.53 -0.64 -0.05 0.81 -4.93 -24.35
-0.49 -0.71 -0.05 2.43 -11.65 -19.76
-0.46 -0.73 -0.08 3.94 -17.02 -16.90
-0.43 -0.72 -0.10 2.46 -18.63 -15.39
-0.42 -0.70 -0.12 -1.28 -19.34 -12.85
-0.40 -0.72 -0.15 -5.89 -17.76 -10.26
-0.40 -0.77 -0.16 -7.21 -16.95 -7.01
