0.16 -1.23 0.02 -19.00 -9.21 6.19
0.16 -1.32 0.05 -17.44 -11.58 4.92
0.18 -1.39 0.05 -16.28 -14.57 4.13
0.17 -1.46 0.05 -15.21 -18.47 3.92
0.20 -1.57 0.04 -14.65 -23.59 1.14
0.26 -1.70 0.02 -13.90 -26.58 -4.53
0.30 -1.87 0.02 -9.94 -27.11 -13.50
0.33 -2.00 0.02 -4.83 -27.04 -26.18
0.36 -2.00 0.01 2.24 -25.71 -42.10
0.40 -2.00 -0.03 9.99 -22.55 -61.02
0.37 -2.00 -0.04 14.56 -18.79 -78.95
0.34 -2.00 -0.04 15.42 -15.12 -94.61
0.29 -2.00 -0.04 15.43 -12.44 -113.22
0.25 -2.00 -0.05 15.02 -12.52 -135.24
0.17 -2.00 -0.04 15.05 -12.85 -156.20
0.18 -1.98 -0.06 17.80 -10.77 -172.02
0.16 -1.98 -0.11 24.08 -4.27 -186.83
0.11 -1.94 -0.07 28.30 -0.82 -206.60
0.05 -1.84 -0.05 32.18 3.88 -226.84
-0.01 -1.76 -0.04 35.69 8.89 -244.81
-0.10 -1.62 -0.02 41.15 13.29 -250.14
-0.17 -1.51 -0.03 54.37 15.81 -250.14
-0.26 -1.39 -0.02 72.07 14.09 -250.14
-0.24 -1.21 -0.05 88.92 13.31 -250.14
-0.22 -1.00 -0.09 99.52 11.79 -250.14
-0.18 -0.82 -0.10 100.48 13.32 -250.14
-0.19 -0.67 -0.11 96.66 15.60 -250.14
-0.20 -0.59 -0.13 94.63 18.63 -250.14
-0.16 -0.52 -0.18 100.15 24.48 -250.14
-0.23 -0.38 -0.17 108.99 27.09 -250.14
-0.25 -0.16 -0.17 117.41 26.16 -250.14
-0.29 0.09 -0.15 118.68 21.86 -250.14
-0.27 0.29 -0.16 115.66 15.28 -245.78
-0.19 0.44 -0.19 110.82 13.99 -226.37
-0.12 0.58 -0.22 103.92 20.00 -199.70
-0.10 0.69 -0.22 96.05 23.01 -173.05
-0.03 0.73 -0.22 87.66 25.92 -147.15
0.01 0.73 -0.21 78.44 33.69 -125.78
-0.02 0.90 -0.15 72.15 22.47 -100.32
-0.06 0.92 -0.11 69.27 25.07 -65.41
-0.07 1.23 -0.11 64.56 15.27 -37.94
-0.06 1.45 -0.10 18.77 4.44 -6.41
-0.07 1.38 -0.06 -9.86 -4.18 29.51
-0.03 1.34 -0.10 -35.24 -11.80 62.35
0.04 1.23 -0.14 -53.60 -18.10 97.05
0.11 1.10 -0.20 -63.26 -17.69 134.77
0.09 1.08 -0.21 -69.53 -16.38 174.60
0.07 1.02 -0.24 -75.78 -15.23 214.34
0.04 1.01 -0.28 -84.44 -14.91 250.13
-0.02 1.01 -0.33 -103.11 -13.53 250.13
-0.07 0.90 -0.40 -125.24 -13.44 250.13
-0.13 0.80 -0.51 -150.92 -11.95 250.13
-0.18 0.52 -0.60 -179.10 -8.97 250.13
-0.30 0.15 -0.67 -202.47 -1.63 250.13
-0.53 -0.39 -0.60 -220.91 -8.06 250.13
-0.69 -1.04 -0.49 -227.47 -18.27 250.13
-0.83 -1.89 -0.25 -215.76 -41.98 250.13
-0.62 -2.00 -0.23 -183.83 -56.91 250.13
-0.30 -2.00 -0.25 -130.76 -45.95 250.13
-0.01 -2.00 -0.34 -74.63 -21.29 250.13
-0.06 -2.00 -0.22 -41.13 -4.30 250.13
-0.10 -2.00 -0.08 -34.91 0.63 238.65
-0.28 -2.00 -0.16 -36.34 32.66 193.37
0.13 -2.00 0.10 -42.44 -37.25 173.92
-1.03 -2.00 1.00 -26.74 -8.54 152.09
0.35 -2.00 0.11 -22.08 -8.90 109.83
0.37 -2.00 0.01 -18.49 1.78 92.10
0.55 -2.00 0.03 2.26 -0.61 65.24
0.44 -2.00 -0.01 18.09 3.97 57.33
0.44 -1.56 0.08 18.06 6.98 46.05
0.42 -1.55 -0.01 8.86 9.27 36.85
0.42 -1.44 -0.04 3.10 7.61 28.20
0.40 -1.34 -0.06 -2.70 7.66 24.79
0.39 -1.29 -0.04 -6.14 8.36 22.44
0.34 -1.36 -0.06 -2.61 6.58 16.85
0.34 -1.37 -0.09 1.54 7.69 11.74
0.31 -1.31 -0.09 5.52 9.68 5.14
0.27 -1.22 -0.10 6.39 11.20 -0.18
0.22 -1.13 -0.12 4.79 11.31 -3.77
0.20 -1.07 -0.13 1.69 14.34 -3.05
0.14 -1.05 -0.12 -0.81 15.14 -2.20
0.08 -1.04 -0.07 -2.18 13.47 0.40
0.07 -1.05 -0.05 -0.58 11.56 2.90
0.09 -1.07 -0.08 0.31 10.70 3.64
0.04 -1.09 -0.03 1.60 8.22 0.92
0.06 -1.10 -0.04 2.11 7.45 -3.34
0.06 -1.08 -0.04 3.27 8.21 -5.80
0.06 -1.06 -0.07 5.69 9.33 -6.30
0.02 -1.04 -0.03 7.70 8.28 -6.08
0.00 -1.01 -0.02 8.58 5.18 -6.12
0.02 -0.99 -0.04 7.31 2.69 -6.54
0.03 -0.97 -0.05 6.05 1.92 -6.37
0.05 -0.95 -0.07 6.19 2.41 -3.30
0.05 -0.94 -0.07 3.98 2.25 -2.07
0.05 -0.95 -0.09 1.36 1.89 -1.46
0.04 -1.00 -0.07 1.02 0.60 -2.04
0.04 -1.04 -0.06 2.12 -0.44 -2.05
0.06 -1.06 -0.09 4.68 -0.67 -3.08
0.08 -1.06 -0.09 7.66 0.72 -3.92
0.07 -1.05 -0.08 9.95 1.53 -4.21
