-0.57 -1.45 -0.36 -13.68 -17.16 -28.84
-0.59 -1.88 -0.44 -4.92 -24.27 -50.89
-0.55 -2.23 -0.54 11.95 -28.95 -70.61
-0.52 -2.51 -0.77 43.60 -21.83 -89.83
-0.55 -2.82 -0.82 79.05 -12.24 -115.92
-0.54 -2.71 -0.90 106.08 -3.47 -139.53
-0.61 -2.69 -0.87 125.36 8.76 -162.15
-0.77 -2.76 -0.81 144.79 14.78 -193.95
-0.87 -2.63 -0.71 161.22 17.59 -222.96
-1.03 -2.59 -0.60 181.62 13.79 -260.37
-1.03 -2.38 -0.57 197.89 13.80 -291.42
-1.10 -2.12 -0.50 210.76 16.14 -313.97
-1.20 -1.87 -0.37 219.53 12.99 -327.19
-1.21 -1.65 -0.28 222.90 4.21 -343.59
-1.18 -1.34 -0.20 216.90 -5.91 -361.11
-1.12 -1.09 -0.13 203.11 -12.96 -370.38
-1.09 -0.77 -0.07 186.38 -20.69 -372.55
-0.99 -0.65 -0.00 167.50 -28.53 -375.71
-0.90 -0.54 0.03 146.27 -37.63 -384.35
-0.78 -0.47 0.09 121.73 -38.53 -394.08
-0.68 -0.52 0.11 108.37 -39.85 -401.92
-0.64 -0.46 0.09 107.88 -41.18 -405.98
-0.59 -0.44 0.12 111.53 -43.59 -405.62
-0.42 -0.35 0.06 118.08 -42.14 -402.90
-0.41 -0.27 0.01 124.61 -43.85 -403.56
-0.30 0.01 -0.02 125.07 -42.40 -393.10
-0.28 0.24 -0.02 119.74 -45.86 -387.02
-0.12 0.50 -0.04 105.47 -47.01 -376.96
0.08 0.72 -0.05 79.13 -40.52 -372.05
0.13 0.83 -0.06 47.47 -34.95 -365.04
0.28 0.86 -0.06 23.04 -24.32 -351.66
0.33 0.74 -0.03 20.29 -14.70 -333.86
0.35 0.63 -0.02 30.92 -7.91 -308.84
0.42 0.51 -0.07 62.56 3.51 -283.53
0.36 0.84 0.01 87.76 7.01 -251.62
0.48 0.96 -0.06 113.24 14.60 -215.65
0.29 1.32 0.01 120.67 10.61 -178.53
0.49 1.86 0.02 82.38 6.17 -143.98
0.54 1.88 0.07 43.01 -1.56 -123.85
0.62 1.85 0.09 10.44 -10.98 -104.72
0.73 1.75 0.06 -8.32 -11.36 -81.95
0.75 1.67 0.09 -17.53 -9.48 -52.99
0.82 1.72 0.07 -21.21 -1.01 -13.45
0.78 1.83 0.11 -24.92 3.88 34.55
0.76 1.98 0.13 -37.28 8.76 89.69
0.70 2.09 0.16 -56.46 3.66 143.02
0.65 2.12 0.14 -87.85 2.95 187.39
0.59 2.07 0.08 -114.20 4.38 240.61
0.42 2.04 0.04 -136.23 -0.35 296.81
0.33 2.11 0.00 -159.95 2.63 353.71
0.12 1.96 -0.08 -179.21 -3.04 401.88
-0.02 1.72 -0.17 -200.46 -5.79 427.11
-0.20 1.36 -0.26 -220.90 -13.07 432.55
-0.35 1.07 -0.34 -225.42 -18.31 442.99
-0.59 0.94 -0.36 -224.37 -22.37 467.27
-0.77 0.73 -0.45 -217.88 -25.28 493.57
-1.04 0.53 -0.51 -214.38 -29.30 500.26
-1.25 0.26 -0.59 -214.69 -37.34 500.26
-1.45 0.00 -0.66 -219.62 -43.68 500.26
-1.72 -0.42 -0.68 -226.76 -62.53 500.26
-1.78 -0.78 -0.66 -237.53 -79.37 483.86
-1.76 -1.25 -0.64 -232.60 -85.65 466.12
-1.70 -1.65 -0.58 -202.73 -86.02 456.93
-1.66 -1.86 -0.46 -152.11 -87.21 456.05
-1.61 -1.86 -0.40 -98.84 -87.22 452.79
-1.50 -1.69 -0.38 -70.12 -87.44 438.90
-1.40 -1.62 -0.44 -60.34 -86.44 412.44
-1.23 -1.54 -0.60 -71.01 -82.02 377.07
-1.03 -1.57 -0.75 -89.42 -66.14 342.11
-1.01 -1.66 -0.79 -106.79 -55.25 297.01
-0.92 -1.78 -0.84 -122.44 -42.75 259.27
-0.85 -1.99 -0.81 -120.43 -31.05 227.73
-1.19 -2.23 -0.68 -100.92 -34.15 201.74
-0.98 -2.14 -0.51 -71.33 -29.69 175.50
-0.60 -2.14 -0.69 -67.22 -18.92 177.13
-0.82 -2.38 -0.57 -42.78 -15.51 154.63
-0.67 -2.23 -0.65 -25.33 -22.72 128.82
-0.60 -2.19 -0.61 -5.59 -18.90 104.02
-0.64 -2.04 -0.55 4.11 -18.29 79.74
-0.58 -1.93 -0.56 4.90 -12.14 57.45
-0.57 -1.88 -0.54 -2.56 -7.68 36.95
-0.52 -1.93 -0.58 -4.32 7.57 20.31
-0.60 -1.89 -0.52 0.75 14.14 2.90
-0.63 -1.87 -0.48 9.85 15.45 -11.94
-0.64 -1.84 -0.45 24.46 15.42 -25.22
-0.65 -1.79 -0.43 40.92 15.83 -34.66
-0.65 -1.64 -0.39 53.92 16.06 -42.15
-0.66 -1.44 -0.35 59.36 15.56 -48.40
-0.61 -1.26 -0.35 57.28 15.82 -52.46
-0.54 -1.09 -0.34 48.44 17.94 -57.51
-0.48 -1.00 -0.35 38.49 21.57 -60.44
-0.45 -0.93 -0.34 31.31 21.62 -63.22
-0.41 -0.88 -0.33 25.83 22.56 -62.64
-0.38 -0.79 -0.31 18.29 23.16 -61.51
-0.36 -0.74 -0.29 9.63 24.53 -56.85
-0.35 -0.74 -0.27 5.13 25.91 -49.92
-0.35 -0.73 -0.23 4.49 24.73 -42.40
-0.35 -0.69 -0.21 0.98 22.37 -34.95
-0.33 -0.69 -0.20 -4.46 19.79 -29.31
-0.29 -0.74 -0.21 -4.49 18.49 -22.76
