0.18 -1.14 0.01 -5.94 5.60 15.43
0.17 -1.22 0.05 -7.95 4.34 15.00
0.20 -1.36 0.07 -5.48 2.10 12.92
0.23 -1.48 0.07 -0.98 -0.12 8.83
0.28 -1.56 0.04 1.01 -0.28 2.79
0.28 -1.66 0.04 1.31 -0.91 -7.19
0.28 -1.75 0.05 0.96 -2.66 -20.18
0.32 -1.86 0.03 1.52 -3.04 -33.79
0.37 -1.94 -0.02 4.08 -0.43 -46.31
0.37 -2.00 -0.02 7.12 4.50 -60.73
0.33 -2.00 -0.02 3.44 7.34 -79.56
0.25 -2.00 0.05 -0.21 6.36 -95.63
0.18 -2.00 0.08 4.97 2.15 -113.03
0.18 -2.00 0.07 15.31 -2.02 -127.73
0.19 -2.00 0.04 27.34 -2.23 -142.97
0.20 -2.00 -0.04 37.46 -2.82 -161.88
0.13 -2.00 -0.02 43.16 -2.08 -180.82
0.06 -2.00 -0.02 48.70 -0.61 -200.11
0.01 -1.97 -0.03 55.75 1.96 -215.50
-0.05 -1.86 -0.03 65.11 4.98 -226.96
-0.11 -1.75 -0.03 76.95 8.47 -233.59
-0.16 -1.48 -0.04 75.33 11.20 -242.44
-0.21 -1.32 -0.06 71.20 10.19 -250.14
-0.26 -1.25 -0.04 71.53 9.81 -250.14
-0.31 -1.25 -0.01 88.34 9.39 -250.14
-0.35 -1.14 -0.00 111.11 6.80 -249.58
-0.31 -0.88 -0.06 123.82 5.95 -244.98
-0.30 -0.59 -0.10 123.51 8.16 -246.39
-0.35 -0.34 -0.08 110.87 6.60 -250.14
-0.37 -0.19 -0.03 101.16 1.50 -250.14
-0.38 -0.05 -0.03 97.82 -1.93 -250.14
-0.34 0.10 -0.02 100.18 -1.95 -233.41
-0.35 0.26 -0.01 103.44 -4.02 -210.03
-0.33 0.42 -0.00 103.83 -10.13 -187.87
-0.27 0.57 -0.02 100.66 -17.34 -166.98
-0.14 0.66 -0.09 94.11 -21.56 -151.98
-0.02 0.68 -0.16 82.63 -20.26 -142.15
0.07 0.59 -0.19 71.05 -17.05 -137.66
-0.02 0.58 -0.15 67.34 -12.98 -132.60
0.08 0.51 -0.17 74.89 -11.77 -120.04
-0.01 0.61 -0.16 85.90 -7.38 -99.08
-0.13 1.08 -0.12 69.14 -22.99 -88.92
-0.03 1.37 -0.19 35.43 -29.63 -58.68
-0.02 1.53 -0.19 1.98 -35.14 -15.91
0.05 1.54 -0.20 -24.70 -41.67 30.39
0.18 1.42 -0.27 -41.63 -39.66 85.54
0.26 1.23 -0.31 -48.65 -33.62 140.50
0.34 1.08 -0.35 -52.21 -24.66 188.12
0.32 0.96 -0.34 -61.24 -17.95 221.88
0.30 0.93 -0.38 -78.10 -11.11 249.62
0.21 0.91 -0.40 -101.15 -6.90 250.13
0.12 0.92 -0.44 -128.26 -5.82 250.13
0.06 0.80 -0.50 -154.79 -5.57 250.13
0.03 0.66 -0.63 -179.76 4.27 250.13
-0.23 0.27 -0.56 -195.08 3.94 250.13
-0.42 -0.33 -0.52 -202.76 -3.21 250.13
-0.55 -0.99 -0.44 -201.37 -11.53 250.13
-0.52 -1.58 -0.38 -190.71 -21.13 250.13
-0.42 -2.00 -0.38 -169.98 -19.51 250.13
-0.26 -2.00 -0.40 -146.82 -3.98 250.13
-0.20 -2.00 -0.34 -114.31 14.64 250.13
-0.28 -2.00 -0.21 -89.61 18.82 250.13
-0.41 -2.00 0.04 -66.94 15.81 247.82
-0.35 -2.00 0.05 -35.50 15.79 210.99
0.02 -2.00 -0.27 -14.55 -3.37 182.59
0.12 -2.00 0.35 17.15 29.46 133.10
-0.11 -2.00 0.21 25.79 9.34 124.25
0.07 -2.00 0.20 13.15 8.06 75.54
0.07 -2.00 0.16 7.57 -3.59 43.16
0.32 -1.78 0.06 5.13 5.38 32.55
0.29 -1.79 0.07 24.32 7.31 33.64
0.29 -1.52 0.07 37.69 6.14 35.85
0.27 -1.23 0.02 29.26 1.30 30.88
0.38 -1.16 -0.05 14.55 0.74 25.25
0.43 -1.24 -0.14 13.53 10.56 21.56
0.38 -1.18 -0.12 7.56 11.34 17.54
0.34 -1.15 -0.10 -0.79 13.67 8.21
0.22 -1.21 -0.08 -5.60 12.94 1.32
0.11 -1.13 0.03 -4.91 16.31 1.08
0.10 -1.18 -0.01 1.44 14.02 0.79
0.07 -1.17 -0.02 7.50 6.52 1.45
0.11 -1.12 -0.07 8.51 9.18 3.87
0.13 -1.09 -0.09 9.35 9.87 2.69
0.13 -1.04 -0.10 3.40 14.93 -1.06
0.08 -1.03 -0.07 -3.86 15.99 -8.15
0.04 -1.04 -0.03 -8.26 14.85 -12.81
-0.01 -1.05 0.01 -6.62 12.42 -12.91
-0.00 -1.05 0.00 -0.55 9.76 -8.47
0.01 -1.02 -0.01 7.70 8.78 -1.14
0.02 -0.97 -0.02 11.65 8.31 3.95
0.01 -0.91 -0.02 10.53 5.87 5.11
0.06 -0.93 -0.04 5.76 5.11 2.82
0.08 -1.00 -0.05 4.08 4.95 -0.18
0.09 -1.02 -0.06 4.71 8.17 -3.54
0.06 -1.02 -0.04 5.27 9.58 -6.88
0.03 -1.03 -0.02 5.92 9.05 -9.36
0.01 -0.99 -0.02 7.06 8.71 -7.47
0.01 -0.95 -0.03 8.74 8.49 -1.87
0.01 -0.94 -0.02 8.88 7.08 2.16
0.02 -0.94 -0.02 5.69 5.95 3.95
