0.04 -1.12 -0.04 -9.88 -4.33 14.33
0.07 -1.16 -0.03 -11.08 -3.71 12.59
0.04 -1.19 -0.01 -12.95 -4.30 12.14
0.07 -1.27 0.00 -14.37 -7.36 11.69
0.08 -1.40 0.03 -12.11 -10.28 11.02
0.10 -1.54 0.03 -8.25 -14.62 9.36
0.14 -1.68 0.02 -2.56 -17.69 4.14
0.16 -1.86 0.04 4.21 -20.31 -5.02
0.21 -2.00 -0.01 13.85 -22.18 -18.73
0.22 -2.00 -0.02 23.47 -17.01 -36.82
0.29 -2.00 -0.06 31.80 -12.24 -60.09
0.28 -2.00 -0.05 35.93 -5.98 -84.69
0.18 -2.00 0.01 43.85 -3.41 -108.09
0.12 -2.00 0.03 56.66 -2.60 -126.79
0.11 -2.00 -0.01 74.15 1.97 -146.37
0.03 -2.00 0.00 87.43 7.69 -166.56
0.01 -2.00 -0.06 91.47 16.79 -196.67
-0.09 -2.00 -0.03 91.66 25.26 -231.06
-0.22 -2.00 -0.02 91.40 28.56 -250.14
-0.40 -2.00 0.11 105.05 30.60 -250.14
-0.48 -2.00 0.08 126.40 28.63 -250.14
-0.52 -1.75 0.03 142.88 24.89 -250.14
-0.59 -1.59 0.03 155.44 21.20 -250.14
-0.61 -1.29 0.03 163.27 16.82 -250.14
-0.64 -1.06 0.04 169.38 10.53 -250.14
-0.62 -0.83 0.01 172.57 3.72 -250.14
-0.56 -0.58 -0.04 172.92 -0.14 -250.14
-0.44 -0.37 -0.11 166.68 5.04 -250.14
-0.36 -0.26 -0.15 162.37 11.80 -250.14
-0.33 -0.19 -0.14 161.89 16.87 -250.14
-0.39 -0.05 -0.13 164.66 15.32 -250.14
-0.39 0.11 -0.12 169.95 11.48 -250.14
-0.42 0.37 -0.13 168.24 3.45 -250.14
-0.46 0.88 -0.06 146.60 -12.67 -250.14
-0.31 1.07 -0.07 116.68 -25.67 -222.34
-0.14 1.08 -0.14 91.27 -32.71 -195.05
-0.06 1.07 -0.16 68.53 -38.52 -167.32
0.03 0.98 -0.18 55.01 -39.95 -140.85
0.08 0.94 -0.19 49.15 -37.05 -111.05
0.12 0.95 -0.21 51.79 -30.64 -80.86
0.05 1.08 -0.18 43.47 -31.19 -51.71
0.05 1.34 -0.15 26.54 -33.31 -20.47
0.05 1.49 -0.15 0.54 -38.89 20.49
0.12 1.52 -0.22 -26.36 -39.29 62.20
0.17 1.53 -0.28 -49.79 -40.45 103.14
0.20 1.45 -0.33 -68.79 -37.37 148.76
0.17 1.37 -0.35 -83.76 -29.95 195.21
0.09 1.33 -0.35 -98.53 -23.74 241.70
-0.02 1.24 -0.38 -113.98 -18.99 250.13
-0.18 1.26 -0.39 -139.52 -21.25 250.13
-0.31 1.26 -0.45 -176.69 -27.10 250.13
-0.38 0.97 -0.60 -208.98 -29.08 250.13
-0.40 0.61 -0.78 -229.28 -17.86 250.13
-0.43 0.27 -0.91 -244.49 -2.37 250.13
-0.66 -0.20 -0.88 -250.14 11.24 250.13
-1.04 -0.72 -0.63 -250.14 13.81 250.13
-1.33 -1.36 -0.39 -250.14 -21.78 250.13
-1.18 -2.00 -0.35 -250.14 -37.71 250.13
-0.84 -2.00 -0.42 -224.85 -41.32 250.13
-0.60 -2.00 -0.42 -180.51 -21.62 250.13
-0.50 -2.00 -0.28 -143.97 -6.92 250.13
-0.51 -2.00 -0.19 -113.60 6.47 250.13
-0.62 -2.00 -0.13 -104.03 11.00 250.13
-0.72 -2.00 -0.23 -105.82 31.59 193.10
-0.87 -2.00 0.23 -88.96 4.21 184.08
-0.65 -2.00 0.59 -108.71 10.22 133.11
-0.06 -2.00 0.01 -73.95 5.57 109.37
-0.24 -2.00 -0.03 -37.41 12.62 96.95
-0.11 -2.00 0.09 -14.85 -2.54 69.71
-0.01 -2.00 -0.09 4.02 7.37 66.79
0.52 -2.00 -0.54 35.47 15.73 -12.74
0.02 -2.00 -0.01 41.31 28.40 -53.27
-0.21 -1.48 -0.02 33.66 11.06 -79.36
-0.08 -1.20 -0.14 30.11 6.20 -68.24
-0.04 -1.19 -0.12 46.63 12.78 -44.27
-0.00 -1.06 -0.14 55.39 8.05 -34.82
-0.08 -0.90 -0.06 49.64 3.66 -22.35
0.03 -0.84 -0.11 37.11 0.86 -22.31
0.11 -0.84 -0.16 23.67 5.22 -24.34
0.10 -0.88 -0.12 12.54 10.39 -26.02
0.06 -0.85 -0.11 4.42 10.51 -26.30
-0.01 -0.91 -0.06 0.09 13.12 -21.92
-0.01 -0.93 -0.07 0.56 11.31 -19.34
-0.01 -0.96 -0.07 4.13 9.52 -14.78
-0.02 -0.95 -0.07 9.67 8.40 -8.02
0.01 -0.95 -0.11 14.00 8.96 -2.63
-0.01 -0.94 -0.08 14.17 9.13 -2.37
-0.01 -0.94 -0.08 10.52 8.18 -5.18
-0.01 -0.96 -0.09 7.84 9.35 -8.50
-0.01 -0.96 -0.11 5.44 12.34 -11.31
-0.05 -0.98 -0.08 2.32 12.60 -13.82
-0.06 -1.02 -0.06 2.01 11.18 -14.08
-0.06 -1.05 -0.05 6.34 9.98 -13.66
-0.05 -1.05 -0.06 11.27 9.66 -11.42
-0.05 -1.03 -0.06 14.70 8.86 -9.74
-0.04 -1.00 -0.06 15.10 8.65 -7.70
-0.05 -0.97 -0.06 15.18 7.20 -6.18
-0.06 -0.98 -0.05 13.82 4.41 -5.29
-0.04 -0.98 -0.06 12.45 3.27 -4.55
-0.02 -0.98 -0.07 10.04 2.31 -4.87
