-0.11 -0.87 -0.13 -4.66 -2.27 14.87
-0.10 -0.87 -0.14 -6.02 -3.60 17.57
-0.09 -0.86 -0.14 -7.05 -3.13 20.70
-0.12 -0.83 -0.13 -9.56 -4.20 24.69
-0.12 -0.86 -0.13 -11.95 -5.36 28.20
-0.13 -0.84 -0.14 -16.84 -6.47 32.03
-0.15 -0.89 -0.13 -21.54 -8.17 33.74
-0.16 -0.95 -0.15 -25.94 -9.39 34.34
-0.18 -1.01 -0.17 -29.80 -10.69 33.82
-0.22 -1.12 -0.19 -30.89 -12.99 33.63
-0.30 -1.24 -0.20 -31.59 -18.15 30.55
-0.48 -1.50 -0.20 -31.39 -32.72 24.84
-0.50 -1.89 -0.21 -26.32 -47.24 7.51
-0.50 -2.33 -0.16 -15.13 -61.98 -27.34
-0.62 -3.18 -0.28 27.98 -80.79 -76.78
-0.41 -3.79 -0.57 90.17 -70.38 -112.26
-0.49 -3.52 -0.64 150.66 -61.19 -143.69
-0.63 -3.27 -0.60 174.61 -54.96 -191.22
-0.62 -2.97 -0.71 177.08 -57.39 -219.51
-0.58 -2.92 -0.74 170.12 -50.89 -285.60
-0.80 -2.59 -0.67 157.45 -44.29 -329.50
-0.87 -2.60 -0.45 151.56 -36.09 -359.83
-0.84 -2.49 -0.52 167.65 -24.66 -374.00
-0.84 -2.14 -0.47 193.10 -11.25 -376.34
-0.99 -1.82 -0.40 212.11 -3.08 -385.25
-1.33 -0.84 -0.02 203.57 -5.07 -390.44
-1.07 -1.23 -0.23 199.25 -12.64 -407.36
-1.18 -1.08 -0.20 192.58 -21.15 -416.82
-1.12 -0.82 -0.16 182.81 -20.37 -419.11
-1.12 -0.61 -0.10 169.39 -22.89 -422.56
-0.99 -0.48 -0.10 159.19 -25.08 -420.20
-0.95 -0.34 -0.04 155.25 -29.94 -411.51
-0.79 -0.23 -0.14 156.85 -37.34 -410.90
-0.74 -0.02 -0.09 156.55 -36.63 -392.60
-0.74 0.24 -0.06 149.95 -44.66 -385.79
-0.57 0.61 -0.05 119.27 -47.24 -376.20
-0.44 0.68 -0.04 88.41 -52.15 -373.77
-0.27 0.85 0.02 52.11 -51.91 -377.40
-0.14 0.82 0.02 24.67 -52.63 -374.40
-0.01 0.87 0.01 13.94 -48.34 -357.74
0.14 1.01 0.03 14.85 -39.76 -330.96
0.15 1.07 0.07 22.27 -40.53 -292.92
0.40 1.19 -0.03 32.78 -33.16 -259.56
0.50 1.24 -0.06 45.30 -24.81 -230.06
0.69 1.19 -0.11 66.53 -14.53 -204.73
0.72 1.31 -0.09 81.79 -1.97 -181.02
0.71 1.26 -0.07 105.66 11.50 -156.63
0.71 1.43 -0.06 100.78 10.17 -140.60
0.81 1.71 -0.13 103.69 20.31 -126.24
0.62 2.08 -0.05 79.18 7.19 -97.02
0.85 2.48 0.03 43.76 -9.36 -48.64
0.91 2.49 0.02 10.84 -9.28 12.96
0.89 2.41 0.03 -31.42 -7.74 77.01
0.95 2.13 -0.03 -65.76 0.11 134.85
0.93 1.84 -0.04 -89.60 11.50 182.00
0.84 1.52 -0.05 -105.01 23.40 220.85
0.74 1.31 -0.03 -107.16 34.41 260.89
0.61 1.42 -0.01 -105.40 42.32 308.56
0.50 1.57 -0.01 -107.80 51.39 370.34
0.31 1.73 -0.07 -122.67 63.48 433.85
0.08 1.79 -0.19 -145.74 74.47 484.96
-0.24 1.77 -0.21 -187.37 65.36 500.26
-0.53 1.61 -0.38 -246.82 52.72 500.26
-0.84 1.32 -0.54 -310.34 31.95 482.46
-0.96 0.94 -0.71 -364.43 11.51 461.47
-1.12 0.54 -0.85 -395.74 -2.92 447.40
-1.30 0.09 -0.92 -392.26 -18.15 461.48
-1.39 -0.23 -0.97 -367.08 -24.66 476.55
-1.65 -0.58 -0.95 -326.63 -41.98 485.97
-1.59 -0.54 -1.02 -299.18 -46.18 500.26
-1.64 -0.69 -1.08 -271.51 -42.34 500.26
-1.66 -0.86 -1.15 -243.86 -36.67 500.26
-1.72 -1.01 -1.17 -222.32 -34.55 500.26
-1.76 -1.18 -1.22 -206.85 -36.98 497.04
-1.74 -1.36 -1.21 -210.99 -47.71 438.21
-1.61 -1.78 -1.04 -218.82 -50.29 384.37
-1.40 -2.23 -0.92 -195.79 -45.45 340.79
-1.27 -2.33 -0.81 -147.22 -39.18 305.60
-1.33 -2.08 -0.66 -100.15 -45.34 275.44
-1.31 -1.81 -0.61 -78.95 -56.31 254.06
-1.17 -1.80 -0.70 -68.29 -60.02 241.07
-0.96 -1.91 -0.75 -61.16 -54.95 228.46
-0.82 -2.18 -0.75 -58.89 -42.02 201.40
-0.47 -2.24 -0.74 -36.29 -23.68 161.77
-0.66 -2.31 -0.59 -32.60 -33.47 138.17
-0.68 -2.25 -0.58 -41.68 9.60 101.45
-0.83 -2.42 -0.54 -31.77 -6.26 69.54
-0.70 -2.45 -0.57 -7.24 -6.50 44.20
-0.73 -2.45 -0.49 22.06 -3.69 26.24
-0.71 -2.44 -0.46 53.60 -4.24 8.11
-0.67 -2.27 -0.43 73.30 -2.73 -6.60
-0.64 -2.05 -0.47 84.89 3.07 -28.61
-0.62 -1.76 -0.47 87.53 7.21 -48.05
-0.59 -1.48 -0.46 80.23 10.69 -66.37
-0.56 -1.31 -0.45 71.76 11.83 -77.60
-0.51 -1.15 -0.45 60.02 18.56 -86.05
-0.49 -1.04 -0.41 47.34 21.42 -91.24
-0.49 -1.03 -0.36 41.71 21.47 -97.11
-0.49 -0.94 -0.33 40.06 19.89 -98.38
-0.45 -0.78 -0.29 36.96 18.21 -90.43
