-0.01 -0.97 0.09 -16.96 -6.99 4.89
0.00 -1.00 0.09 -15.45 -5.98 5.37
-0.01 -1.02 0.09 -13.68 -5.04 5.92
-0.02 -1.03 0.10 -11.69 -5.02 6.03
-0.01 -1.05 0.10 -10.29 -4.96 5.05
-0.00 -1.07 0.09 -9.54 -4.98 3.85
-0.02 -1.10 0.10 -8.41 -5.76 1.62
-0.01 -1.12 0.09 -6.55 -6.40 -0.61
-0.00 -1.15 0.11 -3.62 -6.09 -2.00
-0.01 -1.22 0.12 1.80 -6.76 -4.78
0.02 -1.26 0.12 8.37 -6.63 -8.37
0.05 -1.28 0.10 15.13 -4.85 -12.05
0.05 -1.25 0.10 20.14 -2.92 -15.33
0.05 -1.25 0.09 22.64 -2.49 -19.48
0.04 -1.29 0.10 25.21 -3.66 -27.28
0.08 -1.35 0.09 29.85 -3.57 -33.57
0.12 -1.42 0.11 38.67 -1.42 -37.37
0.13 -1.47 0.12 50.11 2.53 -39.27
0.13 -1.48 0.12 63.19 6.05 -42.02
0.13 -1.48 0.12 76.67 10.11 -44.35
0.13 -1.42 0.13 87.45 13.65 -44.11
0.12 -1.34 0.13 95.07 16.69 -43.44
0.10 -1.28 0.13 99.08 17.54 -42.99
0.10 -1.23 0.14 100.08 18.50 -41.18
0.07 -1.21 0.17 100.76 18.02 -44.00
0.06 -1.26 0.19 102.14 14.50 -53.01
0.13 -1.24 0.21 105.05 13.62 -62.50
0.15 -1.25 0.21 111.57 15.94 -67.45
0.13 -1.28 0.23 122.18 18.87 -67.33
0.14 -1.22 0.24 131.50 22.47 -63.74
0.13 -1.08 0.23 135.25 24.67 -59.76
0.10 -0.99 0.23 132.11 23.74 -60.02
0.08 -0.95 0.27 125.24 20.11 -66.18
0.11 -0.95 0.29 120.03 16.46 -75.62
0.16 -0.95 0.29 117.08 17.47 -81.07
0.15 -0.91 0.31 114.47 18.90 -85.77
0.12 -0.88 0.34 111.45 17.95 -90.43
0.11 -0.87 0.35 110.56 16.85 -91.01
0.12 -0.86 0.37 110.60 15.98 -89.19
0.13 -0.85 0.38 111.22 15.28 -86.08
0.18 -0.80 0.37 111.48 17.04 -80.56
0.21 -0.78 0.38 112.43 20.41 -76.21
0.22 -0.74 0.39 111.21 24.06 -74.95
0.19 -0.72 0.39 111.04 27.91 -74.76
0.14 -0.63 0.42 107.65 28.61 -75.77
0.10 -0.55 0.44 100.23 26.38 -78.29
0.07 -0.49 0.47 89.94 21.18 -80.87
0.04 -0.48 0.49 80.06 14.78 -82.18
0.09 -0.49 0.51 73.05 10.17 -79.89
0.14 -0.50 0.50 69.91 8.89 -74.18
0.17 -0.52 0.52 70.06 9.86 -67.62
0.17 -0.49 0.53 68.24 9.37 -64.66
0.19 -0.49 0.55 65.05 8.24 -64.87
0.20 -0.50 0.56 61.71 6.20 -69.01
0.23 -0.51 0.57 60.06 5.51 -72.44
0.25 -0.49 0.57 61.08 8.06 -71.19
0.26 -0.45 0.57 63.44 12.47 -67.16
0.21 -0.38 0.59 64.32 14.12 -62.58
0.17 -0.31 0.57 60.26 13.13 -57.63
0.15 -0.27 0.60 53.66 9.47 -54.24
0.20 -0.29 0.58 49.27 8.38 -49.68
0.25 -0.31 0.59 48.98 11.82 -43.42
0.26 -0.32 0.59 53.34 16.17 -35.22
0.21 -0.27 0.58 57.22 20.08 -27.62
0.18 -0.18 0.59 55.92 20.18 -24.05
0.16 -0.09 0.60 49.71 18.06 -23.50
0.18 -0.03 0.57 40.24 16.31 -22.46
0.19 0.02 0.59 29.11 15.22 -20.60
0.15 0.02 0.60 19.98 13.92 -15.25
0.15 0.01 0.61 12.60 12.03 -8.27
0.12 0.03 0.62 4.09 8.24 -3.18
0.13 0.01 0.62 -4.70 4.14 -0.93
0.14 -0.05 0.64 -11.73 0.24 -0.53
0.16 -0.08 0.65 -15.80 -2.49 -0.08
0.19 -0.11 0.66 -18.40 -3.16 2.75
0.20 -0.11 0.65 -19.47 -2.40 8.56
0.20 -0.08 0.63 -22.24 -1.50 15.22
0.19 -0.05 0.64 -29.39 -3.15 19.15
0.19 -0.07 0.64 -38.38 -5.33 21.69
0.18 -0.11 0.64 -46.72 -8.20 25.19
0.21 -0.21 0.65 -51.68 -9.97 29.77
0.23 -0.28 0.66 -52.90 -10.40 34.53
0.27 -0.37 0.66 -50.89 -9.30 36.21
0.30 -0.41 0.66 -47.60 -7.45 34.66
0.32 -0.42 0.65 -44.34 -4.41 32.92
0.30 -0.39 0.65 -42.93 -2.09 31.85
0.28 -0.35 0.63 -43.28 -0.46 33.28
0.25 -0.29 0.62 -47.31 -0.20 35.88
0.22 -0.30 0.63 -51.94 -0.34 42.12
0.20 -0.33 0.63 -53.60 -0.11 52.00
0.20 -0.34 0.62 -53.44 0.90 64.14
0.19 -0.34 0.61 -52.96 2.20 74.47
0.18 -0.36 0.59 -52.43 3.01 81.25
0.14 -0.31 0.59 -57.60 0.81 77.89
0.14 -0.31 0.58 -71.21 -5.05 68.02
0.16 -0.37 0.56 -81.48 -7.95 61.63
0.16 -0.44 0.56 -88.03 -9.69 60.15
0.14 -0.51 0.56 -89.21 -10.32 62.37
0.19 -0.58 0.54 -84.23 -6.84 71.63
0.22 -0.63 0.54 -73.71 1.33 86.12
