-0.66 -2.16 -0.48 100.44 -30.32 -114.26
-0.72 -2.28 -0.44 107.94 -28.37 -152.41
-0.75 -2.32 -0.35 109.28 -28.98 -190.61
-0.78 -2.41 -0.44 121.88 -29.44 -227.68
-0.78 -2.31 -0.45 138.06 -22.87 -259.24
-0.79 -2.13 -0.43 147.89 -19.94 -288.32
-0.81 -1.97 -0.41 151.04 -18.84 -314.11
-0.83 -1.76 -0.38 148.37 -17.56 -335.40
-0.84 -1.63 -0.32 140.14 -17.69 -354.56
-0.86 -1.50 -0.25 127.27 -19.85 -376.32
-0.80 -1.42 -0.25 118.79 -18.93 -394.12
-0.93 -1.23 -0.09 101.18 -20.66 -417.59
-0.82 -1.27 -0.09 88.82 -22.20 -429.98
-0.73 -1.12 -0.09 89.82 -18.23 -436.05
-0.73 -1.04 -0.06 94.79 -16.29 -440.23
-0.77 -0.95 0.03 94.89 -18.78 -450.92
-0.75 -0.95 0.05 96.60 -24.76 -465.02
-0.63 -0.87 -0.02 105.71 -20.76 -474.50
-0.65 -0.69 -0.02 118.69 -16.58 -479.18
-0.67 -0.16 -0.01 118.55 -22.47 -478.56
-0.56 0.40 0.03 96.73 -23.13 -462.93
-0.39 0.89 0.04 66.06 -23.02 -437.83
-0.20 1.24 0.07 25.48 -22.00 -404.05
-0.00 1.30 0.05 -5.98 -17.56 -376.37
0.17 1.29 0.06 -25.79 -9.34 -348.06
0.23 1.22 0.09 -19.74 -1.95 -312.89
0.27 1.15 0.13 11.28 3.56 -273.66
0.33 1.20 0.17 54.85 3.18 -233.07
0.42 1.55 0.16 94.20 4.82 -192.06
0.44 2.05 0.20 115.05 -0.79 -142.76
0.60 2.54 0.18 118.41 -7.13 -82.09
0.63 2.92 0.16 83.45 -16.49 -31.80
0.80 3.09 0.13 12.96 -24.14 -1.68
0.84 2.63 0.08 -45.01 -26.87 16.66
0.84 2.12 0.02 -65.68 -22.78 42.49
0.76 1.74 0.03 -63.51 -18.58 73.22
0.65 1.45 0.06 -58.58 -16.21 102.58
0.56 1.30 0.05 -53.28 -13.91 130.43
0.49 1.30 0.08 -52.98 -13.82 166.40
0.42 1.32 0.05 -55.36 -17.86 206.37
0.38 1.46 0.05 -70.14 -20.76 246.23
0.34 1.46 -0.03 -87.39 -20.31 290.89
0.29 1.48 -0.09 -98.06 -16.14 343.54
0.21 1.45 -0.20 -99.36 -3.86 403.60
0.01 1.41 -0.23 -103.01 7.28 458.46
-0.17 1.29 -0.28 -122.73 16.27 491.21
-0.46 0.90 -0.34 -141.42 17.16 489.54
-0.71 0.61 -0.33 -168.49 6.52 472.27
-0.86 0.34 -0.39 -189.10 -6.05 465.60
-0.95 0.14 -0.47 -194.61 -13.19 470.02
-1.03 -0.06 -0.56 -188.09 -16.27 488.55
-1.12 -0.23 -0.66 -176.81 -18.70 498.85
-1.25 -0.33 -0.72 -181.63 -24.44 500.26
-1.36 -0.58 -0.78 -194.84 -31.85 479.66
-1.47 -0.97 -0.82 -215.02 -46.17 439.60
-1.40 -1.45 -0.87 -219.08 -48.18 416.44
-1.22 -2.03 -0.84 -182.23 -41.21 394.40
-1.16 -2.18 -0.60 -130.11 -34.53 379.04
-1.21 -2.05 -0.48 -84.14 -35.88 361.53
-1.23 -1.63 -0.47 -62.50 -48.60 338.29
-1.14 -1.40 -0.57 -71.88 -53.36 323.66
-1.03 -1.45 -0.63 -86.20 -50.81 305.89
-1.01 -1.62 -0.63 -95.08 -45.51 288.23
-0.93 -1.71 -0.63 -90.78 -38.21 266.24
-0.90 -1.68 -0.61 -86.38 -26.47 225.69
-0.97 -1.83 -0.66 -102.76 -47.10 189.54
-0.88 -2.00 -0.74 -129.36 -33.45 164.78
-0.91 -2.61 -0.80 -113.59 -38.64 128.23
-0.77 -2.80 -0.78 -66.92 -30.87 110.20
-0.74 -2.83 -0.71 -10.40 -22.76 103.31
-0.80 -2.61 -0.61 36.37 -23.51 85.48
-0.77 -2.27 -0.58 58.31 -29.85 68.40
-0.63 -1.98 -0.67 59.37 -23.77 50.95
-0.53 -1.84 -0.72 54.72 -12.72 30.84
-0.50 -1.67 -0.70 43.92 1.42 10.96
-0.56 -1.59 -0.61 31.10 9.60 -9.59
-0.59 -1.59 -0.50 24.90 14.26 -25.65
-0.59 -1.58 -0.45 29.69 15.56 -37.22
-0.57 -1.45 -0.41 38.96 17.11 -40.21
-0.54 -1.28 -0.39 49.98 16.64 -40.96
-0.53 -1.09 -0.35 54.84 12.41 -42.95
-0.44 -0.94 -0.37 52.32 10.12 -44.55
-0.37 -0.79 -0.37 44.78 10.98 -44.73
-0.33 -0.68 -0.36 34.52 12.23 -39.95
-0.26 -0.60 -0.34 20.23 15.66 -39.98
-0.26 -0.61 -0.34 6.85 18.05 -38.02
-0.25 -0.65 -0.31 -2.99 19.94 -35.13
-0.24 -0.73 -0.28 -6.99 20.17 -30.47
-0.26 -0.80 -0.26 -3.95 19.68 -24.50
-0.28 -0.82 -0.22 2.12 17.86 -18.63
-0.29 -0.80 -0.19 4.73 13.31 -15.98
-0.29 -0.79 -0.17 3.83 9.01 -14.90
-0.26 -0.75 -0.18 1.69 6.56 -12.53
-0.24 -0.72 -0.20 -0.46 6.27 -7.53
-0.22 -0.73 -0.21 -1.97 7.22 -1.48
-0.23 -0.76 -0.22 -4.60 8.26 1.47
-0.22 -0.76 -0.24 -11.07 9.36 1.47
-0.23 -0.84 -0.24 -15.27 10.58 0.87
-0.26 -0.90 -0.21 -15.04 9.89 0.49
-0.27 -0.96 -0.21 -11.80 7.85 0.00
