-0.50 -0.89 -0.13 -4.23 1.65 2.87
-0.56 -0.93 -0.13 -3.50 -0.87 1.57
-0.65 -1.00 -0.12 -6.72 -7.59 -2.53
-0.71 -1.21 -0.14 -5.25 -15.36 -8.24
-0.64 -1.42 -0.10 2.64 -17.82 -15.71
-0.93 -1.62 -0.11 17.40 -38.67 -27.31
-1.14 -1.88 -0.05 38.84 -53.88 -38.47
-1.19 -2.08 -0.04 66.34 -75.51 -48.02
-1.36 -2.33 -0.06 101.11 -96.05 -56.67
-1.22 -2.59 -0.15 137.53 -110.05 -70.00
-1.14 -2.56 -0.28 170.15 -104.75 -91.73
-1.11 -2.32 -0.26 178.52 -96.89 -128.43
-1.15 -1.99 -0.25 169.86 -91.48 -160.09
-1.15 -1.81 -0.16 162.46 -87.68 -184.40
-1.21 -1.71 -0.06 159.62 -89.56 -210.70
-1.40 -1.68 0.08 158.27 -100.55 -235.27
-1.24 -1.78 0.07 166.31 -107.83 -257.71
-1.21 -1.75 0.03 187.28 -112.79 -281.16
-1.19 -1.61 0.04 201.34 -120.08 -308.20
-1.22 -1.38 0.03 205.65 -124.14 -328.50
-1.13 -1.20 0.04 206.47 -128.44 -337.07
-1.00 -0.94 -0.06 206.72 -123.13 -335.98
-1.00 -0.81 0.00 198.53 -122.92 -336.43
-0.90 -0.64 -0.05 182.27 -126.03 -347.15
-0.78 -0.47 -0.04 150.58 -120.24 -361.98
-0.66 -0.47 -0.04 118.82 -112.95 -382.73
-0.64 -0.46 0.03 90.24 -100.49 -395.37
-0.72 -0.57 0.08 75.04 -97.28 -412.17
-0.81 -0.66 0.19 62.35 -96.81 -422.29
-0.88 -0.84 0.22 72.98 -103.59 -434.03
-0.86 -0.93 0.26 96.61 -110.29 -443.24
-0.85 -0.89 0.11 134.29 -119.79 -446.79
-0.82 -0.41 0.04 160.85 -118.75 -448.29
-0.85 0.00 0.07 170.76 -124.64 -444.67
-0.72 0.62 -0.05 163.48 -130.53 -440.44
-0.51 1.15 0.01 129.97 -124.40 -434.93
-0.39 1.32 0.02 99.56 -123.85 -431.08
-0.12 1.51 0.05 70.41 -116.37 -423.98
-0.03 1.30 0.04 66.14 -107.60 -409.07
0.00 1.15 -0.02 94.40 -101.07 -387.80
0.05 1.06 -0.12 137.21 -98.49 -363.44
0.10 1.10 -0.31 188.15 -94.09 -341.60
0.20 1.43 -0.52 219.83 -84.95 -320.82
0.32 1.81 -0.67 223.74 -74.18 -298.06
0.19 2.27 -0.63 205.86 -79.77 -259.48
0.39 2.65 -0.52 175.94 -89.18 -192.64
0.72 2.90 -0.55 130.84 -91.22 -130.79
1.06 3.13 -0.60 54.08 -73.86 -73.73
1.23 2.93 -0.62 -32.18 -44.56 -24.85
1.15 2.42 -0.64 -98.78 -25.28 29.60
1.11 1.81 -0.67 -130.14 -4.89 80.72
1.06 1.34 -0.70 -134.76 17.36 126.27
1.03 1.18 -0.75 -128.64 40.76 169.82
1.08 0.94 -0.76 -107.51 74.34 208.09
1.02 1.08 -0.82 -79.37 108.40 253.10
1.02 1.53 -0.85 -59.86 154.03 316.44
0.87 2.06 -0.88 -53.28 193.37 401.94
0.83 2.72 -0.93 -66.79 240.32 500.26
0.49 3.15 -0.94 -104.55 286.61 500.26
-0.19 3.37 -1.13 -172.93 315.02 500.26
-0.88 3.06 -1.31 -246.00 343.31 500.26
-1.55 2.91 -1.59 -319.85 360.89 500.26
-2.16 2.63 -1.76 -397.98 369.71 500.26
-2.70 2.10 -1.94 -474.08 362.27 500.26
-3.13 1.71 -2.07 -500.27 345.45 500.26
-3.32 1.28 -2.04 -500.27 320.23 500.26
-3.53 0.83 -2.01 -500.27 281.51 500.26
-3.88 0.40 -1.93 -500.27 221.42 500.26
-4.00 0.03 -1.78 -500.27 141.86 500.26
-3.75 -0.64 -1.94 -500.27 105.71 498.82
-3.40 -1.78 -2.01 -500.27 71.88 460.26
-3.06 -2.80 -1.81 -421.25 67.36 454.87
-3.25 -2.85 -1.34 -318.92 48.58 432.38
-3.17 -2.53 -1.05 -279.83 22.08 388.66
-2.82 -2.81 -0.95 -255.59 6.08 330.79
-2.64 -3.00 -0.86 -230.43 0.17 258.79
-2.46 -3.14 -0.79 -206.93 -1.66 204.31
-2.33 -3.41 -0.69 -167.65 -4.63 159.69
-2.18 -3.59 -0.62 -115.62 -11.77 125.28
-1.96 -3.63 -0.60 -54.31 -19.73 96.08
-1.80 -3.50 -0.53 7.66 -32.76 67.01
-1.29 -3.07 -0.64 54.78 -21.54 40.64
-1.07 -2.44 -0.67 67.39 -7.62 19.25
-0.96 -2.08 -0.65 73.82 6.84 -0.29
-0.96 -1.75 -0.57 77.45 6.55 -9.53
-0.90 -1.60 -0.52 83.88 2.52 -18.14
-0.79 -1.41 -0.52 91.24 0.20 -25.08
-0.72 -1.24 -0.48 97.27 2.84 -24.92
-0.64 -1.08 -0.46 100.03 4.89 -23.73
-0.64 -0.88 -0.41 93.76 5.27 -32.73
-0.62 -0.76 -0.38 82.15 4.20 -40.60
-0.57 -0.66 -0.36 69.51 4.12 -47.22
-0.53 -0.58 -0.32 56.27 6.70 -49.53
-0.52 -0.56 -0.27 45.92 9.04 -50.43
-0.55 -0.51 -0.23 35.74 9.25 -49.54
-0.58 -0.48 -0.16 26.32 7.36 -46.38
-0.59 -0.48 -0.12 18.95 4.02 -40.34
-0.56 -0.54 -0.10 15.50 0.78 -34.00
-0.52 -0.55 -0.12 11.02 -0.99 -30.50
-0.51 -0.55 -0.10 5.13 -2.18 -29.04
