-0.07 -0.91 0.12 -14.72 -3.77 1.24
-0.07 -0.92 0.12 -15.51 -3.86 1.50
-0.08 -0.94 0.12 -16.17 -3.86 1.86
-0.07 -0.95 0.12 -16.21 -4.02 1.59
-0.07 -0.98 0.11 -15.91 -4.00 0.56
-0.08 -0.98 0.11 -16.21 -4.58 -0.12
-0.08 -1.00 0.11 -16.43 -5.27 -1.22
-0.07 -1.03 0.11 -15.98 -6.40 -1.97
-0.06 -1.07 0.13 -13.79 -6.67 -1.88
-0.06 -1.11 0.12 -10.63 -6.73 -1.88
-0.04 -1.12 0.12 -6.84 -6.90 -1.76
-0.03 -1.14 0.12 -3.68 -6.98 -3.51
-0.03 -1.15 0.12 -0.99 -7.42 -6.58
-0.01 -1.18 0.13 1.89 -7.57 -10.12
-0.01 -1.23 0.12 6.61 -7.36 -13.25
0.01 -1.26 0.13 13.25 -6.50 -15.74
0.03 -1.27 0.12 20.29 -4.95 -17.91
0.02 -1.24 0.12 24.78 -3.02 -21.04
0.02 -1.20 0.11 26.32 -2.23 -23.15
0.02 -1.17 0.12 26.79 -1.04 -26.21
0.01 -1.16 0.12 26.09 -1.37 -28.81
0.01 -1.19 0.13 27.11 -1.76 -30.11
-0.00 -1.25 0.15 31.76 -1.69 -30.43
-0.00 -1.30 0.17 39.19 -3.80 -32.67
0.05 -1.33 0.16 48.02 -3.02 -33.51
0.06 -1.31 0.16 56.32 -0.76 -33.34
0.07 -1.31 0.16 62.96 0.85 -35.01
0.08 -1.28 0.16 68.93 3.63 -36.67
0.09 -1.22 0.17 73.56 6.29 -40.09
0.08 -1.21 0.17 77.01 8.26 -42.08
0.05 -1.15 0.18 79.10 9.69 -44.02
0.01 -1.11 0.20 79.54 7.36 -48.78
0.01 -1.10 0.20 79.11 4.58 -52.12
0.04 -1.10 0.21 78.20 1.88 -56.41
0.09 -1.14 0.21 79.27 1.47 -59.53
0.12 -1.19 0.23 84.38 3.16 -62.72
0.17 -1.22 0.23 93.22 7.86 -62.78
0.18 -1.19 0.24 103.51 13.40 -61.74
0.16 -1.13 0.23 112.49 17.73 -62.41
0.13 -1.03 0.25 115.48 18.89 -63.18
0.10 -0.94 0.25 114.21 18.61 -66.73
0.09 -0.85 0.27 109.73 16.96 -69.25
0.08 -0.80 0.29 103.21 14.44 -72.34
0.08 -0.83 0.31 99.62 13.16 -72.11
0.08 -0.87 0.34 100.29 12.81 -68.58
0.11 -0.87 0.36 103.86 13.95 -64.82
0.12 -0.85 0.36 106.95 14.87 -64.24
0.12 -0.82 0.36 107.45 15.19 -66.90
0.11 -0.77 0.38 104.60 12.95 -72.75
0.09 -0.72 0.40 97.97 9.54 -80.43
0.13 -0.74 0.40 92.69 7.47 -84.67
0.18 -0.75 0.42 91.30 8.92 -83.62
0.21 -0.75 0.42 94.09 13.11 -77.59
0.23 -0.75 0.43 100.38 18.81 -70.37
0.21 -0.68 0.43 105.45 23.83 -64.37
0.20 -0.58 0.45 105.07 26.90 -58.89
0.16 -0.51 0.45 102.11 26.27 -59.77
0.16 -0.44 0.46 94.61 25.73 -59.42
0.15 -0.40 0.49 87.25 25.45 -58.23
0.12 -0.38 0.50 80.32 23.69 -58.26
0.11 -0.35 0.53 73.66 18.99 -58.50
0.14 -0.34 0.52 67.53 17.31 -56.23
0.18 -0.32 0.53 63.59 18.60 -50.76
0.17 -0.33 0.55 63.40 21.30 -41.63
0.15 -0.32 0.57 66.70 23.33 -30.81
0.13 -0.24 0.58 67.48 23.65 -21.85
0.09 -0.13 0.58 59.88 18.95 -20.89
0.08 -0.05 0.57 43.04 11.51 -26.47
0.12 -0.05 0.57 25.27 5.94 -32.43
0.14 -0.11 0.58 11.53 2.15 -35.74
0.18 -0.19 0.60 4.44 1.40 -34.73
0.18 -0.23 0.62 3.48 3.22 -28.70
0.16 -0.23 0.63 5.21 4.92 -21.62
0.13 -0.20 0.64 4.63 4.27 -15.25
0.13 -0.16 0.64 1.34 2.90 -9.51
0.11 -0.11 0.62 -6.63 0.12 -4.73
0.14 -0.13 0.63 -14.93 -1.57 0.02
0.16 -0.16 0.62 -22.11 -1.48 4.24
0.17 -0.22 0.62 -25.11 -0.72 9.21
0.14 -0.28 0.65 -25.04 -0.82 13.53
0.14 -0.29 0.66 -23.28 -1.60 17.44
0.12 -0.23 0.65 -25.28 -3.62 20.12
0.13 -0.20 0.63 -30.96 -5.27 22.93
0.14 -0.20 0.62 -37.91 -6.96 26.35
0.15 -0.22 0.61 -45.65 -9.18 28.64
0.17 -0.26 0.59 -52.29 -10.81 30.21
0.18 -0.34 0.60 -56.03 -11.79 31.50
0.22 -0.42 0.60 -55.08 -11.30 32.96
0.23 -0.45 0.60 -52.32 -9.37 35.21
0.25 -0.45 0.59 -48.50 -5.80 38.79
0.24 -0.44 0.59 -44.56 -1.85 45.08
0.18 -0.38 0.58 -43.56 -0.72 51.47
0.15 -0.32 0.57 -49.71 -2.11 55.22
0.15 -0.32 0.55 -58.15 -4.12 56.49
0.12 -0.32 0.55 -69.05 -7.62 55.39
0.13 -0.38 0.55 -79.44 -11.18 53.45
0.15 -0.48 0.54 -83.40 -12.35 54.76
0.18 -0.61 0.55 -78.98 -9.36 60.76
0.19 -0.68 0.54 -66.06 -2.20 71.48
0.10 -0.61 0.54 -57.27 0.26 76.43
