-0.41 -2.92 -0.93 115.04 -30.06 -185.21
-0.55 -2.55 -0.93 123.94 -16.64 -221.34
-0.56 -2.28 -0.91 116.34 -3.54 -247.69
-0.58 -2.23 -0.84 113.68 9.65 -270.40
-0.58 -2.21 -0.76 121.04 24.56 -284.31
-0.71 -2.16 -0.59 139.53 34.05 -296.70
-0.82 -2.03 -0.44 162.00 36.73 -304.98
-0.95 -1.80 -0.28 181.73 30.00 -312.38
-0.99 -1.63 -0.20 198.34 18.89 -319.44
-0.91 -1.34 -0.14 204.85 11.79 -322.41
-0.88 -1.08 -0.14 204.46 5.63 -324.44
-0.77 -0.77 -0.08 186.92 0.70 -321.69
-0.73 -0.62 -0.07 164.81 -4.49 -325.37
-0.62 -0.52 -0.02 134.05 -9.63 -339.83
-0.50 -0.52 0.01 102.14 -10.64 -354.43
-0.48 -0.54 0.04 80.73 -15.65 -369.05
-0.40 -0.58 0.04 68.81 -17.59 -384.24
-0.36 -0.55 0.03 62.56 -19.13 -397.71
-0.28 -0.50 -0.01 53.66 -16.60 -413.56
-0.27 -0.57 -0.05 56.76 -11.04 -426.43
-0.22 -0.47 -0.09 71.08 -1.83 -430.50
-0.25 -0.36 -0.08 87.74 2.41 -425.80
-0.19 -0.19 -0.12 101.66 8.90 -422.17
-0.14 -0.03 -0.10 112.26 16.49 -420.81
-0.13 0.09 -0.10 124.76 21.47 -414.44
-0.12 0.46 -0.10 133.51 26.81 -399.27
-0.10 0.78 -0.03 136.14 25.89 -381.21
-0.04 1.09 -0.04 133.91 19.82 -361.21
-0.04 1.37 0.04 122.98 8.15 -334.69
0.04 1.57 0.05 112.98 1.11 -303.56
0.05 1.80 0.07 106.23 -10.82 -267.22
0.24 2.11 0.07 102.76 -22.70 -214.69
0.41 2.36 0.05 96.70 -25.65 -161.53
0.59 2.58 -0.03 75.57 -22.93 -109.76
0.66 2.65 -0.04 46.93 -17.88 -67.74
0.69 2.73 -0.05 20.75 -10.70 -19.15
0.67 2.83 -0.00 -0.18 -6.58 42.14
0.71 2.86 -0.02 -26.17 2.78 113.39
0.65 2.78 -0.08 -53.08 10.43 180.03
0.55 2.66 -0.09 -78.73 17.51 242.34
0.44 2.59 -0.09 -101.77 20.21 297.57
0.29 2.58 -0.11 -127.40 16.78 356.18
0.09 2.44 -0.18 -156.81 15.28 409.04
-0.15 2.20 -0.29 -186.49 16.24 458.41
-0.39 1.82 -0.38 -208.47 13.30 499.28
-0.69 1.40 -0.43 -228.08 5.47 500.26
-0.78 1.12 -0.54 -243.22 6.96 500.26
-1.05 0.80 -0.58 -251.66 2.35 500.26
-1.29 0.50 -0.65 -255.28 -0.31 500.26
-1.44 0.16 -0.72 -251.01 -4.29 500.26
-1.58 -0.10 -0.71 -256.52 -17.74 500.26
-1.66 -0.41 -0.75 -260.08 -26.20 500.26
-1.71 -0.56 -0.80 -257.79 -38.75 500.26
-1.77 -0.88 -0.82 -255.45 -54.63 500.26
-1.72 -1.39 -0.87 -237.36 -62.23 493.73
-1.70 -1.63 -0.78 -216.70 -71.33 456.81
-1.58 -2.01 -0.67 -189.21 -75.63 417.28
-1.46 -2.13 -0.57 -155.30 -76.35 388.11
-1.22 -2.08 -0.63 -126.79 -65.79 369.15
-1.10 -2.03 -0.63 -96.06 -59.01 344.78
-1.00 -1.74 -0.76 -84.11 -53.28 317.82
-0.87 -1.46 -0.86 -98.24 -39.80 299.63
-0.75 -1.51 -0.94 -115.10 -22.98 279.77
-0.83 -1.70 -0.89 -116.08 -12.85 259.44
-0.98 -1.94 -0.76 -109.83 -10.75 247.59
-1.12 -1.95 -0.44 -88.61 -17.63 216.61
-0.80 -1.87 -0.57 -86.21 -13.95 192.14
-0.92 -2.04 -0.49 -81.18 -16.50 157.95
-0.82 -2.14 -0.61 -66.49 -25.57 119.21
-0.82 -2.12 -0.61 -50.23 -27.30 98.66
-0.77 -2.19 -0.66 -28.84 -30.26 83.10
-0.67 -2.19 -0.69 -2.40 -24.20 74.32
-0.66 -2.10 -0.69 19.76 -17.28 66.72
-0.64 -2.00 -0.68 32.79 -10.00 49.83
-0.62 -1.92 -0.64 33.69 -7.98 28.37
-0.63 -1.92 -0.62 39.01 -1.69 2.18
-0.66 -1.80 -0.55 43.79 0.20 -18.78
-0.66 -1.69 -0.52 49.45 1.59 -36.12
-0.65 -1.51 -0.48 52.44 2.66 -45.36
-0.62 -1.35 -0.46 52.92 5.36 -49.59
-0.60 -1.19 -0.43 51.10 7.11 -50.55
-0.57 -1.05 -0.38 45.94 6.79 -54.23
-0.50 -0.91 -0.36 39.85 6.98 -53.11
-0.41 -0.82 -0.35 34.05 9.16 -50.81
-0.37 -0.75 -0.33 27.24 10.41 -47.47
-0.33 -0.69 -0.30 19.83 10.75 -43.07
-0.29 -0.67 -0.28 13.07 10.70 -36.75
-0.26 -0.69 -0.29 9.97 11.97 -30.23
-0.25 -0.69 -0.27 7.85 12.79 -24.72
-0.25 -0.69 -0.26 5.53 11.82 -20.56
-0.26 -0.67 -0.23 1.74 10.31 -17.59
-0.24 -0.70 -0.24 -2.11 9.25 -13.69
-0.24 -0.71 -0.23 -4.89 7.94 -8.67
-0.24 -0.73 -0.24 -5.56 7.21 -1.86
-0.23 -0.75 -0.23 -5.19 6.08 2.44
-0.25 -0.76 -0.23 -6.84 5.22 4.69
-0.24 -0.80 -0.24 -9.27 4.06 5.47
-0.24 -0.82 -0.25 -10.44 4.14 5.34
-0.25 -0.84 -0.25 -11.27 3.69 4.63
-0.25 -0.87 -0.25 -10.41 3.91 5.08
