0.14 -0.99 0.02 -10.50 -9.01 1.65
0.16 -0.96 0.00 -10.73 -8.37 2.26
0.15 -0.95 -0.00 -11.73 -7.36 3.08
0.14 -0.97 -0.00 -12.34 -7.98 2.84
0.13 -0.99 0.02 -11.57 -8.08 3.97
0.15 -1.02 0.02 -9.98 -8.15 4.46
0.18 -1.02 0.02 -9.36 -6.17 5.34
0.16 -1.03 0.02 -8.60 -5.48 4.47
0.13 -1.03 0.03 -8.76 -6.98 2.06
0.11 -1.08 0.03 -8.14 -10.15 -0.03
0.15 -1.10 0.03 -7.22 -12.58 -0.73
0.19 -1.16 0.01 -4.85 -12.98 -0.95
0.28 -1.21 0.00 -0.99 -9.56 -1.89
0.33 -1.25 -0.00 3.97 -2.90 -4.69
0.28 -1.27 0.00 10.06 1.33 -9.86
0.22 -1.28 0.03 15.34 1.94 -14.50
0.17 -1.32 0.05 21.51 -0.38 -18.72
0.19 -1.33 0.05 27.02 -3.11 -21.45
0.27 -1.30 0.04 31.82 -1.85 -21.01
0.31 -1.29 0.01 35.57 0.61 -21.54
0.33 -1.27 -0.01 37.10 3.01 -23.53
0.34 -1.30 -0.01 39.27 6.05 -26.99
0.35 -1.30 -0.01 43.30 10.38 -28.72
0.34 -1.34 -0.00 49.62 14.73 -27.53
0.31 -1.39 0.01 59.02 18.20 -24.81
0.32 -1.42 0.03 71.25 22.03 -21.44
0.34 -1.41 0.02 84.61 27.50 -18.12
0.33 -1.37 0.01 96.92 34.89 -15.04
0.27 -1.26 0.02 103.89 38.66 -16.03
0.21 -1.15 0.03 103.74 38.08 -21.18
0.17 -1.06 0.06 97.05 32.58 -33.01
0.19 -1.01 0.06 86.02 26.96 -45.91
0.22 -1.04 0.09 77.65 23.71 -55.42
0.26 -1.12 0.10 76.99 24.66 -56.24
0.31 -1.21 0.13 84.64 29.95 -50.26
0.32 -1.26 0.15 99.80 38.46 -40.21
0.25 -1.20 0.16 113.82 42.64 -34.92
0.22 -1.06 0.18 117.68 43.28 -34.95
0.19 -0.93 0.17 111.91 39.18 -48.56
0.17 -0.82 0.18 98.29 34.03 -61.48
0.17 -0.81 0.20 85.97 29.25 -71.95
0.20 -0.84 0.23 79.15 28.58 -72.76
0.19 -0.87 0.27 78.69 29.94 -69.16
0.19 -0.85 0.29 80.05 30.73 -62.55
0.20 -0.85 0.29 81.74 32.98 -55.88
0.15 -0.81 0.32 80.32 30.46 -55.77
0.13 -0.80 0.35 76.61 24.32 -62.24
0.17 -0.78 0.36 71.60 18.34 -71.80
0.24 -0.75 0.34 66.21 16.15 -77.79
0.28 -0.75 0.34 63.22 18.70 -79.01
0.27 -0.77 0.36 64.58 22.53 -75.05
0.23 -0.72 0.38 66.18 24.67 -68.40
0.19 -0.70 0.39 66.15 22.46 -66.64
0.23 -0.65 0.39 63.94 21.89 -64.09
0.26 -0.64 0.40 62.05 22.76 -61.68
0.26 -0.66 0.41 62.60 24.70 -59.80
0.20 -0.69 0.44 64.90 22.93 -61.62
0.18 -0.68 0.45 66.63 17.79 -65.63
0.23 -0.65 0.47 67.59 14.69 -66.84
0.28 -0.58 0.45 67.57 13.31 -69.95
0.34 -0.53 0.43 66.18 16.95 -67.13
0.33 -0.48 0.43 65.22 20.46 -62.41
0.32 -0.44 0.44 63.89 22.66 -57.01
0.32 -0.39 0.44 60.98 23.94 -52.49
0.30 -0.32 0.44 54.70 23.37 -51.51
0.32 -0.31 0.43 48.47 24.75 -50.23
0.33 -0.29 0.45 44.46 27.16 -46.76
0.29 -0.27 0.49 42.20 28.75 -42.87
0.24 -0.22 0.49 37.62 26.41 -39.37
0.22 -0.14 0.51 29.37 22.21 -36.44
0.19 -0.12 0.52 18.03 15.63 -36.89
0.21 -0.10 0.53 4.81 9.27 -36.69
0.23 -0.14 0.54 -4.63 5.05 -34.87
0.28 -0.23 0.55 -8.96 4.09 -31.79
0.30 -0.30 0.56 -8.46 4.90 -28.40
0.30 -0.33 0.58 -5.68 5.85 -24.46
0.31 -0.33 0.58 -1.89 8.41 -18.98
0.29 -0.28 0.58 0.40 10.67 -10.96
0.26 -0.23 0.56 0.56 13.45 -0.21
0.22 -0.19 0.57 -1.65 14.35 10.73
0.17 -0.13 0.57 -7.19 12.11 19.71
0.13 -0.12 0.57 -14.40 7.89 26.49
0.10 -0.11 0.58 -22.55 1.45 31.13
0.12 -0.12 0.57 -31.54 -4.41 34.64
0.15 -0.17 0.56 -39.76 -9.10 34.70
0.21 -0.22 0.54 -46.89 -11.79 36.20
0.26 -0.28 0.53 -50.67 -11.74 39.04
0.28 -0.34 0.52 -51.21 -9.89 44.76
0.31 -0.37 0.53 -47.97 -5.37 53.60
0.28 -0.37 0.50 -44.02 -1.53 63.21
0.18 -0.27 0.52 -48.79 -4.78 65.63
0.17 -0.26 0.49 -61.48 -11.82 63.11
0.20 -0.34 0.48 -72.87 -18.09 60.78
0.27 -0.45 0.47 -78.92 -20.75 59.79
0.35 -0.56 0.45 -77.25 -16.73 64.55
0.37 -0.66 0.45 -66.84 -8.38 74.35
0.32 -0.67 0.46 -52.47 0.27 87.76
0.26 -0.64 0.46 -40.32 5.85 98.32
0.18 -0.51 0.46 -38.61 5.13 98.85
0.16 -0.40 0.43 -48.03 2.63 95.34
