-0.05 -0.93 0.08 -17.91 -2.60 3.95
-0.07 -0.92 0.08 -20.34 -3.39 1.79
-0.08 -0.92 0.10 -23.54 -4.43 -0.64
-0.09 -0.95 0.09 -26.15 -6.21 -3.45
-0.08 -1.01 0.08 -26.12 -8.08 -5.36
-0.05 -1.07 0.09 -24.55 -8.21 -5.77
-0.06 -1.11 0.10 -21.22 -9.01 -5.33
-0.02 -1.14 0.08 -16.96 -8.15 -4.75
-0.02 -1.20 0.10 -11.31 -7.24 -4.89
-0.05 -1.27 0.11 -4.03 -8.84 -8.05
-0.04 -1.35 0.12 4.96 -11.18 -13.63
0.03 -1.38 0.11 15.19 -9.71 -16.26
0.04 -1.37 0.10 23.56 -6.72 -18.18
0.05 -1.41 0.09 30.05 -4.73 -22.90
0.07 -1.47 0.11 38.46 -2.49 -27.10
0.09 -1.52 0.13 49.04 0.82 -29.59
0.11 -1.54 0.13 62.26 6.40 -28.21
0.09 -1.53 0.14 74.95 10.99 -26.76
0.04 -1.51 0.15 86.55 12.35 -28.02
0.01 -1.52 0.18 99.10 11.77 -29.25
0.04 -1.46 0.16 110.84 12.69 -30.70
0.03 -1.37 0.18 117.19 12.17 -36.03
0.04 -1.30 0.17 119.62 11.18 -44.23
0.07 -1.25 0.16 120.67 11.47 -51.25
0.05 -1.23 0.17 123.36 12.09 -58.67
0.06 -1.19 0.19 125.71 13.39 -60.27
0.05 -1.18 0.20 131.27 14.76 -58.26
0.01 -1.19 0.22 137.74 14.35 -56.95
0.04 -1.20 0.22 144.56 14.23 -56.93
0.09 -1.14 0.22 149.76 16.24 -58.64
0.12 -1.07 0.22 152.55 19.98 -62.00
0.10 -1.00 0.23 153.48 23.39 -66.55
0.05 -0.88 0.24 149.63 23.56 -72.84
0.02 -0.79 0.25 142.66 21.92 -75.44
-0.01 -0.77 0.29 135.54 18.64 -78.67
0.04 -0.78 0.30 131.13 18.24 -77.24
0.07 -0.77 0.31 130.43 19.44 -73.71
0.05 -0.78 0.36 131.98 20.55 -71.01
0.03 -0.77 0.36 135.05 20.47 -70.53
0.02 -0.69 0.38 133.63 18.38 -74.72
0.07 -0.67 0.38 130.70 17.50 -79.16
0.09 -0.63 0.39 128.87 19.95 -80.06
0.10 -0.57 0.40 128.67 24.85 -75.48
0.10 -0.48 0.39 129.08 31.82 -64.03
0.08 -0.39 0.40 130.23 38.82 -49.56
-0.00 -0.27 0.43 127.44 40.89 -33.91
-0.10 -0.16 0.48 116.02 35.50 -28.53
-0.09 -0.04 0.48 97.51 25.15 -30.92
-0.07 -0.06 0.50 79.62 17.63 -32.58
-0.03 -0.08 0.52 64.46 12.47 -32.79
-0.04 -0.12 0.55 54.67 7.59 -32.64
-0.04 -0.15 0.58 46.37 1.02 -34.06
-0.01 -0.15 0.61 37.56 -5.27 -37.18
0.03 -0.09 0.59 24.87 -10.78 -42.21
0.09 -0.08 0.59 10.87 -14.08 -46.47
0.13 -0.13 0.59 0.84 -14.60 -46.06
0.15 -0.16 0.60 -7.39 -14.78 -43.88
0.17 -0.21 0.60 -12.70 -12.66 -40.03
0.18 -0.26 0.62 -13.45 -9.91 -33.33
0.17 -0.29 0.62 -12.02 -7.44 -25.54
0.17 -0.29 0.62 -9.83 -4.81 -16.12
0.19 -0.27 0.61 -8.08 -1.40 -6.26
0.19 -0.23 0.60 -7.91 3.19 2.93
0.17 -0.16 0.59 -10.60 7.01 10.81
0.13 -0.12 0.58 -15.45 9.24 17.19
0.07 -0.06 0.57 -24.92 7.45 19.85
0.05 -0.03 0.57 -38.81 3.95 20.37
0.06 -0.05 0.57 -51.40 1.28 23.59
0.03 -0.10 0.57 -62.14 -1.74 27.54
0.04 -0.15 0.56 -70.41 -4.56 32.18
0.07 -0.16 0.54 -77.88 -5.66 38.67
0.12 -0.20 0.51 -81.91 -2.72 49.34
0.16 -0.25 0.49 -81.45 4.18 62.21
0.15 -0.26 0.47 -78.52 13.53 75.92
0.07 -0.21 0.46 -78.14 19.02 84.32
-0.04 -0.10 0.45 -87.71 17.18 86.20
-0.08 -0.02 0.41 -106.14 11.69 83.65
-0.09 0.04 0.36 -131.28 5.01 78.15
-0.08 -0.01 0.32 -157.85 -1.25 75.08
-0.08 -0.17 0.28 -175.53 -5.65 76.93
-0.09 -0.40 0.29 -179.13 -7.97 87.04
-0.09 -0.59 0.32 -171.13 -8.05 99.19
-0.11 -0.69 0.32 -157.54 -6.72 108.78
-0.15 -0.60 0.29 -154.60 -10.37 109.86
-0.15 -0.51 0.23 -167.15 -16.89 102.49
-0.11 -0.51 0.18 -185.69 -21.74 91.45
-0.09 -0.60 0.15 -203.80 -26.50 77.16
-0.05 -0.73 0.11 -216.98 -27.94 67.34
-0.03 -0.99 0.12 -214.23 -25.71 64.23
-0.06 -1.20 0.17 -197.77 -23.01 65.54
-0.11 -1.27 0.19 -178.81 -23.65 68.05
-0.08 -1.23 0.15 -165.63 -25.47 69.86
-0.04 -1.24 0.12 -156.76 -24.12 70.69
-0.01 -1.27 0.11 -148.20 -21.30 69.85
0.02 -1.29 0.10 -138.93 -16.44 69.85
-0.03 -1.31 0.09 -128.23 -11.31 68.41
-0.18 -1.25 0.11 -126.43 -17.80 57.08
-0.10 -1.31 0.09 -126.89 -23.36 45.42
-0.08 -1.39 0.09 -124.35 -26.75 35.40
0.01 -1.47 0.06 -117.39 -25.63 29.83
