-0.14 -0.96 0.03 -18.67 -5.54 4.67
-0.13 -1.05 0.04 -18.38 -8.03 1.83
-0.07 -1.11 0.01 -15.10 -8.29 -0.29
-0.05 -1.15 0.02 -10.41 -6.93 -1.73
-0.04 -1.18 0.02 -5.79 -5.30 -4.84
0.00 -1.31 0.02 1.89 -2.87 -11.77
-0.02 -1.39 0.04 12.81 -2.21 -21.27
0.00 -1.43 0.03 24.98 -1.98 -28.55
0.01 -1.45 0.03 37.51 -0.66 -31.44
0.03 -1.46 0.03 50.98 2.46 -30.53
-0.00 -1.50 0.05 64.17 4.02 -32.03
-0.04 -1.65 0.10 83.30 0.95 -41.95
-0.13 -1.90 0.19 111.31 -7.82 -62.00
-0.07 -2.12 0.20 152.27 -13.54 -85.37
-0.01 -2.21 0.18 200.21 -14.79 -105.82
0.15 -1.92 0.04 238.78 -1.44 -112.53
0.21 -1.53 -0.04 258.26 18.95 -98.82
0.13 -1.16 -0.06 263.77 33.36 -77.62
0.02 -0.97 0.01 256.98 40.41 -52.64
-0.06 -1.07 0.10 255.51 39.57 -36.18
-0.19 -1.50 0.24 271.30 28.66 -45.37
0.01 -1.62 0.20 296.47 22.38 -72.66
0.20 -1.36 0.10 311.89 32.32 -99.66
0.17 -0.95 0.03 310.24 45.15 -109.97
0.06 -0.50 0.07 292.24 52.00 -98.41
0.01 -0.26 0.15 268.89 53.94 -68.29
0.01 -0.20 0.23 247.59 54.44 -32.98
0.04 -0.24 0.30 227.65 52.76 -13.71
-0.07 -0.63 0.40 220.40 45.45 -17.54
-0.08 -0.99 0.44 232.26 35.44 -41.30
0.06 -0.88 0.41 239.34 34.14 -75.65
0.16 -0.55 0.35 233.08 42.12 -95.28
0.14 -0.23 0.36 219.18 53.18 -84.09
0.07 0.03 0.43 201.50 61.66 -53.91
0.03 0.09 0.50 185.15 64.78 -12.73
0.00 -0.00 0.55 172.18 64.23 13.42
0.02 -0.15 0.57 160.23 61.45 16.24
-0.00 -0.27 0.57 152.46 58.52 3.77
-0.07 -0.37 0.60 151.98 54.92 -10.55
-0.09 -0.33 0.60 154.06 50.78 -22.60
-0.10 -0.10 0.61 146.03 47.21 -33.63
-0.14 0.09 0.62 129.05 40.89 -40.43
-0.12 0.22 0.62 108.81 36.23 -37.56
-0.15 0.25 0.65 91.39 31.39 -27.15
-0.11 0.27 0.63 74.20 29.37 -18.90
-0.05 0.31 0.61 57.05 30.32 -13.69
-0.06 0.30 0.60 41.44 32.89 -8.02
-0.10 0.31 0.62 27.34 34.55 -1.39
-0.16 0.27 0.62 14.75 32.95 2.90
-0.20 0.25 0.64 2.46 28.12 3.28
-0.22 0.24 0.63 -9.77 21.42 2.85
-0.22 0.27 0.63 -22.90 14.70 3.10
-0.20 0.36 0.60 -39.25 8.60 3.68
-0.16 0.44 0.57 -59.36 4.44 5.57
-0.11 0.52 0.53 -82.35 3.86 12.24
-0.08 0.60 0.48 -107.53 6.78 23.10
-0.08 0.66 0.42 -136.78 10.73 36.69
-0.10 0.57 0.40 -163.85 14.27 50.64
-0.18 0.41 0.38 -185.04 15.42 61.10
-0.24 0.16 0.40 -195.53 13.68 71.34
-0.24 0.09 0.41 -204.84 12.24 79.83
-0.25 0.10 0.39 -219.28 8.52 77.95
-0.24 0.14 0.36 -240.50 4.78 72.93
-0.24 0.16 0.32 -266.17 1.04 69.97
-0.28 0.09 0.27 -289.97 -2.34 73.11
-0.36 -0.09 0.26 -306.81 -7.76 81.25
-0.39 -0.24 0.23 -317.82 -13.86 87.04
-0.44 -0.40 0.22 -325.92 -23.19 87.18
-0.48 -0.56 0.21 -330.17 -37.13 76.85
-0.40 -0.72 0.20 -331.48 -51.63 62.11
-0.19 -0.82 0.13 -328.61 -55.94 48.58
0.06 -0.82 0.05 -323.66 -46.05 43.37
0.20 -0.76 -0.05 -318.79 -23.27 53.30
0.07 -0.70 -0.08 -317.98 -1.86 68.26
-0.32 -0.83 -0.01 -316.93 -2.05 70.96
-0.53 -1.04 0.08 -309.98 -23.22 57.66
-0.43 -1.20 0.06 -299.69 -44.00 35.73
-0.18 -1.36 0.01 -281.25 -54.63 14.49
0.11 -1.40 -0.06 -260.35 -43.08 9.28
0.19 -1.38 -0.08 -238.50 -23.51 6.72
0.14 -1.27 -0.10 -221.05 -5.24 12.06
-0.02 -1.18 -0.10 -207.37 6.78 17.98
-0.26 -1.11 -0.08 -199.62 4.84 18.14
-0.45 -1.14 -0.06 -195.88 -11.94 9.47
-0.42 -1.17 -0.10 -194.56 -28.76 1.24
-0.28 -1.25 -0.18 -191.48 -37.65 0.11
-0.14 -1.36 -0.20 -182.05 -38.11 3.16
-0.05 -1.48 -0.21 -163.98 -31.22 10.85
-0.04 -1.63 -0.17 -139.34 -20.03 20.38
-0.12 -1.69 -0.13 -112.15 -13.15 20.11
-0.19 -1.67 -0.11 -87.34 -13.47 15.86
-0.21 -1.60 -0.14 -68.40 -15.89 10.17
-0.22 -1.55 -0.17 -55.08 -19.80 4.60
-0.13 -1.54 -0.19 -43.04 -20.49 3.16
-0.06 -1.53 -0.21 -30.50 -14.90 6.40
-0.04 -1.52 -0.22 -17.42 -8.14 9.50
-0.06 -1.50 -0.20 -4.44 -2.31 9.54
-0.11 -1.44 -0.18 6.55 0.92 6.81
-0.15 -1.36 -0.17 14.24 1.82 3.51
-0.16 -1.29 -0.16 20.37 1.91 1.62
