-0.15 -1.03 0.02 -15.21 -7.30 2.18
-0.15 -1.06 0.02 -13.28 -7.27 -0.26
-0.16 -1.08 0.02 -10.78 -7.57 -2.67
-0.13 -1.08 0.02 -8.08 -7.02 -3.51
-0.13 -1.08 0.01 -6.09 -6.35 -3.85
-0.13 -1.11 0.01 -3.88 -6.11 -4.43
-0.14 -1.15 0.02 -0.66 -6.31 -5.47
-0.14 -1.16 0.04 3.48 -7.10 -8.18
-0.13 -1.20 0.03 9.36 -7.79 -9.74
-0.14 -1.22 0.03 14.85 -8.11 -13.97
-0.18 -1.25 0.05 20.31 -10.82 -19.60
-0.17 -1.30 0.06 26.72 -14.56 -25.42
-0.11 -1.28 0.03 33.73 -15.45 -28.18
-0.06 -1.27 0.02 39.16 -14.23 -27.39
-0.01 -1.30 0.02 45.02 -10.63 -26.46
-0.02 -1.36 0.03 53.22 -6.49 -25.66
-0.05 -1.44 0.07 65.97 -3.92 -25.53
-0.06 -1.49 0.09 81.82 -2.02 -24.46
-0.07 -1.51 0.11 99.85 -0.73 -23.54
-0.07 -1.44 0.11 113.82 0.46 -25.44
-0.06 -1.36 0.11 122.70 1.34 -30.66
-0.06 -1.29 0.11 127.24 2.81 -37.10
-0.10 -1.27 0.13 131.51 2.21 -42.32
-0.11 -1.28 0.15 138.58 2.21 -43.68
-0.09 -1.26 0.16 146.53 3.05 -42.09
-0.07 -1.21 0.16 153.88 5.15 -40.23
-0.07 -1.14 0.17 157.83 6.37 -39.85
-0.09 -1.05 0.18 156.53 6.14 -42.82
-0.08 -0.99 0.20 151.56 5.69 -47.98
-0.09 -0.97 0.23 147.34 3.63 -54.43
-0.06 -0.93 0.24 143.85 4.12 -56.53
-0.06 -0.91 0.26 142.87 5.24 -54.85
-0.08 -0.84 0.28 140.34 4.46 -53.95
-0.07 -0.77 0.30 134.81 4.06 -53.48
-0.08 -0.71 0.33 128.93 1.51 -53.36
-0.07 -0.69 0.35 122.23 -0.34 -51.76
-0.07 -0.65 0.37 114.58 -1.69 -50.87
-0.07 -0.63 0.39 106.60 -3.83 -51.76
-0.07 -0.60 0.41 98.35 -6.89 -53.18
-0.07 -0.61 0.44 91.66 -10.09 -54.79
-0.02 -0.61 0.43 87.37 -10.26 -54.47
0.01 -0.61 0.44 85.28 -8.55 -52.95
0.03 -0.57 0.45 84.52 -5.69 -48.64
0.04 -0.51 0.44 83.63 -1.92 -41.68
0.03 -0.42 0.44 79.33 0.79 -34.27
0.02 -0.31 0.42 69.27 1.54 -29.51
0.01 -0.25 0.44 55.60 -0.98 -31.69
0.01 -0.22 0.44 38.92 -2.43 -32.79
-0.01 -0.30 0.47 27.92 -4.76 -34.11
-0.03 -0.38 0.50 24.18 -7.33 -32.67
0.00 -0.41 0.50 25.73 -8.14 -28.34
0.03 -0.38 0.50 28.17 -6.84 -22.17
0.04 -0.29 0.49 25.65 -6.32 -17.62
0.03 -0.19 0.47 13.82 -8.38 -18.12
0.04 -0.14 0.47 -3.91 -11.80 -22.26
0.09 -0.19 0.46 -19.91 -13.91 -24.56
0.13 -0.26 0.46 -29.62 -12.63 -23.50
0.11 -0.34 0.48 -33.71 -10.63 -20.49
0.12 -0.43 0.49 -30.75 -8.02 -14.27
0.10 -0.46 0.50 -24.49 -5.85 -6.81
0.11 -0.43 0.50 -20.85 -4.00 0.24
0.14 -0.40 0.48 -20.18 -1.04 7.04
0.15 -0.39 0.46 -20.72 3.44 14.11
0.12 -0.36 0.46 -22.89 7.04 20.24
0.12 -0.35 0.46 -26.55 10.06 25.57
0.07 -0.34 0.46 -31.60 10.20 27.97
0.05 -0.35 0.47 -38.06 9.15 29.24
0.05 -0.36 0.47 -44.43 9.04 30.31
0.03 -0.39 0.47 -50.69 7.89 30.93
0.04 -0.39 0.46 -58.38 6.73 31.74
0.06 -0.43 0.46 -65.21 6.98 34.05
0.05 -0.48 0.46 -70.82 8.14 38.24
0.05 -0.51 0.46 -73.77 9.97 44.82
0.06 -0.57 0.45 -73.33 13.18 53.62
0.03 -0.67 0.48 -67.51 15.60 60.69
0.02 -0.70 0.48 -58.92 16.72 65.95
0.04 -0.70 0.45 -49.95 20.32 71.56
0.01 -0.57 0.42 -48.47 21.10 70.82
0.00 -0.44 0.37 -60.96 18.17 62.73
0.02 -0.39 0.32 -80.00 15.39 52.49
0.07 -0.43 0.30 -97.11 15.60 46.61
0.03 -0.59 0.31 -103.25 19.36 49.74
-0.04 -0.82 0.37 -92.44 22.98 61.13
-0.11 -0.92 0.42 -72.79 25.77 72.14
-0.18 -0.79 0.41 -64.70 22.82 75.82
-0.14 -0.66 0.35 -71.63 19.85 72.52
-0.15 -0.58 0.31 -89.07 15.31 63.42
-0.12 -0.62 0.27 -110.38 11.25 53.63
-0.10 -0.75 0.27 -124.32 8.08 43.82
-0.08 -0.93 0.29 -126.61 6.61 35.85
-0.05 -1.12 0.31 -115.76 9.27 32.66
-0.06 -1.20 0.33 -96.43 14.43 35.50
-0.12 -1.13 0.34 -82.12 17.40 41.21
-0.16 -1.06 0.33 -75.40 17.33 46.23
-0.14 -0.99 0.29 -76.84 16.26 49.27
-0.12 -0.98 0.27 -80.66 17.13 50.78
-0.13 -1.01 0.26 -83.44 17.98 50.84
-0.18 -1.08 0.28 -81.37 16.44 47.10
-0.20 -1.11 0.28 -76.56 14.43 41.13
-0.22 -1.07 0.28 -74.82 10.43 34.76
