-0.16 -1.20 -0.07 10.09 -6.61 -8.60
-0.17 -1.26 -0.06 15.89 -9.45 -14.20
-0.15 -1.38 -0.04 25.50 -12.55 -21.94
-0.11 -1.50 -0.04 40.61 -12.52 -29.01
-0.14 -1.66 0.01 61.89 -16.17 -39.42
-0.07 -1.70 0.00 86.90 -14.96 -45.13
-0.01 -1.67 -0.03 112.35 -8.38 -44.56
-0.04 -1.56 -0.01 132.52 -2.18 -41.31
-0.07 -1.55 -0.00 149.02 -0.02 -42.43
-0.06 -1.50 -0.02 162.40 2.82 -43.18
-0.08 -1.45 0.01 172.02 5.28 -45.71
-0.12 -1.41 0.05 180.02 2.85 -51.98
-0.05 -1.35 0.05 186.53 5.15 -52.72
-0.05 -1.30 0.06 193.25 7.85 -54.63
-0.12 -1.32 0.10 198.09 7.08 -59.56
-0.06 -1.24 0.08 203.89 6.27 -61.68
0.04 -1.11 0.08 205.56 12.27 -54.78
0.03 -1.02 0.10 203.10 18.46 -47.01
-0.05 -1.04 0.15 201.57 19.73 -43.04
-0.07 -1.08 0.21 201.91 16.76 -47.19
-0.02 -1.11 0.22 206.06 16.87 -55.24
0.02 -0.99 0.22 207.02 20.89 -62.38
0.04 -0.86 0.21 205.21 25.47 -66.55
-0.05 -0.72 0.26 197.04 27.11 -64.96
-0.07 -0.67 0.28 190.85 25.74 -58.47
-0.07 -0.60 0.30 182.49 26.46 -50.96
-0.07 -0.56 0.32 174.14 25.92 -45.51
-0.09 -0.52 0.35 167.37 24.43 -43.51
-0.14 -0.48 0.38 160.37 21.19 -44.76
-0.15 -0.48 0.41 153.83 16.15 -48.46
-0.11 -0.40 0.42 145.97 12.87 -52.09
-0.10 -0.29 0.43 133.19 9.76 -53.76
-0.12 -0.25 0.46 119.30 5.33 -55.68
-0.12 -0.22 0.48 104.23 -0.05 -55.97
-0.11 -0.22 0.53 88.90 -6.12 -54.70
-0.04 -0.26 0.53 78.81 -6.46 -50.11
0.00 -0.31 0.54 74.87 -2.92 -38.99
-0.00 -0.34 0.57 75.95 1.39 -27.08
-0.06 -0.36 0.60 75.85 1.36 -22.60
-0.05 -0.40 0.61 75.15 -2.08 -26.03
-0.00 -0.35 0.61 71.37 -3.33 -32.70
0.04 -0.27 0.61 64.31 -2.55 -38.00
0.03 -0.22 0.60 56.46 -0.87 -38.35
0.03 -0.15 0.60 46.52 0.95 -34.75
-0.04 -0.13 0.64 36.38 -2.81 -29.31
-0.03 -0.18 0.66 29.08 -5.22 -21.66
0.02 -0.18 0.65 22.00 -5.68 -15.28
0.07 -0.16 0.63 15.13 -3.88 -10.95
0.08 -0.16 0.62 8.85 -1.31 -7.15
0.08 -0.17 0.61 4.31 1.22 -4.08
0.08 -0.14 0.59 -0.75 3.68 -2.60
0.08 -0.08 0.58 -7.36 5.94 -0.93
0.09 -0.05 0.56 -14.56 9.31 3.28
0.08 -0.01 0.54 -21.50 14.17 10.23
0.07 0.05 0.52 -30.41 19.05 18.87
0.03 0.12 0.51 -41.97 22.34 27.94
-0.03 0.18 0.49 -58.87 21.94 34.32
-0.08 0.19 0.49 -77.89 19.15 39.36
-0.10 0.16 0.47 -97.22 15.37 44.69
-0.14 0.11 0.48 -116.03 10.55 50.78
-0.13 0.04 0.45 -132.31 7.39 59.36
-0.10 -0.01 0.43 -146.85 6.76 68.11
-0.08 -0.12 0.41 -158.08 8.23 73.71
-0.07 -0.24 0.41 -164.95 9.85 75.19
-0.07 -0.33 0.39 -169.53 11.95 76.26
-0.12 -0.37 0.39 -173.94 12.43 76.05
-0.17 -0.38 0.39 -182.49 8.23 74.03
-0.16 -0.41 0.35 -193.63 3.86 71.65
-0.20 -0.47 0.35 -205.21 -2.21 69.51
-0.22 -0.65 0.36 -210.14 -8.92 66.56
-0.16 -0.78 0.34 -207.65 -11.36 65.10
-0.10 -0.82 0.31 -202.44 -9.76 64.15
-0.08 -0.80 0.29 -200.78 -7.19 63.60
-0.09 -0.83 0.27 -199.34 -5.18 62.56
-0.11 -0.82 0.23 -200.76 -4.78 63.21
-0.16 -0.94 0.24 -199.42 -6.90 65.56
-0.14 -1.05 0.24 -190.08 -7.54 69.97
-0.08 -1.11 0.21 -176.40 -4.79 75.48
-0.11 -1.16 0.21 -163.88 -3.33 75.13
-0.10 -1.18 0.19 -152.06 -3.71 66.69
-0.09 -1.13 0.16 -145.19 -2.61 54.23
-0.11 -1.08 0.14 -144.84 -1.62 43.36
-0.12 -1.09 0.13 -144.55 0.87 36.55
-0.17 -1.09 0.13 -144.46 0.81 31.44
-0.17 -1.13 0.12 -142.93 -0.24 27.56
-0.15 -1.19 0.11 -136.24 0.21 26.82
-0.21 -1.24 0.12 -126.06 -0.98 24.40
-0.25 -1.27 0.12 -118.05 -7.82 17.95
-0.18 -1.33 0.09 -107.34 -10.70 13.82
-0.14 -1.36 0.07 -95.63 -10.41 10.72
-0.10 -1.37 0.05 -86.03 -7.07 9.94
-0.07 -1.36 0.05 -74.41 -1.42 11.42
-0.07 -1.35 0.04 -62.20 4.32 15.36
-0.15 -1.31 0.05 -52.12 7.07 18.41
-0.21 -1.26 0.06 -46.98 4.70 17.25
-0.20 -1.28 0.05 -42.24 2.49 14.40
-0.19 -1.29 0.04 -37.33 0.87 10.38
-0.21 -1.33 0.05 -32.21 -1.42 5.76
-0.18 -1.34 0.06 -24.58 -1.88 3.44
-0.16 -1.35 0.05 -14.93 0.64 4.44
