-0.16 -0.95 -0.11 -5.71 -7.13 6.81
-0.16 -0.95 -0.10 -6.72 -7.68 8.02
-0.16 -0.96 -0.11 -7.74 -7.86 9.45
-0.18 -0.98 -0.10 -8.85 -8.87 9.82
-0.20 -1.02 -0.09 -8.61 -10.26 10.12
-0.23 -1.04 -0.09 -7.66 -12.64 11.76
-0.27 -1.03 -0.08 -7.36 -16.18 13.80
-0.25 -1.04 -0.09 -8.03 -19.60 17.36
-0.23 -1.07 -0.11 -7.45 -20.95 19.22
-0.21 -1.11 -0.12 -7.50 -22.43 16.72
-0.23 -1.15 -0.13 -7.04 -25.34 15.18
-0.19 -1.21 -0.16 -4.53 -27.28 16.93
-0.14 -1.30 -0.18 -1.19 -28.17 10.96
-0.08 -1.33 -0.24 -1.22 -26.58 7.42
0.00 -1.46 -0.26 5.08 -20.34 6.40
0.03 -1.56 -0.26 17.04 -13.98 5.51
-0.01 -1.61 -0.24 31.76 -9.40 0.81
-0.04 -1.60 -0.21 46.24 -6.76 -4.52
-0.06 -1.59 -0.21 62.20 -2.98 -3.36
-0.08 -1.52 -0.20 78.32 0.82 2.08
-0.10 -1.41 -0.21 88.50 3.77 1.47
-0.09 -1.30 -0.21 90.02 5.83 -3.94
-0.08 -1.22 -0.19 86.14 7.85 -14.06
-0.11 -1.15 -0.19 78.44 8.49 -25.95
-0.08 -1.15 -0.17 70.52 9.05 -36.03
-0.05 -1.17 -0.18 65.65 12.95 -39.60
-0.05 -1.25 -0.14 67.28 16.00 -42.34
-0.05 -1.29 -0.12 75.34 19.36 -42.50
-0.12 -1.29 -0.09 83.27 20.81 -42.23
-0.13 -1.28 -0.06 94.20 22.29 -36.06
-0.15 -1.23 -0.05 104.72 21.79 -31.10
-0.13 -1.12 -0.06 107.98 22.05 -34.46
-0.11 -1.01 -0.05 102.29 22.37 -44.08
-0.09 -0.97 -0.04 92.00 23.91 -55.76
-0.12 -0.95 0.00 83.50 25.50 -65.42
-0.18 -1.00 0.06 79.42 25.86 -69.48
-0.22 -1.00 0.09 80.17 24.52 -68.72
-0.23 -1.01 0.14 82.96 22.75 -64.72
-0.24 -1.01 0.15 89.68 20.31 -57.68
-0.24 -0.97 0.18 95.28 17.21 -49.91
-0.18 -0.95 0.17 100.41 14.52 -48.09
-0.15 -0.85 0.16 99.34 13.25 -53.68
-0.13 -0.78 0.16 90.78 10.90 -63.07
-0.07 -0.78 0.16 82.29 12.26 -73.25
-0.08 -0.79 0.19 76.67 14.06 -78.21
-0.12 -0.84 0.24 77.28 14.95 -75.47
-0.17 -0.88 0.27 86.82 14.73 -62.32
-0.21 -0.80 0.28 93.30 11.39 -54.38
-0.19 -0.75 0.27 89.86 5.62 -52.27
-0.11 -0.79 0.27 86.55 2.95 -56.75
-0.05 -0.83 0.29 85.62 2.81 -63.48
-0.02 -0.84 0.29 89.28 4.63 -67.37
-0.02 -0.79 0.29 93.91 6.92 -68.17
-0.06 -0.70 0.30 94.02 6.15 -67.65
-0.06 -0.63 0.32 89.40 3.73 -66.34
-0.02 -0.63 0.34 86.00 2.84 -64.32
0.01 -0.63 0.35 83.36 2.90 -63.51
0.03 -0.63 0.35 83.83 4.32 -59.82
0.02 -0.61 0.38 86.23 4.46 -55.08
0.02 -0.58 0.39 88.35 2.95 -49.76
0.05 -0.50 0.39 88.00 2.46 -47.77
0.05 -0.37 0.40 80.17 0.95 -46.26
0.09 -0.30 0.40 67.60 0.29 -46.87
0.11 -0.29 0.41 55.36 -0.37 -45.76
0.14 -0.31 0.44 45.77 0.08 -43.48
0.15 -0.29 0.43 38.55 0.73 -40.17
0.14 -0.28 0.45 30.47 0.20 -36.24
0.17 -0.29 0.45 24.43 0.99 -31.24
0.19 -0.28 0.45 18.44 2.26 -25.94
0.20 -0.27 0.47 12.29 3.95 -21.42
0.21 -0.24 0.47 3.89 5.44 -19.57
0.20 -0.24 0.47 -5.92 5.98 -17.77
0.21 -0.30 0.47 -10.20 7.79 -10.34
0.18 -0.34 0.50 -8.58 9.42 0.15
0.17 -0.33 0.50 -7.47 9.57 10.15
0.19 -0.30 0.50 -6.76 10.17 20.11
0.19 -0.24 0.48 -8.46 11.92 27.51
0.18 -0.15 0.46 -18.50 12.32 28.70
0.19 -0.13 0.44 -34.31 12.95 28.67
0.19 -0.14 0.42 -52.70 13.98 23.36
0.18 -0.19 0.42 -71.86 14.43 14.17
0.17 -0.31 0.42 -85.79 14.78 8.31
0.13 -0.45 0.45 -88.93 13.79 10.70
0.13 -0.55 0.44 -81.73 14.18 18.32
0.07 -0.46 0.41 -85.53 12.55 21.16
0.07 -0.53 0.40 -89.40 9.27 27.01
0.10 -0.59 0.37 -93.80 8.95 32.02
0.11 -0.69 0.39 -90.93 9.86 40.11
0.10 -0.81 0.40 -81.48 11.69 49.91
0.10 -0.82 0.40 -68.02 13.59 59.34
0.06 -0.67 0.34 -62.46 13.50 59.82
0.04 -0.55 0.33 -75.77 11.07 54.24
0.04 -0.60 0.30 -90.67 8.96 49.40
0.01 -0.71 0.30 -99.89 7.66 48.12
0.01 -0.87 0.33 -99.08 7.91 51.01
0.02 -1.02 0.35 -85.56 10.20 62.81
0.01 -1.08 0.38 -58.21 13.50 82.32
-0.06 -1.00 0.40 -28.09 14.66 100.66
-0.09 -0.66 0.31 -20.93 13.56 106.47
-0.07 -0.47 0.25 -36.14 11.19 102.76
