-0.19 -0.95 -0.11 -2.05 2.72 0.53
-0.19 -0.94 -0.11 -1.60 1.89 1.45
-0.19 -0.95 -0.11 -1.19 1.24 1.77
-0.18 -0.95 -0.11 -1.19 1.25 2.12
-0.20 -0.93 -0.12 -2.14 0.27 2.50
-0.19 -0.93 -0.11 -3.05 -0.61 2.70
-0.19 -0.96 -0.12 -3.31 -1.01 3.37
-0.20 -0.97 -0.10 -3.98 -2.47 3.01
-0.20 -0.99 -0.11 -3.82 -2.69 3.11
-0.22 -1.01 -0.12 -3.33 -4.47 3.48
-0.21 -1.04 -0.12 -2.00 -5.76 4.35
-0.20 -1.08 -0.13 -0.58 -6.32 2.64
-0.19 -1.08 -0.14 -0.66 -7.79 -0.21
-0.13 -1.11 -0.17 0.64 -4.79 -1.39
-0.15 -1.13 -0.17 2.31 -3.97 -3.68
-0.18 -1.16 -0.17 3.89 -4.73 -6.56
-0.20 -1.19 -0.20 6.02 -5.76 -7.89
-0.16 -1.30 -0.18 10.99 -5.48 -5.05
-0.15 -1.34 -0.21 21.45 -4.75 -3.95
-0.13 -1.37 -0.21 29.07 -2.69 -4.67
-0.11 -1.36 -0.21 37.53 0.31 -7.66
-0.11 -1.30 -0.21 41.37 2.82 -12.82
-0.11 -1.26 -0.21 44.02 4.56 -17.28
-0.12 -1.24 -0.20 46.84 6.46 -19.01
-0.14 -1.22 -0.19 49.13 7.83 -20.66
-0.15 -1.21 -0.18 50.12 8.60 -22.82
-0.13 -1.20 -0.18 51.65 10.34 -24.56
-0.14 -1.19 -0.15 53.68 12.05 -24.27
-0.16 -1.22 -0.14 58.41 12.84 -22.90
-0.19 -1.23 -0.10 64.89 12.18 -22.67
-0.17 -1.19 -0.09 70.93 11.92 -24.43
-0.14 -1.13 -0.09 73.08 13.31 -26.99
-0.15 -1.03 -0.11 70.12 13.86 -31.77
-0.13 -0.99 -0.10 63.13 14.79 -36.89
-0.13 -0.98 -0.10 56.08 16.72 -42.21
-0.13 -1.01 -0.07 51.04 17.11 -46.79
-0.12 -1.03 -0.06 49.24 18.99 -49.76
-0.13 -1.03 -0.04 47.73 19.85 -51.57
-0.13 -1.04 -0.01 47.59 20.58 -52.69
-0.15 -1.05 0.01 50.32 20.67 -51.91
-0.15 -1.04 0.04 52.82 19.83 -52.61
-0.12 -1.02 0.02 54.92 19.86 -53.71
-0.10 -0.97 0.02 54.14 21.48 -55.47
-0.10 -0.94 0.03 50.72 21.80 -58.69
-0.11 -0.93 0.04 46.31 20.92 -60.72
-0.11 -0.94 0.06 44.17 20.66 -61.18
-0.10 -0.94 0.10 44.23 20.70 -59.73
-0.09 -0.92 0.11 44.64 19.82 -58.53
-0.09 -0.88 0.11 42.63 18.75 -59.48
-0.04 -0.88 0.11 40.05 18.40 -61.37
-0.03 -0.90 0.11 39.37 19.71 -60.08
-0.04 -0.92 0.14 41.57 19.53 -57.74
-0.03 -0.91 0.13 44.11 19.92 -53.53
-0.03 -0.90 0.16 48.61 19.97 -47.97
-0.02 -0.84 0.18 51.51 19.69 -43.33
-0.02 -0.79 0.18 51.28 18.29 -41.50
-0.02 -0.73 0.16 47.65 16.92 -42.99
-0.00 -0.70 0.18 41.56 15.47 -45.19
0.02 -0.68 0.18 36.70 16.03 -46.38
-0.00 -0.67 0.21 31.57 14.84 -46.70
-0.01 -0.68 0.22 28.67 13.04 -44.84
-0.01 -0.66 0.23 26.47 11.95 -41.79
-0.02 -0.63 0.24 24.66 10.56 -36.79
-0.01 -0.60 0.25 22.78 9.63 -30.03
-0.02 -0.58 0.25 20.85 8.20 -23.30
-0.01 -0.56 0.26 18.09 6.41 -19.07
0.02 -0.54 0.26 15.36 5.68 -13.80
0.03 -0.53 0.25 10.43 4.82 -10.98
0.03 -0.52 0.26 6.15 4.03 -8.79
0.03 -0.51 0.27 2.35 3.40 -5.07
-0.01 -0.51 0.28 1.42 2.12 2.37
-0.03 -0.49 0.29 2.11 0.08 12.31
-0.02 -0.45 0.28 0.69 -1.98 21.36
0.01 -0.44 0.27 -3.31 -3.04 26.79
0.04 -0.44 0.24 -9.31 -3.22 29.50
0.05 -0.45 0.22 -16.75 -2.66 29.30
0.05 -0.45 0.21 -25.27 -2.00 29.27
0.06 -0.50 0.20 -32.32 -1.27 30.20
0.04 -0.55 0.19 -38.00 -0.84 31.97
0.03 -0.61 0.20 -41.30 -0.93 34.76
0.01 -0.67 0.19 -42.15 -1.97 38.96
0.05 -0.73 0.16 -42.61 -1.89 41.86
0.05 -0.78 0.17 -41.65 0.05 45.63
0.06 -0.84 0.17 -39.33 1.21 48.40
0.04 -0.90 0.19 -32.46 3.47 52.85
-0.03 -0.92 0.21 -23.16 3.04 61.05
-0.04 -0.91 0.20 -13.07 2.78 69.59
-0.02 -0.82 0.16 -10.35 3.24 71.83
0.02 -0.79 0.13 -15.56 4.37 69.77
0.03 -0.79 0.11 -23.40 7.07 62.66
0.03 -0.86 0.12 -30.47 8.76 55.60
-0.00 -0.95 0.15 -31.11 10.96 53.50
-0.06 -1.03 0.20 -23.59 11.24 57.91
-0.11 -1.05 0.22 -10.49 10.15 67.63
-0.10 -0.96 0.17 -1.91 11.15 74.60
-0.08 -0.89 0.15 -3.19 11.56 78.44
-0.05 -0.87 0.11 -8.40 13.92 75.60
-0.05 -0.86 0.12 -17.42 15.76 68.58
-0.07 -0.90 0.13 -24.02 16.90 60.92
-0.11 -0.97 0.15 -23.16 18.35 55.16
